-1.7e+07	-82.88
-1.65e+07	-82.874
-1.6e+07	-82.071
-1.55e+07	-67.322
-1.5e+07	-55.849
-1.45e+07	-47.466
-1.4e+07	-40.947
-1.35e+07	-35.814
-1.3e+07	-31.784
-1.25e+07	-28.723
-1.2e+07	-26.37
-1.15e+07	-24.706
-1.1e+07	-23.578
-1.05e+07	-22.869
-1e+07	-22.615
-9.5e+06	-22.272
-9e+06	-22.242
-8.5e+06	-22.117
-8e+06	-22.127
-7.5e+06	-22.061
-7e+06	-22.04
-6.5e+06	-22.025
-6e+06	-22.014
-5.5e+06	-22.246
-5e+06	-22.237
-4.5e+06	-22.23
-4e+06	-22.223
-3.5e+06	-22.219
-3e+06	-22.217
-2.5e+06	-22.211
-2e+06	-22.209
-1.5e+06	-22.203
-1e+06	-22.202
-5e+05	-22.198
0	-22.096
5e+05	-22.205
1e+06	-22.214
1.5e+06	-22.221
2e+06	-22.23
2.5e+06	-22.24
3e+06	-22.246
3.5e+06	-22.248
4e+06	-22.267
4.5e+06	-22.281
5e+06	-22.29
5.5e+06	-22.306
6e+06	-22.321
6.5e+06	-22.338
7e+06	-22.36
7.5e+06	-22.387
8e+06	-22.417
8.5e+06	-22.454
9e+06	-22.507
9.5e+06	-22.609
1e+07	-22.822
1.05e+07	-23.235
1.1e+07	-23.949
1.15e+07	-25.083
1.2e+07	-26.757
1.25e+07	-29.129
1.3e+07	-32.189
1.35e+07	-36.226
1.4e+07	-41.361
1.45e+07	-47.874
1.5e+07	-56.394
1.55e+07	-67.779
1.6e+07	-82.735
1.65e+07	-84.065
1.7e+07	-84.825
