-1.7e+07	-81.511
-1.65e+07	-81.06
-1.6e+07	-66.069
-1.55e+07	-47.77
-1.5e+07	-36.332
-1.45e+07	-27.943
-1.4e+07	-21.397
-1.35e+07	-16.194
-1.3e+07	-12.112
-1.25e+07	-9.0291
-1.2e+07	-6.6739
-1.15e+07	-5.0129
-1.1e+07	-3.8938
-1.05e+07	-3.1951
-1e+07	-2.7988
-9.5e+06	-2.5992
-9e+06	-2.5914
-8.5e+06	-2.5468
-8e+06	-2.5163
-7.5e+06	-2.491
-7e+06	-2.4709
-6.5e+06	-2.4556
-6e+06	-2.4454
-5.5e+06	-2.4361
-5e+06	-2.4292
-4.5e+06	-2.4233
-4e+06	-2.4193
-3.5e+06	-2.4154
-3e+06	-2.4128
-2.5e+06	-2.4097
-2e+06	-2.4076
-1.5e+06	-2.4046
-1e+06	-2.4037
-5e+05	-2.402
0	-2.304
5e+05	-2.4114
1e+06	-2.4216
1.5e+06	-2.4311
2e+06	-2.4417
2.5e+06	-2.4522
3e+06	-2.463
3.5e+06	-2.4741
4e+06	-2.4858
4.5e+06	-2.4979
5e+06	-2.5123
5.5e+06	-2.5289
6e+06	-2.5456
6.5e+06	-2.5647
7e+06	-2.5882
7.5e+06	-2.6158
8e+06	-2.649
8.5e+06	-2.6867
9e+06	-2.7411
9.5e+06	-2.8435
1e+07	-3.0527
1.05e+07	-3.4574
1.1e+07	-4.1653
1.15e+07	-5.2935
1.2e+07	-6.9638
1.25e+07	-9.3328
1.3e+07	-12.419
1.35e+07	-16.47
1.4e+07	-21.637
1.45e+07	-28.208
1.5e+07	-36.695
1.55e+07	-48.14
1.6e+07	-66.42
1.65e+07	-82.73
1.7e+07	-82.403
