-1.7e+07	-83.384
-1.65e+07	-82.534
-1.6e+07	-70.728
-1.55e+07	-52.433
-1.5e+07	-40.917
-1.45e+07	-32.489
-1.4e+07	-25.947
-1.35e+07	-20.816
-1.3e+07	-16.794
-1.25e+07	-13.723
-1.2e+07	-11.365
-1.15e+07	-9.6985
-1.1e+07	-8.5704
-1.05e+07	-7.8595
-1e+07	-7.356
-9.5e+06	-7.147
-9e+06	-7.1491
-8.5e+06	-7.1016
-8e+06	-7.07
-7.5e+06	-7.0433
-7e+06	-7.0206
-6.5e+06	-7.0032
-6e+06	-6.9932
-5.5e+06	-7.056
-5e+06	-7.0459
-4.5e+06	-7.0365
-4e+06	-7.03
-3.5e+06	-7.0243
-3e+06	-7.0208
-2.5e+06	-7.0156
-2e+06	-7.0107
-1.5e+06	-7.006
-1e+06	-7.0029
-5e+05	-6.9981
0	-6.8908
5e+05	-7.0039
1e+06	-7.0123
1.5e+06	-7.0207
2e+06	-7.0299
2.5e+06	-7.0392
3e+06	-7.0381
3.5e+06	-7.0366
4e+06	-7.0661
4.5e+06	-7.0778
5e+06	-7.0902
5.5e+06	-7.1041
6e+06	-7.1191
6.5e+06	-7.1355
7e+06	-7.1583
7.5e+06	-7.1851
8e+06	-7.2158
8.5e+06	-7.2527
9e+06	-7.3057
9.5e+06	-7.4076
1e+07	-7.6202
1.05e+07	-8.0303
1.1e+07	-8.7458
1.15e+07	-9.8795
1.2e+07	-11.551
1.25e+07	-13.929
1.3e+07	-16.989
1.35e+07	-21.018
1.4e+07	-26.157
1.45e+07	-32.689
1.5e+07	-41.15
1.55e+07	-52.646
1.6e+07	-70.942
1.65e+07	-82.619
1.7e+07	-83.984
