-1.7e+07	-84.35
-1.65e+07	-83.998
-1.6e+07	-83.191
-1.55e+07	-68.414
-1.5e+07	-57.095
-1.45e+07	-48.588
-1.4e+07	-42.059
-1.35e+07	-36.933
-1.3e+07	-32.91
-1.25e+07	-29.85
-1.2e+07	-27.498
-1.15e+07	-25.831
-1.1e+07	-24.701
-1.05e+07	-23.991
-1e+07	-23.583
-9.5e+06	-23.376
-9e+06	-23.281
-8.5e+06	-23.232
-8e+06	-23.201
-7.5e+06	-23.175
-7e+06	-23.094
-6.5e+06	-23.014
-6e+06	-23.071
-5.5e+06	-23.123
-5e+06	-23.112
-4.5e+06	-23.102
-4e+06	-23.099
-3.5e+06	-23.095
-3e+06	-23.09
-2.5e+06	-23.087
-2e+06	-23.084
-1.5e+06	-23.08
-1e+06	-23.078
-5e+05	-23.074
0	-22.968
5e+05	-23.023
1e+06	-22.975
1.5e+06	-22.981
2e+06	-22.991
2.5e+06	-23.003
3e+06	-23.013
3.5e+06	-23.023
4e+06	-22.982
4.5e+06	-22.947
5e+06	-22.959
5.5e+06	-23.097
6e+06	-23.213
6.5e+06	-23.231
7e+06	-23.254
7.5e+06	-23.28
8e+06	-23.315
8.5e+06	-23.354
9e+06	-23.407
9.5e+06	-23.51
1e+07	-23.726
1.05e+07	-24.139
1.1e+07	-24.858
1.15e+07	-25.999
1.2e+07	-27.676
1.25e+07	-30.048
1.3e+07	-33.11
1.35e+07	-37.128
1.4e+07	-42.269
1.45e+07	-48.845
1.5e+07	-57.32
1.55e+07	-68.697
1.6e+07	-83.467
1.65e+07	-85.26
1.7e+07	-84.926
