-1.7e+07	-80.539
-1.65e+07	-81.695
-1.6e+07	-72.199
-1.55e+07	-53.853
-1.5e+07	-42.312
-1.45e+07	-33.876
-1.4e+07	-27.359
-1.35e+07	-22.231
-1.3e+07	-18.214
-1.25e+07	-15.155
-1.2e+07	-12.795
-1.15e+07	-11.128
-1.1e+07	-9.998
-1.05e+07	-9.2885
-1e+07	-8.8815
-9.5e+06	-8.6749
-9e+06	-8.5784
-8.5e+06	-8.5321
-8e+06	-8.5019
-7.5e+06	-8.4765
-7e+06	-8.3277
-6.5e+06	-8.1005
-6e+06	-8.27
-5.5e+06	-8.4236
-5e+06	-8.4157
-4.5e+06	-8.4098
-4e+06	-8.4047
-3.5e+06	-8.4009
-3e+06	-8.3987
-2.5e+06	-8.3966
-2e+06	-8.3941
-1.5e+06	-8.3936
-1e+06	-8.3901
-5e+05	-8.3872
0	-8.2842
5e+05	-8.2715
1e+06	-8.0709
1.5e+06	-8.0805
2e+06	-8.0914
2.5e+06	-8.1022
3e+06	-8.1122
3.5e+06	-8.1235
4e+06	-8.2172
4.5e+06	-8.1654
5e+06	-8.1796
5.5e+06	-8.3662
6e+06	-8.5267
6.5e+06	-8.546
7e+06	-8.5679
7.5e+06	-8.5968
8e+06	-8.63
8.5e+06	-8.6676
9e+06	-8.7228
9.5e+06	-8.8269
1e+07	-9.0418
1.05e+07	-9.4551
1.1e+07	-10.175
1.15e+07	-11.312
1.2e+07	-12.988
1.25e+07	-15.368
1.3e+07	-18.424
1.35e+07	-22.447
1.4e+07	-27.584
1.45e+07	-34.116
1.5e+07	-42.598
1.55e+07	-53.903
1.6e+07	-72.236
1.65e+07	-80.965
1.7e+07	-81.153
