-1.7e+07	-83.169
-1.65e+07	-81.777
-1.6e+07	-67.891
-1.55e+07	-49.714
-1.5e+07	-38.277
-1.45e+07	-29.82
-1.4e+07	-23.273
-1.35e+07	-18.123
-1.3e+07	-14.088
-1.25e+07	-11.018
-1.2e+07	-8.6488
-1.15e+07	-6.9836
-1.1e+07	-5.8581
-1.05e+07	-5.1522
-1e+07	-4.7501
-9.5e+06	-4.5439
-9e+06	-4.4472
-8.5e+06	-4.3989
-8e+06	-4.3663
-7.5e+06	-4.3393
-7e+06	-4.3169
-6.5e+06	-4.2998
-6e+06	-4.2871
-5.5e+06	-4.2758
-5e+06	-4.2665
-4.5e+06	-4.2581
-4e+06	-4.2528
-3.5e+06	-4.2477
-3e+06	-4.2431
-2.5e+06	-4.2395
-2e+06	-4.2349
-1.5e+06	-4.2305
-1e+06	-4.2279
-5e+05	-4.224
0	-4.1222
5e+05	-4.2294
1e+06	-4.2372
1.5e+06	-4.2437
2e+06	-4.2516
2.5e+06	-4.255
3e+06	-4.2688
3.5e+06	-4.2777
4e+06	-4.2869
4.5e+06	-4.2973
5e+06	-4.3097
5.5e+06	-4.3236
6e+06	-4.3384
6.5e+06	-4.3554
7e+06	-4.3769
7.5e+06	-4.4036
8e+06	-4.4348
8.5e+06	-4.4709
9e+06	-4.5247
9.5e+06	-4.6262
1e+07	-4.8367
1.05e+07	-5.2441
1.1e+07	-5.9555
1.15e+07	-7.0858
1.2e+07	-8.7577
1.25e+07	-11.135
1.3e+07	-14.206
1.35e+07	-18.252
1.4e+07	-23.407
1.45e+07	-29.958
1.5e+07	-38.436
1.55e+07	-49.852
1.6e+07	-67.891
1.65e+07	-83.185
1.7e+07	-83.958
