-1.7e+07	-83.724
-1.65e+07	-83.459
-1.6e+07	-78.714
-1.55e+07	-62.421
-1.5e+07	-50.946
-1.45e+07	-42.575
-1.4e+07	-36.013
-1.35e+07	-30.818
-1.3e+07	-26.748
-1.25e+07	-23.661
-1.2e+07	-21.308
-1.15e+07	-19.648
-1.1e+07	-18.528
-1.05e+07	-17.827
-1e+07	-17.428
-9.5e+06	-17.229
-9e+06	-17.222
-8.5e+06	-17.175
-8e+06	-17.145
-7.5e+06	-17.119
-7e+06	-17.099
-6.5e+06	-17.085
-6e+06	-17.075
-5.5e+06	-17.066
-5e+06	-17.059
-4.5e+06	-17.054
-4e+06	-17.05
-3.5e+06	-17.046
-3e+06	-17.044
-2.5e+06	-17.042
-2e+06	-17.041
-1.5e+06	-17.038
-1e+06	-17.038
-5e+05	-17.037
0	-16.939
5e+05	-17.046
1e+06	-17.058
1.5e+06	-17.068
2e+06	-17.079
2.5e+06	-17.091
3e+06	-17.104
3.5e+06	-17.114
4e+06	-17.128
4.5e+06	-17.141
5e+06	-17.155
5.5e+06	-17.172
6e+06	-17.19
6.5e+06	-17.208
7e+06	-17.233
7.5e+06	-17.261
8e+06	-17.296
8.5e+06	-17.335
9e+06	-17.387
9.5e+06	-17.491
1e+07	-17.702
1.05e+07	-18.109
1.1e+07	-18.821
1.15e+07	-19.951
1.2e+07	-21.624
1.25e+07	-23.988
1.3e+07	-27.074
1.35e+07	-31.113
1.4e+07	-36.283
1.45e+07	-42.855
1.5e+07	-51.356
1.55e+07	-62.759
1.6e+07	-80.854
1.65e+07	-83.226
1.7e+07	-83.565
