-1.7e+07	-83.929
-1.65e+07	-84.058
-1.6e+07	-81.745
-1.55e+07	-66.73
-1.5e+07	-55.229
-1.45e+07	-46.747
-1.4e+07	-40.208
-1.35e+07	-35.082
-1.3e+07	-31.06
-1.25e+07	-27.996
-1.2e+07	-25.64
-1.15e+07	-23.977
-1.1e+07	-22.852
-1.05e+07	-22.141
-1e+07	-21.736
-9.5e+06	-21.53
-9e+06	-21.435
-8.5e+06	-21.388
-8e+06	-21.358
-7.5e+06	-21.331
-7e+06	-21.309
-6.5e+06	-21.293
-6e+06	-21.281
-5.5e+06	-21.272
-5e+06	-21.263
-4.5e+06	-21.255
-4e+06	-21.25
-3.5e+06	-21.244
-3e+06	-21.239
-2.5e+06	-21.237
-2e+06	-21.232
-1.5e+06	-21.229
-1e+06	-21.223
-5e+05	-21.219
0	-21.096
5e+05	-21.227
1e+06	-21.235
1.5e+06	-21.245
2e+06	-21.252
2.5e+06	-21.262
3e+06	-21.272
3.5e+06	-21.281
4e+06	-21.291
4.5e+06	-21.301
5e+06	-21.315
5.5e+06	-21.33
6e+06	-21.347
6.5e+06	-21.362
7e+06	-21.385
7.5e+06	-21.412
8e+06	-21.444
8.5e+06	-21.481
9e+06	-21.534
9.5e+06	-21.638
1e+07	-21.851
1.05e+07	-22.263
1.1e+07	-22.976
1.15e+07	-24.11
1.2e+07	-25.774
1.25e+07	-28.14
1.3e+07	-31.2
1.35e+07	-35.253
1.4e+07	-40.42
1.45e+07	-46.969
1.5e+07	-55.429
1.55e+07	-66.739
1.6e+07	-82.846
1.65e+07	-85.151
1.7e+07	-85.39
