-1.7e+07	-83.77
-1.65e+07	-83.637
-1.6e+07	-80.095
-1.55e+07	-63.813
-1.5e+07	-52.408
-1.45e+07	-43.949
-1.4e+07	-37.389
-1.35e+07	-32.236
-1.3e+07	-28.207
-1.25e+07	-25.135
-1.2e+07	-22.776
-1.15e+07	-21.112
-1.1e+07	-19.987
-1.05e+07	-19.283
-1e+07	-18.881
-9.5e+06	-18.677
-9e+06	-18.581
-8.5e+06	-18.534
-8e+06	-18.502
-7.5e+06	-18.476
-7e+06	-18.456
-6.5e+06	-18.44
-6e+06	-18.428
-5.5e+06	-18.417
-5e+06	-18.409
-4.5e+06	-18.402
-4e+06	-18.396
-3.5e+06	-18.392
-3e+06	-18.388
-2.5e+06	-18.383
-2e+06	-18.38
-1.5e+06	-18.376
-1e+06	-18.372
-5e+05	-18.369
0	-18.27
5e+05	-18.377
1e+06	-18.389
1.5e+06	-18.399
2e+06	-18.41
2.5e+06	-18.422
3e+06	-18.434
3.5e+06	-18.443
4e+06	-18.457
4.5e+06	-18.471
5e+06	-18.485
5.5e+06	-18.501
6e+06	-18.516
6.5e+06	-18.534
7e+06	-18.556
7.5e+06	-18.583
8e+06	-18.615
8.5e+06	-18.652
9e+06	-18.707
9.5e+06	-18.81
1e+07	-19.021
1.05e+07	-19.429
1.1e+07	-20.14
1.15e+07	-21.271
1.2e+07	-22.944
1.25e+07	-25.32
1.3e+07	-28.391
1.35e+07	-32.435
1.4e+07	-37.593
1.45e+07	-44.175
1.5e+07	-52.589
1.55e+07	-63.919
1.6e+07	-81.231
1.65e+07	-83.193
1.7e+07	-83.166
