-1.7e+07	-84.548
-1.65e+07	-83.994
-1.6e+07	-82.661
-1.55e+07	-65.645
-1.5e+07	-54.089
-1.45e+07	-45.66
-1.4e+07	-39.134
-1.35e+07	-33.992
-1.3e+07	-29.964
-1.25e+07	-26.901
-1.2e+07	-24.534
-1.15e+07	-22.878
-1.1e+07	-21.75
-1.05e+07	-21.042
-1e+07	-20.642
-9.5e+06	-20.436
-9e+06	-20.336
-8.5e+06	-20.291
-8e+06	-20.258
-7.5e+06	-20.232
-7e+06	-20.211
-6.5e+06	-20.197
-6e+06	-20.184
-5.5e+06	-20.175
-5e+06	-20.167
-4.5e+06	-20.16
-4e+06	-20.155
-3.5e+06	-19.88
-3e+06	-19.878
-2.5e+06	-19.873
-2e+06	-19.867
-1.5e+06	-19.862
-1e+06	-19.858
-5e+05	-19.853
0	-19.73
5e+05	-19.859
1e+06	-20.148
1.5e+06	-20.157
2e+06	-20.164
2.5e+06	-20.175
3e+06	-20.187
3.5e+06	-20.198
4e+06	-20.206
4.5e+06	-20.219
5e+06	-20.232
5.5e+06	-20.246
6e+06	-20.263
6.5e+06	-20.281
7e+06	-20.304
7.5e+06	-20.331
8e+06	-20.239
8.5e+06	-20.197
9e+06	-20.287
9.5e+06	-20.35
1e+07	-20.561
1.05e+07	-20.971
1.1e+07	-21.682
1.15e+07	-22.816
1.2e+07	-24.489
1.25e+07	-26.863
1.3e+07	-29.932
1.35e+07	-33.972
1.4e+07	-39.122
1.45e+07	-45.647
1.5e+07	-54.166
1.55e+07	-65.777
1.6e+07	-80.989
1.65e+07	-83.356
1.7e+07	-85.919
