-1.7e+07	-82.297
-1.65e+07	-82.535
-1.6e+07	-68.618
-1.55e+07	-50.826
-1.5e+07	-39.344
-1.45e+07	-30.871
-1.4e+07	-24.332
-1.35e+07	-19.193
-1.3e+07	-15.16
-1.25e+07	-12.095
-1.2e+07	-9.7244
-1.15e+07	-8.0678
-1.1e+07	-6.9404
-1.05e+07	-6.2341
-1e+07	-5.8326
-9.5e+06	-5.6266
-9e+06	-5.5301
-8.5e+06	-5.4823
-8e+06	-5.4514
-7.5e+06	-5.4273
-7e+06	-5.4058
-6.5e+06	-5.3892
-6e+06	-5.3766
-5.5e+06	-5.3684
-5e+06	-5.3589
-4.5e+06	-5.351
-4e+06	-5.3485
-3.5e+06	-5.0726
-3e+06	-5.0693
-2.5e+06	-5.0645
-2e+06	-5.0591
-1.5e+06	-5.0538
-1e+06	-5.0496
-5e+05	-5.0441
0	-4.9203
5e+05	-5.0482
1e+06	-5.3386
1.5e+06	-5.3459
2e+06	-5.3564
2.5e+06	-5.3657
3e+06	-5.377
3.5e+06	-5.3864
4e+06	-5.3965
4.5e+06	-5.4083
5e+06	-5.4207
5.5e+06	-5.4362
6e+06	-5.4515
6.5e+06	-5.4691
7e+06	-5.4918
7.5e+06	-5.5202
8e+06	-5.4284
8.5e+06	-5.3853
9e+06	-5.4767
9.5e+06	-5.5387
1e+07	-5.7499
1.05e+07	-6.1592
1.1e+07	-6.8713
1.15e+07	-8.0028
1.2e+07	-9.6757
1.25e+07	-12.051
1.3e+07	-15.122
1.35e+07	-19.161
1.4e+07	-24.308
1.45e+07	-30.864
1.5e+07	-39.318
1.55e+07	-50.892
1.6e+07	-69.225
1.65e+07	-82.224
1.7e+07	-83.494
