-1.7e+07	-82.528
-1.65e+07	-81.594
-1.6e+07	-70.098
-1.55e+07	-51.918
-1.5e+07	-40.517
-1.45e+07	-32.047
-1.4e+07	-25.52
-1.35e+07	-20.395
-1.3e+07	-16.37
-1.25e+07	-13.303
-1.2e+07	-10.943
-1.15e+07	-9.2764
-1.1e+07	-8.1488
-1.05e+07	-7.4399
-1e+07	-7.0377
-9.5e+06	-6.8308
-9e+06	-6.7343
-8.5e+06	-6.6863
-8e+06	-6.6548
-7.5e+06	-6.6297
-7e+06	-6.6085
-6.5e+06	-6.5931
-6e+06	-6.5806
-5.5e+06	-6.5711
-5e+06	-6.5619
-4.5e+06	-6.5539
-4e+06	-6.5482
-3.5e+06	-6.5442
-3e+06	-6.5404
-2.5e+06	-6.5357
-2e+06	-6.5324
-1.5e+06	-6.5292
-1e+06	-6.5259
-5e+05	-6.522
0	-6.4007
5e+05	-6.533
1e+06	-6.5391
1.5e+06	-6.5499
2e+06	-6.5577
2.5e+06	-6.5682
3e+06	-6.5786
3.5e+06	-6.5884
4e+06	-6.5989
4.5e+06	-6.6108
5e+06	-6.6245
5.5e+06	-6.6397
6e+06	-6.6559
6.5e+06	-6.674
7e+06	-6.6972
7.5e+06	-6.7253
8e+06	-6.7578
8.5e+06	-6.7961
9e+06	-6.8501
9.5e+06	-6.9538
1e+07	-7.167
1.05e+07	-7.5794
1.1e+07	-8.2948
1.15e+07	-9.4313
1.2e+07	-11.101
1.25e+07	-13.473
1.3e+07	-16.537
1.35e+07	-20.585
1.4e+07	-25.727
1.45e+07	-32.269
1.5e+07	-40.734
1.55e+07	-52.151
1.6e+07	-70.344
1.65e+07	-82.821
1.7e+07	-81.732
