-1.7e+07	-83.098
-1.65e+07	-83.234
-1.6e+07	-71.332
-1.55e+07	-52.879
-1.5e+07	-41.505
-1.45e+07	-33.046
-1.4e+07	-26.508
-1.35e+07	-21.38
-1.3e+07	-17.357
-1.25e+07	-14.287
-1.2e+07	-11.927
-1.15e+07	-10.258
-1.1e+07	-9.127
-1.05e+07	-8.4139
-1e+07	-8.006
-9.5e+06	-7.797
-9e+06	-7.698
-8.5e+06	-7.6477
-8e+06	-7.6139
-7.5e+06	-7.5688
-7e+06	-7.5436
-6.5e+06	-7.5435
-6e+06	-7.5304
-5.5e+06	-7.5188
-5e+06	-7.509
-4.5e+06	-7.4989
-4e+06	-7.4919
-3.5e+06	-7.4861
-3e+06	-7.4804
-2.5e+06	-7.4751
-2e+06	-7.4694
-1.5e+06	-7.4643
-1e+06	-7.4603
-5e+05	-7.455
0	-7.3439
5e+05	-7.4596
1e+06	-7.4673
1.5e+06	-7.4744
2e+06	-7.4833
2.5e+06	-7.4919
3e+06	-7.5007
3.5e+06	-7.5092
4e+06	-7.519
4.5e+06	-7.5303
5e+06	-7.5425
5.5e+06	-7.5552
6e+06	-7.5711
6.5e+06	-7.5874
7e+06	-7.61
7.5e+06	-7.6369
8e+06	-7.6686
8.5e+06	-7.7064
9e+06	-7.7603
9.5e+06	-7.862
1e+07	-8.0755
1.05e+07	-8.4871
1.1e+07	-9.205
1.15e+07	-10.34
1.2e+07	-12.014
1.25e+07	-14.392
1.3e+07	-17.452
1.35e+07	-21.478
1.4e+07	-26.617
1.45e+07	-33.146
1.5e+07	-41.614
1.55e+07	-53.085
1.6e+07	-70.864
1.65e+07	-83.063
1.7e+07	-84.711
