-1.7e+07	-84.933
-1.65e+07	-84.45
-1.6e+07	-82.767
-1.55e+07	-67.901
-1.5e+07	-56.751
-1.45e+07	-48.277
-1.4e+07	-41.752
-1.35e+07	-36.627
-1.3e+07	-32.599
-1.25e+07	-29.536
-1.2e+07	-27.181
-1.15e+07	-25.513
-1.1e+07	-24.381
-1.05e+07	-23.667
-1e+07	-23.26
-9.5e+06	-23.051
-9e+06	-22.953
-8.5e+06	-22.9
-8e+06	-22.868
-7.5e+06	-22.831
-7e+06	-22.81
-6.5e+06	-22.797
-6e+06	-22.783
-5.5e+06	-22.774
-5e+06	-22.761
-4.5e+06	-22.752
-4e+06	-22.743
-3.5e+06	-22.739
-3e+06	-22.734
-2.5e+06	-22.726
-2e+06	-22.722
-1.5e+06	-22.716
-1e+06	-22.711
-5e+05	-22.705
0	-22.596
5e+05	-22.709
1e+06	-22.717
1.5e+06	-22.725
2e+06	-22.737
2.5e+06	-22.744
3e+06	-22.75
3.5e+06	-22.76
4e+06	-22.769
4.5e+06	-22.779
5e+06	-22.789
5.5e+06	-22.805
6e+06	-22.819
6.5e+06	-22.836
7e+06	-22.856
7.5e+06	-22.882
8e+06	-22.913
8.5e+06	-22.952
9e+06	-23.005
9.5e+06	-23.106
1e+07	-23.319
1.05e+07	-23.731
1.1e+07	-24.448
1.15e+07	-25.583
1.2e+07	-27.258
1.25e+07	-29.631
1.3e+07	-32.685
1.35e+07	-36.722
1.4e+07	-41.843
1.45e+07	-48.351
1.5e+07	-56.899
1.55e+07	-68.052
1.6e+07	-82.15
1.65e+07	-84.006
1.7e+07	-84.605
