-1.7e+07	-83.664
-1.65e+07	-82.988
-1.6e+07	-80.607
-1.55e+07	-63.353
-1.5e+07	-51.965
-1.45e+07	-43.488
-1.4e+07	-36.916
-1.35e+07	-31.758
-1.3e+07	-27.732
-1.25e+07	-24.658
-1.2e+07	-22.3
-1.15e+07	-20.638
-1.1e+07	-19.517
-1.05e+07	-18.814
-1e+07	-18.413
-9.5e+06	-18.211
-9e+06	-18.116
-8.5e+06	-18.07
-8e+06	-18.039
-7.5e+06	-18.014
-7e+06	-17.994
-6.5e+06	-17.978
-6e+06	-17.967
-5.5e+06	-17.957
-5e+06	-17.95
-4.5e+06	-17.944
-4e+06	-17.94
-3.5e+06	-17.935
-3e+06	-17.932
-2.5e+06	-17.929
-2e+06	-17.926
-1.5e+06	-17.923
-1e+06	-17.922
-5e+05	-17.919
0	-17.824
5e+05	-17.926
1e+06	-17.935
1.5e+06	-17.944
2e+06	-17.954
2.5e+06	-17.964
3e+06	-17.974
3.5e+06	-17.983
4e+06	-17.994
4.5e+06	-18.004
5e+06	-18.019
5.5e+06	-18.033
6e+06	-18.047
6.5e+06	-18.065
7e+06	-18.088
7.5e+06	-18.115
8e+06	-18.147
8.5e+06	-18.183
9e+06	-18.235
9.5e+06	-18.338
1e+07	-18.547
1.05e+07	-18.953
1.1e+07	-19.662
1.15e+07	-20.79
1.2e+07	-22.46
1.25e+07	-24.83
1.3e+07	-27.908
1.35e+07	-31.948
1.4e+07	-37.116
1.45e+07	-43.662
1.5e+07	-52.158
1.55e+07	-63.569
1.6e+07	-80.406
1.65e+07	-83.31
1.7e+07	-84.166
