-1.7e+07	-82.01
-1.65e+07	-82.41
-1.6e+07	-69.729
-1.55e+07	-50.987
-1.5e+07	-39.504
-1.45e+07	-31.053
-1.4e+07	-24.509
-1.35e+07	-19.373
-1.3e+07	-15.345
-1.25e+07	-12.278
-1.2e+07	-9.9138
-1.15e+07	-8.2491
-1.1e+07	-7.1209
-1.05e+07	-6.4144
-1e+07	-6.0102
-9.5e+06	-5.8049
-9e+06	-5.7095
-8.5e+06	-5.6617
-8e+06	-5.6314
-7.5e+06	-5.6059
-7e+06	-5.5854
-6.5e+06	-5.5702
-6e+06	-5.5586
-5.5e+06	-5.55
-5e+06	-5.5421
-4.5e+06	-5.5359
-4e+06	-5.5303
-3.5e+06	-5.5268
-3e+06	-5.5246
-2.5e+06	-5.5221
-2e+06	-5.5193
-1.5e+06	-5.5167
-1e+06	-5.5153
-5e+05	-5.513
0	-5.3791
5e+05	-5.5242
1e+06	-5.5353
1.5e+06	-5.5459
2e+06	-5.5568
2.5e+06	-5.5683
3e+06	-5.5804
3.5e+06	-5.5919
4e+06	-5.6037
4.5e+06	-5.6177
5e+06	-5.6322
5.5e+06	-5.6492
6e+06	-5.6672
6.5e+06	-5.6876
7e+06	-5.7124
7.5e+06	-5.741
8e+06	-5.7757
8.5e+06	-5.815
9e+06	-5.8713
9.5e+06	-5.977
1e+07	-6.1898
1.05e+07	-6.6005
1.1e+07	-7.2981
1.15e+07	-8.4535
1.2e+07	-10.13
1.25e+07	-12.508
1.3e+07	-15.578
1.35e+07	-19.62
1.4e+07	-24.715
1.45e+07	-31.264
1.5e+07	-39.773
1.55e+07	-51.214
1.6e+07	-70.031
1.65e+07	-83.671
1.7e+07	-83.506
