-1.7e+07	-83.378
-1.65e+07	-83.645
-1.6e+07	-67.22
-1.55e+07	-49.163
-1.5e+07	-37.7
-1.45e+07	-29.234
-1.4e+07	-22.691
-1.35e+07	-17.541
-1.3e+07	-13.504
-1.25e+07	-10.432
-1.2e+07	-8.0682
-1.15e+07	-6.4047
-1.1e+07	-5.2824
-1.05e+07	-4.5785
-1e+07	-4.1778
-9.5e+06	-3.9741
-9e+06	-3.8783
-8.5e+06	-3.8308
-8e+06	-3.8004
-7.5e+06	-3.7735
-7e+06	-3.7522
-6.5e+06	-3.7363
-6e+06	-3.7241
-5.5e+06	-3.7141
-5e+06	-3.7053
-4.5e+06	-3.6982
-4e+06	-3.6922
-3.5e+06	-3.6879
-3e+06	-3.6835
-2.5e+06	-3.6794
-2e+06	-3.6755
-1.5e+06	-3.6716
-1e+06	-3.6685
-5e+05	-3.6654
0	-3.5696
5e+05	-3.674
1e+06	-3.6837
1.5e+06	-3.6941
2e+06	-3.7054
2.5e+06	-3.7167
3e+06	-3.7272
3.5e+06	-3.7385
4e+06	-3.7504
4.5e+06	-3.763
5e+06	-3.7768
5.5e+06	-3.7931
6e+06	-3.8093
6.5e+06	-3.8269
7e+06	-3.849
7.5e+06	-3.8746
8e+06	-3.9068
8.5e+06	-3.9428
9e+06	-3.9963
9.5e+06	-4.0979
1e+07	-4.3085
1.05e+07	-4.7154
1.1e+07	-5.4257
1.15e+07	-6.556
1.2e+07	-8.2274
1.25e+07	-10.606
1.3e+07	-13.677
1.35e+07	-17.723
1.4e+07	-22.882
1.45e+07	-29.437
1.5e+07	-37.902
1.55e+07	-49.286
1.6e+07	-67.629
1.65e+07	-81.697
1.7e+07	-83.825
