-1.7e+07	-83.132
-1.65e+07	-82.935
-1.6e+07	-81.181
-1.55e+07	-64.431
-1.5e+07	-53.071
-1.45e+07	-44.588
-1.4e+07	-38.02
-1.35e+07	-32.879
-1.3e+07	-28.843
-1.25e+07	-25.777
-1.2e+07	-23.412
-1.15e+07	-21.746
-1.1e+07	-20.618
-1.05e+07	-19.914
-1e+07	-19.51
-9.5e+06	-19.304
-9e+06	-19.206
-8.5e+06	-19.158
-8e+06	-19.125
-7.5e+06	-19.098
-7e+06	-19.076
-6.5e+06	-19.06
-6e+06	-19.047
-5.5e+06	-19.035
-5e+06	-19.025
-4.5e+06	-19.018
-4e+06	-19.013
-3.5e+06	-19.006
-3e+06	-19.001
-2.5e+06	-18.998
-2e+06	-18.993
-1.5e+06	-18.99
-1e+06	-18.987
-5e+05	-18.982
0	-18.879
5e+05	-18.989
1e+06	-18.996
1.5e+06	-19.005
2e+06	-19.012
2.5e+06	-19.012
3e+06	-19.028
3.5e+06	-19.038
4e+06	-19.046
4.5e+06	-19.058
5e+06	-19.07
5.5e+06	-19.084
6e+06	-19.099
6.5e+06	-19.116
7e+06	-19.138
7.5e+06	-19.165
8e+06	-19.197
8.5e+06	-19.235
9e+06	-19.286
9.5e+06	-19.39
1e+07	-19.601
1.05e+07	-20.011
1.1e+07	-20.719
1.15e+07	-21.853
1.2e+07	-23.527
1.25e+07	-25.9
1.3e+07	-28.97
1.35e+07	-33.015
1.4e+07	-38.168
1.45e+07	-44.728
1.5e+07	-53.211
1.55e+07	-64.57
1.6e+07	-80.271
1.65e+07	-83.874
1.7e+07	-83.788
