-1.7e+07	-82.008
-1.65e+07	-80.266
-1.6e+07	-66.662
-1.55e+07	-48.863
-1.5e+07	-37.505
-1.45e+07	-29.036
-1.4e+07	-22.483
-1.35e+07	-17.333
-1.3e+07	-13.296
-1.25e+07	-10.221
-1.2e+07	-7.8599
-1.15e+07	-6.1971
-1.1e+07	-5.0774
-1.05e+07	-4.3763
-1e+07	-3.9788
-9.5e+06	-3.7767
-9e+06	-3.6819
-8.5e+06	-3.6354
-8e+06	-3.6062
-7.5e+06	-3.5819
-7e+06	-3.5605
-6.5e+06	-3.5465
-6e+06	-3.5354
-5.5e+06	-3.5275
-5e+06	-3.5203
-4.5e+06	-3.5131
-4e+06	-3.5086
-3.5e+06	-3.5056
-3e+06	-3.5029
-2.5e+06	-3.4997
-2e+06	-3.4978
-1.5e+06	-3.4962
-1e+06	-3.4931
-5e+05	-3.4904
0	-3.3979
5e+05	-3.5007
1e+06	-3.5065
1.5e+06	-3.5151
2e+06	-3.524
2.5e+06	-3.5333
3e+06	-3.5423
3.5e+06	-3.5511
4e+06	-3.5613
4.5e+06	-3.5722
5e+06	-3.5837
5.5e+06	-3.597
6e+06	-3.6128
6.5e+06	-3.6295
7e+06	-3.6507
7.5e+06	-3.6774
8e+06	-3.7078
8.5e+06	-3.7439
9e+06	-3.7956
9.5e+06	-3.8958
1e+07	-4.1039
1.05e+07	-4.5078
1.1e+07	-5.2139
1.15e+07	-6.3421
1.2e+07	-8.0102
1.25e+07	-10.382
1.3e+07	-13.459
1.35e+07	-17.508
1.4e+07	-22.669
1.45e+07	-29.225
1.5e+07	-37.689
1.55e+07	-49.117
1.6e+07	-67.054
1.65e+07	-83.091
1.7e+07	-82.886
