-1.7e+07	-84.03
-1.65e+07	-82.563
-1.6e+07	-80.349
-1.55e+07	-65.97
-1.5e+07	-54.377
-1.45e+07	-45.883
-1.4e+07	-39.33
-1.35e+07	-34.188
-1.3e+07	-30.159
-1.25e+07	-27.097
-1.2e+07	-24.736
-1.15e+07	-23.072
-1.1e+07	-21.944
-1.05e+07	-21.238
-1e+07	-20.832
-9.5e+06	-20.626
-9e+06	-20.531
-8.5e+06	-20.482
-8e+06	-20.453
-7.5e+06	-20.429
-7e+06	-20.408
-6.5e+06	-20.394
-6e+06	-20.38
-5.5e+06	-20.373
-5e+06	-20.365
-4.5e+06	-20.36
-4e+06	-20.353
-3.5e+06	-20.351
-3e+06	-20.35
-2.5e+06	-20.346
-2e+06	-20.343
-1.5e+06	-20.34
-1e+06	-20.34
-5e+05	-20.337
0	-20.203
5e+05	-20.35
1e+06	-20.362
1.5e+06	-20.372
2e+06	-20.383
2.5e+06	-20.393
3e+06	-20.406
3.5e+06	-20.42
4e+06	-20.433
4.5e+06	-20.446
5e+06	-20.463
5.5e+06	-20.478
6e+06	-20.497
6.5e+06	-20.517
7e+06	-20.543
7.5e+06	-20.572
8e+06	-20.608
8.5e+06	-20.648
9e+06	-20.703
9.5e+06	-20.809
1e+07	-21.024
1.05e+07	-21.435
1.1e+07	-22.132
1.15e+07	-23.29
1.2e+07	-24.966
1.25e+07	-27.343
1.3e+07	-30.409
1.35e+07	-34.45
1.4e+07	-39.554
1.45e+07	-46.098
1.5e+07	-54.563
1.55e+07	-65.903
1.6e+07	-82.886
1.65e+07	-83.662
1.7e+07	-83.559
