-1.7e+07	-84.896
-1.65e+07	-83.783
-1.6e+07	-82.982
-1.55e+07	-72.059
-1.5e+07	-60.218
-1.45e+07	-51.908
-1.4e+07	-45.403
-1.35e+07	-40.269
-1.3e+07	-36.274
-1.25e+07	-33.242
-1.2e+07	-30.877
-1.15e+07	-29.214
-1.1e+07	-28.087
-1.05e+07	-27.367
-1e+07	-26.957
-9.5e+06	-26.75
-9e+06	-26.651
-8.5e+06	-26.604
-8e+06	-26.573
-7.5e+06	-26.547
-7e+06	-26.524
-6.5e+06	-26.51
-6e+06	-26.497
-5.5e+06	-26.49
-5e+06	-26.48
-4.5e+06	-26.476
-4e+06	-26.47
-3.5e+06	-26.465
-3e+06	-26.465
-2.5e+06	-26.461
-2e+06	-26.459
-1.5e+06	-26.454
-1e+06	-26.455
-5e+05	-26.309
0	-26.195
5e+05	-26.47
1e+06	-26.478
1.5e+06	-26.486
2e+06	-26.498
2.5e+06	-26.507
3e+06	-26.519
3.5e+06	-26.53
4e+06	-26.538
4.5e+06	-26.552
5e+06	-26.564
5.5e+06	-26.58
6e+06	-26.597
6.5e+06	-26.616
7e+06	-26.639
7.5e+06	-26.668
8e+06	-26.699
8.5e+06	-26.74
9e+06	-26.794
9.5e+06	-26.898
1e+07	-27.114
1.05e+07	-27.531
1.1e+07	-28.253
1.15e+07	-29.39
1.2e+07	-31.062
1.25e+07	-33.433
1.3e+07	-36.486
1.35e+07	-40.503
1.4e+07	-45.617
1.45e+07	-52.144
1.5e+07	-60.622
1.55e+07	-71.987
1.6e+07	-84.216
1.65e+07	-83.719
1.7e+07	-83.371
