-1.7e+07	-83.554
-1.65e+07	-83.099
-1.6e+07	-85.001
-1.55e+07	-73.289
-1.5e+07	-62.217
-1.45e+07	-53.922
-1.4e+07	-47.44
-1.35e+07	-42.323
-1.3e+07	-38.311
-1.25e+07	-35.252
-1.2e+07	-32.898
-1.15e+07	-31.231
-1.1e+07	-30.099
-1.05e+07	-29.387
-1e+07	-28.98
-9.5e+06	-28.768
-9e+06	-28.676
-8.5e+06	-28.629
-8e+06	-28.6
-7.5e+06	-28.576
-7e+06	-28.553
-6.5e+06	-28.54
-6e+06	-28.532
-5.5e+06	-28.522
-5e+06	-28.517
-4.5e+06	-28.511
-4e+06	-28.508
-3.5e+06	-28.504
-3e+06	-28.501
-2.5e+06	-28.498
-2e+06	-28.497
-1.5e+06	-28.496
-1e+06	-28.494
-5e+05	-28.491
0	-28.389
5e+05	-28.506
1e+06	-28.519
1.5e+06	-28.529
2e+06	-28.543
2.5e+06	-28.558
3e+06	-28.569
3.5e+06	-28.579
4e+06	-28.592
4.5e+06	-28.607
5e+06	-28.619
5.5e+06	-28.641
6e+06	-28.655
6.5e+06	-28.674
7e+06	-28.703
7.5e+06	-28.736
8e+06	-28.769
8.5e+06	-28.805
9e+06	-28.868
9.5e+06	-28.972
1e+07	-29.187
1.05e+07	-29.61
1.1e+07	-30.329
1.15e+07	-31.475
1.2e+07	-33.149
1.25e+07	-35.526
1.3e+07	-38.579
1.35e+07	-42.625
1.4e+07	-47.746
1.45e+07	-54.207
1.5e+07	-62.694
1.55e+07	-75.143
1.6e+07	-84.016
1.65e+07	-83.881
1.7e+07	-83.658
