-1.7e+07	-84.556
-1.65e+07	-85.312
-1.6e+07	-83.9
-1.55e+07	-69.509
-1.5e+07	-58.099
-1.45e+07	-49.653
-1.4e+07	-43.13
-1.35e+07	-38.003
-1.3e+07	-33.982
-1.25e+07	-30.935
-1.2e+07	-28.572
-1.15e+07	-26.902
-1.1e+07	-25.768
-1.05e+07	-25.057
-1e+07	-24.644
-9.5e+06	-24.437
-9e+06	-24.338
-8.5e+06	-24.289
-8e+06	-24.258
-7.5e+06	-24.23
-7e+06	-24.208
-6.5e+06	-24.189
-6e+06	-24.175
-5.5e+06	-24.166
-5e+06	-24.156
-4.5e+06	-24.149
-4e+06	-24.141
-3.5e+06	-24.138
-3e+06	-24.133
-2.5e+06	-24.129
-2e+06	-24.126
-1.5e+06	-24.121
-1e+06	-24.117
-5e+05	-24.115
0	-24.008
5e+05	-24.123
1e+06	-24.129
1.5e+06	-24.138
2e+06	-24.147
2.5e+06	-24.157
3e+06	-24.168
3.5e+06	-24.177
4e+06	-24.186
4.5e+06	-24.199
5e+06	-24.212
5.5e+06	-24.228
6e+06	-24.243
6.5e+06	-24.262
7e+06	-24.288
7.5e+06	-24.312
8e+06	-24.345
8.5e+06	-24.383
9e+06	-24.439
9.5e+06	-24.544
1e+07	-24.749
1.05e+07	-25.166
1.1e+07	-25.895
1.15e+07	-27.035
1.2e+07	-28.709
1.25e+07	-31.087
1.3e+07	-34.132
1.35e+07	-38.167
1.4e+07	-43.278
1.45e+07	-49.776
1.5e+07	-58.203
1.55e+07	-69.778
1.6e+07	-83.389
1.65e+07	-85.495
1.7e+07	-84.059
