-1.7e+07	-85.853
-1.65e+07	-84.851
-1.6e+07	-83.976
-1.55e+07	-71.306
-1.5e+07	-59.726
-1.45e+07	-51.395
-1.4e+07	-44.871
-1.35e+07	-39.758
-1.3e+07	-35.745
-1.25e+07	-32.697
-1.2e+07	-30.335
-1.15e+07	-28.672
-1.1e+07	-27.544
-1.05e+07	-26.83
-1e+07	-26.423
-9.5e+06	-26.213
-9e+06	-26.121
-8.5e+06	-26.073
-8e+06	-26.043
-7.5e+06	-26.019
-7e+06	-26.001
-6.5e+06	-25.987
-6e+06	-25.977
-5.5e+06	-25.971
-5e+06	-25.963
-4.5e+06	-25.959
-4e+06	-25.956
-3.5e+06	-25.957
-3e+06	-25.957
-2.5e+06	-25.956
-2e+06	-25.958
-1.5e+06	-25.956
-1e+06	-25.955
-5e+05	-25.957
0	-25.847
5e+05	-25.973
1e+06	-25.984
1.5e+06	-25.994
2e+06	-26.007
2.5e+06	-26.023
3e+06	-26.033
3.5e+06	-26.046
4e+06	-26.062
4.5e+06	-26.077
5e+06	-26.096
5.5e+06	-26.115
6e+06	-26.132
6.5e+06	-26.157
7e+06	-26.183
7.5e+06	-26.214
8e+06	-26.25
8.5e+06	-26.292
9e+06	-26.35
9.5e+06	-26.458
1e+07	-26.678
1.05e+07	-27.096
1.1e+07	-27.823
1.15e+07	-28.965
1.2e+07	-30.64
1.25e+07	-33.017
1.3e+07	-36.076
1.35e+07	-40.102
1.4e+07	-45.206
1.45e+07	-51.745
1.5e+07	-60.167
1.55e+07	-71.061
1.6e+07	-84.061
1.65e+07	-85.526
1.7e+07	-85.244
