-1.7e+07	-84.197
-1.65e+07	-83.614
-1.6e+07	-77.865
-1.55e+07	-58.731
-1.5e+07	-47.386
-1.45e+07	-38.949
-1.4e+07	-32.425
-1.35e+07	-27.316
-1.3e+07	-23.311
-1.25e+07	-20.254
-1.2e+07	-17.901
-1.15e+07	-16.231
-1.1e+07	-15.095
-1.05e+07	-14.377
-1e+07	-13.968
-9.5e+06	-13.757
-9e+06	-13.66
-8.5e+06	-13.612
-8e+06	-13.581
-7.5e+06	-13.556
-7e+06	-13.536
-6.5e+06	-13.527
-6e+06	-13.516
-5.5e+06	-13.508
-5e+06	-13.5
-4.5e+06	-13.495
-4e+06	-13.492
-3.5e+06	-13.491
-3e+06	-13.49
-2.5e+06	-13.489
-2e+06	-13.488
-1.5e+06	-13.489
-1e+06	-13.489
-5e+05	-13.489
0	-13.303
5e+05	-13.506
1e+06	-13.519
1.5e+06	-13.533
2e+06	-13.547
2.5e+06	-13.563
3e+06	-13.576
3.5e+06	-13.592
4e+06	-13.608
4.5e+06	-13.625
5e+06	-13.643
5.5e+06	-13.664
6e+06	-13.681
6.5e+06	-13.703
7e+06	-13.737
7.5e+06	-13.773
8e+06	-13.809
8.5e+06	-13.852
9e+06	-13.912
9.5e+06	-14.023
1e+07	-14.245
1.05e+07	-14.668
1.1e+07	-15.398
1.15e+07	-16.546
1.2e+07	-18.226
1.25e+07	-20.598
1.3e+07	-23.659
1.35e+07	-27.676
1.4e+07	-32.793
1.45e+07	-39.328
1.5e+07	-47.749
1.55e+07	-59.064
1.6e+07	-76.978
1.65e+07	-82.547
1.7e+07	-84.595
