-1.7e+07	-85.325
-1.65e+07	-83.596
-1.6e+07	-83.5
-1.55e+07	-74.117
-1.5e+07	-63.088
-1.45e+07	-54.614
-1.4e+07	-48.119
-1.35e+07	-43.01
-1.3e+07	-38.967
-1.25e+07	-35.91
-1.2e+07	-33.544
-1.15e+07	-31.865
-1.1e+07	-30.722
-1.05e+07	-29.996
-1e+07	-29.572
-9.5e+06	-29.35
-9e+06	-29.242
-8.5e+06	-29.184
-8e+06	-29.142
-7.5e+06	-29.107
-7e+06	-29.08
-6.5e+06	-29.053
-6e+06	-29.036
-5.5e+06	-29.015
-5e+06	-28.998
-4.5e+06	-28.987
-4e+06	-28.968
-3.5e+06	-28.957
-3e+06	-28.948
-2.5e+06	-28.938
-2e+06	-28.925
-1.5e+06	-28.92
-1e+06	-28.909
-5e+05	-28.901
0	-28.818
5e+05	-28.897
1e+06	-28.905
1.5e+06	-28.909
2e+06	-28.914
2.5e+06	-28.917
3e+06	-28.921
3.5e+06	-28.924
4e+06	-28.933
4.5e+06	-28.936
5e+06	-28.946
5.5e+06	-28.958
6e+06	-28.974
6.5e+06	-28.98
7e+06	-28.998
7.5e+06	-29.025
8e+06	-29.051
8.5e+06	-29.085
9e+06	-29.134
9.5e+06	-29.233
1e+07	-29.444
1.05e+07	-29.858
1.1e+07	-30.576
1.15e+07	-31.712
1.2e+07	-33.383
1.25e+07	-35.744
1.3e+07	-38.795
1.35e+07	-42.804
1.4e+07	-47.893
1.45e+07	-54.415
1.5e+07	-62.804
1.55e+07	-74.232
1.6e+07	-84.239
1.65e+07	-84.055
1.7e+07	-84.557
