-1.7e+07	-85.356
-1.65e+07	-84.685
-1.6e+07	-84.354
-1.55e+07	-71.358
-1.5e+07	-59.946
-1.45e+07	-51.616
-1.4e+07	-45.023
-1.35e+07	-39.902
-1.3e+07	-35.888
-1.25e+07	-32.83
-1.2e+07	-30.461
-1.15e+07	-28.792
-1.1e+07	-27.654
-1.05e+07	-26.934
-1e+07	-26.522
-9.5e+06	-26.314
-9e+06	-26.218
-8.5e+06	-26.172
-8e+06	-26.147
-7.5e+06	-26.126
-7e+06	-26.112
-6.5e+06	-26.102
-6e+06	-26.102
-5.5e+06	-26.1
-5e+06	-26.1
-4.5e+06	-26.101
-4e+06	-26.104
-3.5e+06	-26.109
-3e+06	-26.112
-2.5e+06	-26.112
-2e+06	-26.117
-1.5e+06	-26.115
-1e+06	-26.116
-5e+05	-26.117
0	-25.966
5e+05	-26.125
1e+06	-26.137
1.5e+06	-26.146
2e+06	-26.085
2.5e+06	-26.093
3e+06	-26.1
3.5e+06	-26.108
4e+06	-26.119
4.5e+06	-26.125
5e+06	-26.139
5.5e+06	-26.149
6e+06	-26.165
6.5e+06	-26.18
7e+06	-26.2
7.5e+06	-26.223
8e+06	-26.254
8.5e+06	-26.289
9e+06	-26.341
9.5e+06	-26.445
1e+07	-26.713
1.05e+07	-27.126
1.1e+07	-27.842
1.15e+07	-28.98
1.2e+07	-30.649
1.25e+07	-33.018
1.3e+07	-36.09
1.35e+07	-40.106
1.4e+07	-45.235
1.45e+07	-51.754
1.5e+07	-60.174
1.55e+07	-71.707
1.6e+07	-83.86
1.65e+07	-84.404
1.7e+07	-85.081
