-1.7e+07	-83.983
-1.65e+07	-83.895
-1.6e+07	-82.712
-1.55e+07	-73.747
-1.5e+07	-62.309
-1.45e+07	-53.983
-1.4e+07	-47.416
-1.35e+07	-42.314
-1.3e+07	-38.321
-1.25e+07	-35.26
-1.2e+07	-32.913
-1.15e+07	-31.243
-1.1e+07	-30.105
-1.05e+07	-29.392
-1e+07	-28.977
-9.5e+06	-28.768
-9e+06	-28.672
-8.5e+06	-28.626
-8e+06	-28.591
-7.5e+06	-28.565
-7e+06	-28.543
-6.5e+06	-28.542
-6e+06	-28.532
-5.5e+06	-28.524
-5e+06	-28.515
-4.5e+06	-28.51
-4e+06	-28.508
-3.5e+06	-28.504
-3e+06	-28.5
-2.5e+06	-28.499
-2e+06	-28.5
-1.5e+06	-28.501
-1e+06	-28.498
-5e+05	-28.499
0	-28.315
5e+05	-28.512
1e+06	-28.532
1.5e+06	-28.543
2e+06	-28.554
2.5e+06	-28.572
3e+06	-28.587
3.5e+06	-28.604
4e+06	-28.616
4.5e+06	-28.634
5e+06	-28.652
5.5e+06	-28.672
6e+06	-28.68
6.5e+06	-28.702
7e+06	-28.742
7.5e+06	-28.776
8e+06	-28.811
8.5e+06	-28.853
9e+06	-28.911
9.5e+06	-29.022
1e+07	-29.244
1.05e+07	-29.662
1.1e+07	-30.388
1.15e+07	-31.537
1.2e+07	-33.221
1.25e+07	-35.582
1.3e+07	-38.638
1.35e+07	-42.66
1.4e+07	-47.838
1.45e+07	-54.335
1.5e+07	-62.718
1.55e+07	-73.984
1.6e+07	-82.99
1.65e+07	-83.824
1.7e+07	-83.512
