-1.7e+07	-83.778
-1.65e+07	-83.815
-1.6e+07	-73.441
-1.55e+07	-54.952
-1.5e+07	-43.576
-1.45e+07	-35.135
-1.4e+07	-28.616
-1.35e+07	-23.497
-1.3e+07	-19.487
-1.25e+07	-16.433
-1.2e+07	-14.072
-1.15e+07	-12.407
-1.1e+07	-11.276
-1.05e+07	-10.564
-1e+07	-10.157
-9.5e+06	-9.9492
-9e+06	-9.8525
-8.5e+06	-9.805
-8e+06	-9.7756
-7.5e+06	-9.7509
-7e+06	-9.7301
-6.5e+06	-9.7144
-6e+06	-9.7037
-5.5e+06	-9.675
-5e+06	-9.6765
-4.5e+06	-9.6807
-4e+06	-9.6758
-3.5e+06	-9.6719
-3e+06	-9.6695
-2.5e+06	-9.6661
-2e+06	-9.6623
-1.5e+06	-9.6585
-1e+06	-9.6567
-5e+05	-9.6532
0	-9.5424
5e+05	-9.6641
1e+06	-9.6755
1.5e+06	-9.6848
2e+06	-9.6967
2.5e+06	-9.7079
3e+06	-9.7188
3.5e+06	-9.7305
4e+06	-9.7421
4.5e+06	-9.7545
5e+06	-9.7691
5.5e+06	-9.7855
6e+06	-9.8025
6.5e+06	-9.8214
7e+06	-9.8456
7.5e+06	-9.8555
8e+06	-9.9077
8.5e+06	-9.9468
9e+06	-10.002
9.5e+06	-10.107
1e+07	-10.322
1.05e+07	-10.737
1.1e+07	-11.458
1.15e+07	-12.599
1.2e+07	-14.274
1.25e+07	-16.652
1.3e+07	-19.704
1.35e+07	-23.725
1.4e+07	-28.855
1.45e+07	-35.386
1.5e+07	-43.85
1.55e+07	-55.31
1.6e+07	-73.774
1.65e+07	-85.35
1.7e+07	-84.365
