-1.7e+07	-84.074
-1.65e+07	-83.568
-1.6e+07	-76.304
-1.55e+07	-59.181
-1.5e+07	-47.756
-1.45e+07	-39.306
-1.4e+07	-32.786
-1.35e+07	-27.67
-1.3e+07	-23.659
-1.25e+07	-20.596
-1.2e+07	-18.234
-1.15e+07	-16.558
-1.1e+07	-15.416
-1.05e+07	-14.691
-1e+07	-14.271
-9.5e+06	-14.054
-9e+06	-13.947
-8.5e+06	-13.892
-8e+06	-13.853
-7.5e+06	-13.819
-7e+06	-13.79
-6.5e+06	-13.766
-6e+06	-13.747
-5.5e+06	-13.73
-5e+06	-13.713
-4.5e+06	-13.698
-4e+06	-13.685
-3.5e+06	-13.672
-3e+06	-13.662
-2.5e+06	-13.652
-2e+06	-13.64
-1.5e+06	-13.628
-1e+06	-13.618
-5e+05	-13.608
0	-13.435
5e+05	-13.601
1e+06	-13.604
1.5e+06	-13.607
2e+06	-13.611
2.5e+06	-13.611
3e+06	-13.615
3.5e+06	-13.614
4e+06	-13.618
4.5e+06	-13.622
5e+06	-13.628
5.5e+06	-13.636
6e+06	-13.644
6.5e+06	-13.655
7e+06	-13.67
7.5e+06	-13.691
8e+06	-13.716
8.5e+06	-13.747
9e+06	-13.795
9.5e+06	-13.893
1e+07	-14.102
1.05e+07	-14.513
1.1e+07	-15.229
1.15e+07	-16.364
1.2e+07	-18.034
1.25e+07	-20.394
1.3e+07	-23.44
1.35e+07	-27.447
1.4e+07	-32.553
1.45e+07	-39.069
1.5e+07	-47.483
1.55e+07	-58.935
1.6e+07	-76.563
1.65e+07	-84.349
1.7e+07	-83.089
