-1.7e+07	-83.763
-1.65e+07	-83.395
-1.6e+07	-72.687
-1.55e+07	-54.133
-1.5e+07	-42.714
-1.45e+07	-34.283
-1.4e+07	-27.743
-1.35e+07	-22.617
-1.3e+07	-18.625
-1.25e+07	-15.567
-1.2e+07	-13.202
-1.15e+07	-11.533
-1.1e+07	-10.401
-1.05e+07	-9.6883
-1e+07	-9.2794
-9.5e+06	-9.0706
-9e+06	-8.973
-8.5e+06	-8.9242
-8e+06	-8.8924
-7.5e+06	-8.8661
-7e+06	-8.8441
-6.5e+06	-8.8272
-6e+06	-8.8148
-5.5e+06	-8.8058
-5e+06	-8.7969
-4.5e+06	-8.7889
-4e+06	-8.7843
-3.5e+06	-8.7797
-3e+06	-8.7772
-2.5e+06	-8.7736
-2e+06	-8.7704
-1.5e+06	-8.7669
-1e+06	-8.7649
-5e+05	-8.7621
0	-8.6558
5e+05	-8.7722
1e+06	-8.7828
1.5e+06	-8.7917
2e+06	-8.8022
2.5e+06	-8.8134
3e+06	-8.8252
3.5e+06	-8.8362
4e+06	-8.8474
4.5e+06	-8.8609
5e+06	-8.8758
5.5e+06	-8.892
6e+06	-8.9104
6.5e+06	-8.9298
7e+06	-8.955
7.5e+06	-8.9844
8e+06	-9.0192
8.5e+06	-9.0586
9e+06	-9.1152
9.5e+06	-9.2213
1e+07	-9.4184
1.05e+07	-9.8342
1.1e+07	-10.577
1.15e+07	-11.717
1.2e+07	-13.394
1.25e+07	-15.774
1.3e+07	-18.832
1.35e+07	-22.856
1.4e+07	-27.994
1.45e+07	-34.517
1.5e+07	-42.965
1.55e+07	-54.428
1.6e+07	-72.061
1.65e+07	-84.298
1.7e+07	-83.694
