-1.7e+07	-84.467
-1.65e+07	-84.054
-1.6e+07	-75.294
-1.55e+07	-56.621
-1.5e+07	-45.196
-1.45e+07	-36.742
-1.4e+07	-30.232
-1.35e+07	-25.122
-1.3e+07	-21.112
-1.25e+07	-18.058
-1.2e+07	-15.693
-1.15e+07	-14.023
-1.1e+07	-12.889
-1.05e+07	-12.172
-1e+07	-11.76
-9.5e+06	-11.551
-9e+06	-11.451
-8.5e+06	-11.402
-8e+06	-11.37
-7.5e+06	-11.343
-7e+06	-11.321
-6.5e+06	-11.304
-6e+06	-11.291
-5.5e+06	-11.279
-5e+06	-11.269
-4.5e+06	-11.261
-4e+06	-11.254
-3.5e+06	-11.249
-3e+06	-11.243
-2.5e+06	-11.238
-2e+06	-11.232
-1.5e+06	-11.227
-1e+06	-11.223
-5e+05	-11.219
0	-11.093
5e+05	-11.223
1e+06	-11.23
1.5e+06	-11.237
2e+06	-11.097
2.5e+06	-11.025
3e+06	-11.032
3.5e+06	-11.039
4e+06	-11.047
4.5e+06	-11.056
5e+06	-11.068
5.5e+06	-11.079
6e+06	-11.094
6.5e+06	-11.11
7e+06	-11.13
7.5e+06	-11.156
8e+06	-11.186
8.5e+06	-11.223
9e+06	-11.276
9.5e+06	-11.381
1e+07	-11.816
1.05e+07	-12.227
1.1e+07	-12.947
1.15e+07	-14.086
1.2e+07	-15.76
1.25e+07	-18.136
1.3e+07	-21.192
1.35e+07	-25.21
1.4e+07	-30.329
1.45e+07	-36.848
1.5e+07	-45.284
1.55e+07	-56.703
1.6e+07	-74.848
1.65e+07	-83.356
1.7e+07	-84.689
