-1.7e+07	-83.624
-1.65e+07	-85.132
-1.6e+07	-76.293
-1.55e+07	-58.286
-1.5e+07	-46.942
-1.45e+07	-38.462
-1.4e+07	-31.953
-1.35e+07	-26.844
-1.3e+07	-22.837
-1.25e+07	-19.786
-1.2e+07	-17.43
-1.15e+07	-15.762
-1.1e+07	-14.63
-1.05e+07	-13.915
-1e+07	-13.505
-9.5e+06	-13.298
-9e+06	-13.201
-8.5e+06	-13.155
-8e+06	-13.126
-7.5e+06	-13.101
-7e+06	-13.082
-6.5e+06	-13.066
-6e+06	-13.057
-5.5e+06	-13.047
-5e+06	-13.042
-4.5e+06	-13.037
-4e+06	-13.034
-3.5e+06	-13.03
-3e+06	-13.028
-2.5e+06	-13.026
-2e+06	-13.024
-1.5e+06	-13.022
-1e+06	-13.022
-5e+05	-13.019
0	-12.902
5e+05	-13.033
1e+06	-13.045
1.5e+06	-13.057
2e+06	-13.069
2.5e+06	-13.082
3e+06	-13.094
3.5e+06	-13.107
4e+06	-13.12
4.5e+06	-13.134
5e+06	-13.15
5.5e+06	-13.167
6e+06	-13.186
6.5e+06	-13.206
7e+06	-13.232
7.5e+06	-13.262
8e+06	-13.296
8.5e+06	-13.337
9e+06	-13.394
9.5e+06	-13.502
1e+07	-13.721
1.05e+07	-14.14
1.1e+07	-14.867
1.15e+07	-16.009
1.2e+07	-17.689
1.25e+07	-20.061
1.3e+07	-23.118
1.35e+07	-27.137
1.4e+07	-32.251
1.45e+07	-38.774
1.5e+07	-47.247
1.55e+07	-58.667
1.6e+07	-76.763
1.65e+07	-84.032
1.7e+07	-82.71
