-1.7e+07	-84.447
-1.65e+07	-84.438
-1.6e+07	-74.256
-1.55e+07	-56.345
-1.5e+07	-44.947
-1.45e+07	-36.503
-1.4e+07	-29.98
-1.35e+07	-24.867
-1.3e+07	-20.882
-1.25e+07	-17.854
-1.2e+07	-15.49
-1.15e+07	-13.82
-1.1e+07	-12.686
-1.05e+07	-11.969
-1e+07	-11.558
-9.5e+06	-11.348
-9e+06	-11.25
-8.5e+06	-11.202
-8e+06	-11.171
-7.5e+06	-11.144
-7e+06	-11.121
-6.5e+06	-11.107
-6e+06	-11.095
-5.5e+06	-11.086
-5e+06	-11.078
-4.5e+06	-11.071
-4e+06	-11.067
-3.5e+06	-11.063
-3e+06	-11.06
-2.5e+06	-11.058
-2e+06	-11.054
-1.5e+06	-11.051
-1e+06	-11.052
-5e+05	-10.905
0	-10.788
5e+05	-11.064
1e+06	-11.074
1.5e+06	-11.081
2e+06	-11.092
2.5e+06	-11.102
3e+06	-11.112
3.5e+06	-11.123
4e+06	-11.134
4.5e+06	-11.146
5e+06	-11.16
5.5e+06	-11.175
6e+06	-11.193
6.5e+06	-11.21
7e+06	-11.234
7.5e+06	-11.262
8e+06	-11.295
8.5e+06	-11.332
9e+06	-11.387
9.5e+06	-11.492
1e+07	-11.708
1.05e+07	-12.123
1.1e+07	-12.846
1.15e+07	-13.987
1.2e+07	-15.662
1.25e+07	-18.034
1.3e+07	-21.085
1.35e+07	-25.103
1.4e+07	-30.221
1.45e+07	-36.738
1.5e+07	-45.222
1.55e+07	-56.586
1.6e+07	-74.489
1.65e+07	-83.663
1.7e+07	-84.535
