-1.7e+07	-84.096
-1.65e+07	-83.94
-1.6e+07	-83.285
-1.55e+07	-70.088
-1.5e+07	-58.678
-1.45e+07	-50.195
-1.4e+07	-43.685
-1.35e+07	-38.569
-1.3e+07	-34.556
-1.25e+07	-31.497
-1.2e+07	-29.14
-1.15e+07	-27.475
-1.1e+07	-26.347
-1.05e+07	-25.633
-1e+07	-25.225
-9.5e+06	-25.02
-9e+06	-24.922
-8.5e+06	-24.876
-8e+06	-24.846
-7.5e+06	-24.819
-7e+06	-24.8
-6.5e+06	-24.786
-6e+06	-24.776
-5.5e+06	-24.747
-5e+06	-24.75
-4.5e+06	-24.753
-4e+06	-24.747
-3.5e+06	-24.747
-3e+06	-24.74
-2.5e+06	-24.739
-2e+06	-24.737
-1.5e+06	-24.735
-1e+06	-24.729
-5e+05	-24.729
0	-24.615
5e+05	-24.74
1e+06	-24.752
1.5e+06	-24.762
2e+06	-24.773
2.5e+06	-24.785
3e+06	-24.795
3.5e+06	-24.809
4e+06	-24.822
4.5e+06	-24.835
5e+06	-24.851
5.5e+06	-24.867
6e+06	-24.883
6.5e+06	-24.903
7e+06	-24.928
7.5e+06	-24.936
8e+06	-24.99
8.5e+06	-25.03
9e+06	-25.086
9.5e+06	-25.19
1e+07	-25.406
1.05e+07	-25.822
1.1e+07	-26.546
1.15e+07	-27.682
1.2e+07	-29.363
1.25e+07	-31.728
1.3e+07	-34.781
1.35e+07	-38.812
1.4e+07	-43.949
1.45e+07	-50.467
1.5e+07	-58.937
1.55e+07	-70.306
1.6e+07	-84.094
1.65e+07	-84.01
1.7e+07	-84.716
