-1.7e+07	-84.564
-1.65e+07	-85.801
-1.6e+07	-74.775
-1.55e+07	-56.051
-1.5e+07	-44.61
-1.45e+07	-36.157
-1.4e+07	-29.641
-1.35e+07	-24.525
-1.3e+07	-20.515
-1.25e+07	-17.466
-1.2e+07	-15.103
-1.15e+07	-13.435
-1.1e+07	-12.303
-1.05e+07	-11.59
-1e+07	-11.182
-9.5e+06	-10.974
-9e+06	-10.878
-8.5e+06	-10.832
-8e+06	-10.802
-7.5e+06	-10.778
-7e+06	-10.758
-6.5e+06	-10.744
-6e+06	-10.734
-5.5e+06	-10.726
-5e+06	-10.72
-4.5e+06	-10.715
-4e+06	-10.712
-3.5e+06	-10.71
-3e+06	-10.71
-2.5e+06	-10.709
-2e+06	-10.709
-1.5e+06	-10.707
-1e+06	-10.707
-5e+05	-10.707
0	-10.596
5e+05	-10.721
1e+06	-10.733
1.5e+06	-10.745
2e+06	-10.757
2.5e+06	-10.77
3e+06	-10.782
3.5e+06	-10.796
4e+06	-10.809
4.5e+06	-10.824
5e+06	-10.842
5.5e+06	-10.859
6e+06	-10.879
6.5e+06	-10.9
7e+06	-10.925
7.5e+06	-10.957
8e+06	-10.992
8.5e+06	-11.034
9e+06	-11.092
9.5e+06	-11.201
1e+07	-11.419
1.05e+07	-11.839
1.1e+07	-12.564
1.15e+07	-13.709
1.2e+07	-15.388
1.25e+07	-17.77
1.3e+07	-20.825
1.35e+07	-24.845
1.4e+07	-29.972
1.45e+07	-36.5
1.5e+07	-44.955
1.55e+07	-56.365
1.6e+07	-74.811
1.65e+07	-84.617
1.7e+07	-85.191
