-1.7e+07	-84.457
-1.65e+07	-84.64
-1.6e+07	-83.643
-1.55e+07	-74.937
-1.5e+07	-63.433
-1.45e+07	-55.016
-1.4e+07	-48.479
-1.35e+07	-43.388
-1.3e+07	-39.392
-1.25e+07	-36.331
-1.2e+07	-33.967
-1.15e+07	-32.299
-1.1e+07	-31.163
-1.05e+07	-30.445
-1e+07	-30.031
-9.5e+06	-29.818
-9e+06	-29.719
-8.5e+06	-29.664
-8e+06	-29.627
-7.5e+06	-29.604
-7e+06	-29.575
-6.5e+06	-29.56
-6e+06	-29.543
-5.5e+06	-29.529
-5e+06	-29.522
-4.5e+06	-29.513
-4e+06	-29.503
-3.5e+06	-29.498
-3e+06	-29.494
-2.5e+06	-29.485
-2e+06	-29.481
-1.5e+06	-29.472
-1e+06	-29.469
-5e+05	-29.465
0	-29.333
5e+05	-29.468
1e+06	-29.473
1.5e+06	-29.482
2e+06	-29.49
2.5e+06	-29.498
3e+06	-29.503
3.5e+06	-29.51
4e+06	-29.518
4.5e+06	-29.526
5e+06	-29.539
5.5e+06	-29.55
6e+06	-29.565
6.5e+06	-29.583
7e+06	-29.602
7.5e+06	-29.626
8e+06	-29.657
8.5e+06	-29.689
9e+06	-29.742
9.5e+06	-29.844
1e+07	-30.064
1.05e+07	-30.475
1.1e+07	-31.195
1.15e+07	-32.33
1.2e+07	-33.997
1.25e+07	-36.369
1.3e+07	-39.426
1.35e+07	-43.42
1.4e+07	-48.536
1.45e+07	-55.059
1.5e+07	-63.429
1.55e+07	-75.009
1.6e+07	-83.609
1.65e+07	-84.732
1.7e+07	-83.732
