-1.7e+07	-84.61
-1.65e+07	-84.963
-1.6e+07	-77.496
-1.55e+07	-59.402
-1.5e+07	-48.048
-1.45e+07	-39.602
-1.4e+07	-33.078
-1.35e+07	-27.968
-1.3e+07	-23.956
-1.25e+07	-20.899
-1.2e+07	-18.539
-1.15e+07	-16.867
-1.1e+07	-15.729
-1.05e+07	-15.009
-1e+07	-14.595
-9.5e+06	-14.383
-9e+06	-14.281
-8.5e+06	-14.232
-8e+06	-14.198
-7.5e+06	-14.17
-7e+06	-14.144
-6.5e+06	-14.125
-6e+06	-14.112
-5.5e+06	-14.1
-5e+06	-14.089
-4.5e+06	-14.082
-4e+06	-14.074
-3.5e+06	-14.068
-3e+06	-14.062
-2.5e+06	-14.059
-2e+06	-14.05
-1.5e+06	-14.046
-1e+06	-14.041
-5e+05	-14.036
0	-13.89
5e+05	-14.04
1e+06	-14.046
1.5e+06	-14.053
2e+06	-14.06
2.5e+06	-14.066
3e+06	-14.074
3.5e+06	-14.081
4e+06	-14.089
4.5e+06	-14.099
5e+06	-14.11
5.5e+06	-14.123
6e+06	-14.137
6.5e+06	-14.152
7e+06	-14.173
7.5e+06	-14.197
8e+06	-14.228
8.5e+06	-14.263
9e+06	-14.315
9.5e+06	-14.418
1e+07	-14.632
1.05e+07	-15.047
1.1e+07	-15.766
1.15e+07	-16.906
1.2e+07	-18.58
1.25e+07	-20.946
1.3e+07	-23.995
1.35e+07	-28.005
1.4e+07	-33.122
1.45e+07	-39.641
1.5e+07	-48.081
1.55e+07	-59.475
1.6e+07	-77.201
1.65e+07	-84.681
1.7e+07	-83.551
