-1.7e+07	-83.377
-1.65e+07	-82.711
-1.6e+07	-76.382
-1.55e+07	-57.102
-1.5e+07	-45.764
-1.45e+07	-37.327
-1.4e+07	-30.814
-1.35e+07	-25.696
-1.3e+07	-21.688
-1.25e+07	-18.637
-1.2e+07	-16.276
-1.15e+07	-14.606
-1.1e+07	-13.472
-1.05e+07	-12.753
-1e+07	-12.342
-9.5e+06	-12.133
-9e+06	-12.034
-8.5e+06	-11.985
-8e+06	-11.953
-7.5e+06	-11.926
-7e+06	-11.904
-6.5e+06	-11.887
-6e+06	-11.874
-5.5e+06	-11.864
-5e+06	-11.855
-4.5e+06	-11.846
-4e+06	-11.841
-3.5e+06	-11.836
-3e+06	-11.833
-2.5e+06	-11.828
-2e+06	-11.825
-1.5e+06	-11.821
-1e+06	-11.819
-5e+05	-11.815
0	-11.705
5e+05	-11.826
1e+06	-11.815
1.5e+06	-11.802
2e+06	-11.815
2.5e+06	-11.881
3e+06	-11.892
3.5e+06	-11.903
4e+06	-11.917
4.5e+06	-11.931
5e+06	-11.947
5.5e+06	-11.963
6e+06	-11.984
6.5e+06	-12.005
7e+06	-12.031
7.5e+06	-12.061
8e+06	-12.098
8.5e+06	-12.14
9e+06	-12.196
9.5e+06	-12.306
1e+07	-12.524
1.05e+07	-12.945
1.1e+07	-13.672
1.15e+07	-14.817
1.2e+07	-16.497
1.25e+07	-18.871
1.3e+07	-21.926
1.35e+07	-25.947
1.4e+07	-31.066
1.45e+07	-37.578
1.5e+07	-46.032
1.55e+07	-57.35
1.6e+07	-75.002
1.65e+07	-82.932
1.7e+07	-83.117
