-1.7e+07	-83.849
-1.65e+07	-84.07
-1.6e+07	-83.234
-1.55e+07	-72.272
-1.5e+07	-61.248
-1.45e+07	-52.717
-1.4e+07	-46.28
-1.35e+07	-41.144
-1.3e+07	-37.128
-1.25e+07	-34.069
-1.2e+07	-31.706
-1.15e+07	-30.034
-1.1e+07	-28.909
-1.05e+07	-28.193
-1e+07	-27.782
-9.5e+06	-27.571
-9e+06	-27.476
-8.5e+06	-27.423
-8e+06	-27.393
-7.5e+06	-27.363
-7e+06	-27.343
-6.5e+06	-27.33
-6e+06	-27.315
-5.5e+06	-27.302
-5e+06	-27.293
-4.5e+06	-27.289
-4e+06	-27.283
-3.5e+06	-27.278
-3e+06	-27.278
-2.5e+06	-27.273
-2e+06	-27.265
-1.5e+06	-27.264
-1e+06	-27.262
-5e+05	-27.255
0	-27.154
5e+05	-27.269
1e+06	-27.259
1.5e+06	-27.247
2e+06	-27.258
2.5e+06	-27.329
3e+06	-27.339
3.5e+06	-27.352
4e+06	-27.361
4.5e+06	-27.378
5e+06	-27.393
5.5e+06	-27.413
6e+06	-27.434
6.5e+06	-27.453
7e+06	-27.479
7.5e+06	-27.51
8e+06	-27.548
8.5e+06	-27.587
9e+06	-27.646
9.5e+06	-27.757
1e+07	-27.974
1.05e+07	-28.395
1.1e+07	-29.119
1.15e+07	-30.257
1.2e+07	-31.94
1.25e+07	-34.319
1.3e+07	-37.376
1.35e+07	-41.398
1.4e+07	-46.542
1.45e+07	-53.101
1.5e+07	-61.58
1.55e+07	-72.503
1.6e+07	-82.371
1.65e+07	-83.439
1.7e+07	-84.085
