-1.7e+07	-84.238
-1.65e+07	-83.942
-1.6e+07	-83.42
-1.55e+07	-75.892
-1.5e+07	-64.321
-1.45e+07	-55.851
-1.4e+07	-49.344
-1.35e+07	-44.202
-1.3e+07	-40.202
-1.25e+07	-37.122
-1.2e+07	-34.781
-1.15e+07	-33.105
-1.1e+07	-31.969
-1.05e+07	-31.247
-1e+07	-30.833
-9.5e+06	-30.617
-9e+06	-30.517
-8.5e+06	-30.465
-8e+06	-30.435
-7.5e+06	-30.4
-7e+06	-30.377
-6.5e+06	-30.359
-6e+06	-30.344
-5.5e+06	-30.333
-5e+06	-30.32
-4.5e+06	-30.308
-4e+06	-30.302
-3.5e+06	-30.291
-3e+06	-30.277
-2.5e+06	-30.257
-2e+06	-30.268
-1.5e+06	-30.258
-1e+06	-30.259
-5e+05	-30.251
0	-30.034
5e+05	-30.251
1e+06	-30.258
1.5e+06	-30.262
2e+06	-30.272
2.5e+06	-30.274
3e+06	-30.282
3.5e+06	-30.286
4e+06	-30.298
4.5e+06	-30.306
5e+06	-30.314
5.5e+06	-30.325
6e+06	-30.336
6.5e+06	-30.351
7e+06	-30.368
7.5e+06	-30.394
8e+06	-30.423
8.5e+06	-30.456
9e+06	-30.503
9.5e+06	-30.608
1e+07	-30.727
1.05e+07	-31.146
1.1e+07	-31.86
1.15e+07	-32.997
1.2e+07	-34.665
1.25e+07	-37.022
1.3e+07	-40.082
1.35e+07	-44.19
1.4e+07	-49.309
1.45e+07	-55.785
1.5e+07	-64.266
1.55e+07	-75.372
1.6e+07	-83.191
1.65e+07	-83.659
1.7e+07	-84.942
