-1.7e+07	-83.035
-1.65e+07	-82.223
-1.6e+07	-78.865
-1.55e+07	-61.679
-1.5e+07	-50.388
-1.45e+07	-41.826
-1.4e+07	-35.311
-1.35e+07	-30.2
-1.3e+07	-26.199
-1.25e+07	-23.123
-1.2e+07	-20.784
-1.15e+07	-19.109
-1.1e+07	-17.969
-1.05e+07	-17.245
-1e+07	-16.828
-9.5e+06	-16.612
-9e+06	-16.508
-8.5e+06	-16.455
-8e+06	-16.417
-7.5e+06	-16.385
-7e+06	-16.359
-6.5e+06	-16.338
-6e+06	-16.321
-5.5e+06	-16.305
-5e+06	-16.292
-4.5e+06	-16.277
-4e+06	-16.266
-3.5e+06	-16.259
-3e+06	-16.248
-2.5e+06	-16.238
-2e+06	-16.229
-1.5e+06	-16.22
-1e+06	-16.21
-5e+05	-16.2
0	-15.949
5e+05	-16.201
1e+06	-16.205
1.5e+06	-16.207
2e+06	-16.212
2.5e+06	-16.216
3e+06	-16.22
3.5e+06	-16.223
4e+06	-16.227
4.5e+06	-16.235
5e+06	-16.242
5.5e+06	-16.251
6e+06	-16.261
6.5e+06	-16.273
7e+06	-16.29
7.5e+06	-16.311
8e+06	-16.338
8.5e+06	-16.371
9e+06	-16.419
9.5e+06	-16.519
1e+07	-16.73
1.05e+07	-17.141
1.1e+07	-17.863
1.15e+07	-18.998
1.2e+07	-20.669
1.25e+07	-22.999
1.3e+07	-26.061
1.35e+07	-30.066
1.4e+07	-35.163
1.45e+07	-41.696
1.5e+07	-50.125
1.55e+07	-61.301
1.6e+07	-77.757
1.65e+07	-81.339
1.7e+07	-82.832
