-1.7e+07	-83.005
-1.65e+07	-83.631
-1.6e+07	-77.652
-1.55e+07	-60.752
-1.5e+07	-49.364
-1.45e+07	-40.916
-1.4e+07	-34.405
-1.35e+07	-29.297
-1.3e+07	-25.293
-1.25e+07	-22.233
-1.2e+07	-19.879
-1.15e+07	-18.208
-1.1e+07	-17.07
-1.05e+07	-16.35
-1e+07	-15.938
-9.5e+06	-15.726
-9e+06	-15.627
-8.5e+06	-15.574
-8e+06	-15.54
-7.5e+06	-15.511
-7e+06	-15.487
-6.5e+06	-15.467
-6e+06	-15.453
-5.5e+06	-15.441
-5e+06	-15.429
-4.5e+06	-15.42
-4e+06	-15.412
-3.5e+06	-15.405
-3e+06	-15.394
-2.5e+06	-15.38
-2e+06	-15.384
-1.5e+06	-15.378
-1e+06	-15.372
-5e+05	-15.367
0	-15.141
5e+05	-15.369
1e+06	-15.378
1.5e+06	-15.382
2e+06	-15.391
2.5e+06	-15.398
3e+06	-15.405
3.5e+06	-15.411
4e+06	-15.419
4.5e+06	-15.428
5e+06	-15.439
5.5e+06	-15.45
6e+06	-15.461
6.5e+06	-15.478
7e+06	-15.496
7.5e+06	-15.521
8e+06	-15.549
8.5e+06	-15.583
9e+06	-15.634
9.5e+06	-15.739
1e+07	-15.899
1.05e+07	-16.307
1.1e+07	-16.949
1.15e+07	-18.087
1.2e+07	-19.757
1.25e+07	-22.112
1.3e+07	-25.17
1.35e+07	-29.314
1.4e+07	-34.415
1.45e+07	-40.936
1.5e+07	-49.362
1.55e+07	-60.77
1.6e+07	-78.303
1.65e+07	-83.03
1.7e+07	-83.336
