-1.7e+07	-82.194
-1.65e+07	-82.017
-1.6e+07	-81.927
-1.55e+07	-77.151
-1.5e+07	-65.399
-1.45e+07	-57.148
-1.4e+07	-50.642
-1.35e+07	-45.536
-1.3e+07	-41.512
-1.25e+07	-38.419
-1.2e+07	-36.086
-1.15e+07	-34.402
-1.1e+07	-33.268
-1.05e+07	-32.544
-1e+07	-32.126
-9.5e+06	-31.907
-9e+06	-31.807
-8.5e+06	-31.755
-8e+06	-31.719
-7.5e+06	-31.689
-7e+06	-31.659
-6.5e+06	-31.639
-6e+06	-31.616
-5.5e+06	-31.602
-5e+06	-31.59
-4.5e+06	-31.575
-4e+06	-31.563
-3.5e+06	-31.557
-3e+06	-31.545
-2.5e+06	-31.537
-2e+06	-31.526
-1.5e+06	-31.513
-1e+06	-31.509
-5e+05	-31.5
0	-31.237
5e+05	-31.5
1e+06	-31.505
1.5e+06	-31.512
2e+06	-31.508
2.5e+06	-31.518
3e+06	-31.523
3.5e+06	-31.527
4e+06	-31.531
4.5e+06	-31.536
5e+06	-31.545
5.5e+06	-31.556
6e+06	-31.57
6.5e+06	-31.574
7e+06	-31.592
7.5e+06	-31.612
8e+06	-31.642
8.5e+06	-31.677
9e+06	-31.721
9.5e+06	-31.821
1e+07	-32.036
1.05e+07	-32.449
1.1e+07	-33.167
1.15e+07	-34.304
1.2e+07	-35.972
1.25e+07	-38.311
1.3e+07	-41.392
1.35e+07	-45.394
1.4e+07	-50.473
1.45e+07	-56.932
1.5e+07	-65.479
1.55e+07	-78.121
1.6e+07	-83.179
1.65e+07	-82.217
1.7e+07	-82.295
