-1.7e+07	-82.112
-1.65e+07	-82.59
-1.6e+07	-82.321
-1.55e+07	-76.697
-1.5e+07	-66.542
-1.45e+07	-58.01
-1.4e+07	-51.523
-1.35e+07	-46.462
-1.3e+07	-42.435
-1.25e+07	-39.37
-1.2e+07	-37.029
-1.15e+07	-35.344
-1.1e+07	-34.208
-1.05e+07	-33.478
-1e+07	-33.06
-9.5e+06	-32.845
-9e+06	-32.734
-8.5e+06	-32.679
-8e+06	-32.632
-7.5e+06	-32.604
-7e+06	-32.576
-6.5e+06	-32.54
-6e+06	-32.517
-5.5e+06	-32.513
-5e+06	-32.496
-4.5e+06	-32.478
-4e+06	-32.462
-3.5e+06	-32.457
-3e+06	-32.438
-2.5e+06	-32.427
-2e+06	-32.417
-1.5e+06	-32.405
-1e+06	-32.395
-5e+05	-32.381
0	-32.167
5e+05	-32.38
1e+06	-32.388
1.5e+06	-32.392
2e+06	-32.398
2.5e+06	-32.396
3e+06	-32.409
3.5e+06	-32.414
4e+06	-32.426
4.5e+06	-31.914
5e+06	-31.847
5.5e+06	-32.461
6e+06	-32.478
6.5e+06	-32.484
7e+06	-32.502
7.5e+06	-32.529
8e+06	-32.555
8.5e+06	-32.596
9e+06	-32.641
9.5e+06	-32.751
1e+07	-32.967
1.05e+07	-33.378
1.1e+07	-34.096
1.15e+07	-35.25
1.2e+07	-36.923
1.25e+07	-39.264
1.3e+07	-42.33
1.35e+07	-46.302
1.4e+07	-51.417
1.45e+07	-57.898
1.5e+07	-66.521
1.55e+07	-77.506
1.6e+07	-83.083
1.65e+07	-82.141
1.7e+07	-82.016
