-1.7e+07	-83.722
-1.65e+07	-83.188
-1.6e+07	-83.185
-1.55e+07	-75.598
-1.5e+07	-63.739
-1.45e+07	-55.313
-1.4e+07	-48.83
-1.35e+07	-43.701
-1.3e+07	-39.687
-1.25e+07	-36.605
-1.2e+07	-34.257
-1.15e+07	-32.582
-1.1e+07	-31.43
-1.05e+07	-30.711
-1e+07	-30.287
-9.5e+06	-30.064
-9e+06	-29.961
-8.5e+06	-29.905
-8e+06	-29.871
-7.5e+06	-29.835
-7e+06	-29.804
-6.5e+06	-29.778
-6e+06	-29.762
-5.5e+06	-29.746
-5e+06	-29.729
-4.5e+06	-29.718
-4e+06	-29.704
-3.5e+06	-29.693
-3e+06	-29.685
-2.5e+06	-29.68
-2e+06	-29.661
-1.5e+06	-29.633
-1e+06	-29.627
-5e+05	-29.642
0	-29.403
5e+05	-29.637
1e+06	-29.638
1.5e+06	-29.643
2e+06	-29.655
2.5e+06	-29.468
3e+06	-29.474
3.5e+06	-29.478
4e+06	-29.486
4.5e+06	-29.49
5e+06	-29.501
5.5e+06	-29.513
6e+06	-29.525
6.5e+06	-29.54
7e+06	-29.754
7.5e+06	-29.776
8e+06	-29.802
8.5e+06	-29.837
9e+06	-29.886
9.5e+06	-29.987
1e+07	-30.196
1.05e+07	-30.611
1.1e+07	-31.332
1.15e+07	-32.471
1.2e+07	-34.142
1.25e+07	-36.493
1.3e+07	-39.552
1.35e+07	-43.577
1.4e+07	-48.684
1.45e+07	-55.145
1.5e+07	-63.528
1.55e+07	-75.065
1.6e+07	-84.062
1.65e+07	-84.406
1.7e+07	-83.413
