-1.7e+07	-84.712
-1.65e+07	-84.221
-1.6e+07	-84.543
-1.55e+07	-75.518
-1.5e+07	-63.876
-1.45e+07	-55.435
-1.4e+07	-48.952
-1.35e+07	-43.843
-1.3e+07	-39.856
-1.25e+07	-36.8
-1.2e+07	-34.449
-1.15e+07	-32.78
-1.1e+07	-31.65
-1.05e+07	-30.94
-1e+07	-30.529
-9.5e+06	-30.324
-9e+06	-30.229
-8.5e+06	-30.187
-8e+06	-30.16
-7.5e+06	-30.133
-7e+06	-30.118
-6.5e+06	-30.1
-6e+06	-30.094
-5.5e+06	-30.089
-5e+06	-30.08
-4.5e+06	-30.079
-4e+06	-30.074
-3.5e+06	-30.072
-3e+06	-30.07
-2.5e+06	-30.069
-2e+06	-30.071
-1.5e+06	-30.069
-1e+06	-30.073
-5e+05	-30.07
0	-29.876
5e+05	-30.086
1e+06	-30.095
1.5e+06	-30.111
2e+06	-30.121
2.5e+06	-30.138
3e+06	-30.149
3.5e+06	-30.161
4e+06	-30.177
4.5e+06	-30.196
5e+06	-30.211
5.5e+06	-30.228
6e+06	-30.247
6.5e+06	-30.272
7e+06	-30.297
7.5e+06	-30.331
8e+06	-30.366
8.5e+06	-30.41
9e+06	-30.469
9.5e+06	-30.58
1e+07	-30.803
1.05e+07	-31.211
1.1e+07	-31.946
1.15e+07	-33.093
1.2e+07	-34.776
1.25e+07	-37.146
1.3e+07	-40.217
1.35e+07	-44.234
1.4e+07	-49.318
1.45e+07	-55.808
1.5e+07	-64.357
1.55e+07	-75.397
1.6e+07	-82.77
1.65e+07	-84.078
1.7e+07	-84.05
