-1.7e+07	-83.951
-1.65e+07	-83.181
-1.6e+07	-77.658
-1.55e+07	-59.915
-1.5e+07	-48.427
-1.45e+07	-39.962
-1.4e+07	-33.443
-1.35e+07	-28.319
-1.3e+07	-24.309
-1.25e+07	-21.24
-1.2e+07	-18.884
-1.15e+07	-17.206
-1.1e+07	-16.063
-1.05e+07	-15.337
-1e+07	-14.918
-9.5e+06	-14.7
-9e+06	-14.593
-8.5e+06	-14.537
-8e+06	-14.497
-7.5e+06	-14.463
-7e+06	-14.434
-6.5e+06	-14.41
-6e+06	-14.391
-5.5e+06	-14.374
-5e+06	-14.359
-4.5e+06	-14.344
-4e+06	-14.333
-3.5e+06	-14.323
-3e+06	-14.313
-2.5e+06	-14.302
-2e+06	-14.293
-1.5e+06	-14.262
-1e+06	-14.255
-5e+05	-14.266
0	-14.028
5e+05	-14.265
1e+06	-14.269
1.5e+06	-14.274
2e+06	-14.281
2.5e+06	-14.098
3e+06	-14.104
3.5e+06	-14.107
4e+06	-14.113
4.5e+06	-14.12
5e+06	-14.129
5.5e+06	-14.138
6e+06	-14.151
6.5e+06	-14.167
7e+06	-14.38
7.5e+06	-14.405
8e+06	-14.432
8.5e+06	-14.465
9e+06	-14.515
9.5e+06	-14.614
1e+07	-14.827
1.05e+07	-15.24
1.1e+07	-15.961
1.15e+07	-17.098
1.2e+07	-18.77
1.25e+07	-21.123
1.3e+07	-24.179
1.35e+07	-28.187
1.4e+07	-33.293
1.45e+07	-39.821
1.5e+07	-48.258
1.55e+07	-59.766
1.6e+07	-77.66
1.65e+07	-82.941
1.7e+07	-82.51
