-1.7e+07	-84.381
-1.65e+07	-83.585
-1.6e+07	-83.409
-1.55e+07	-75.55
-1.5e+07	-64.297
-1.45e+07	-56.004
-1.4e+07	-49.484
-1.35e+07	-44.381
-1.3e+07	-40.349
-1.25e+07	-37.27
-1.2e+07	-34.928
-1.15e+07	-33.257
-1.1e+07	-32.115
-1.05e+07	-31.391
-1e+07	-30.975
-9.5e+06	-30.753
-9e+06	-30.641
-8.5e+06	-30.579
-8e+06	-30.56
-7.5e+06	-30.531
-7e+06	-30.504
-6.5e+06	-30.483
-6e+06	-30.47
-5.5e+06	-30.451
-5e+06	-30.444
-4.5e+06	-30.431
-4e+06	-30.424
-3.5e+06	-30.419
-3e+06	-30.413
-2.5e+06	-30.406
-2e+06	-30.393
-1.5e+06	-30.333
-1e+06	-30.254
-5e+05	-30.316
0	-30.183
5e+05	-30.389
1e+06	-30.394
1.5e+06	-30.4
2e+06	-30.406
2.5e+06	-30.413
3e+06	-30.422
3.5e+06	-30.432
4e+06	-30.437
4.5e+06	-30.446
5e+06	-30.456
5.5e+06	-30.471
6e+06	-30.467
6.5e+06	-30.482
7e+06	-30.524
7.5e+06	-30.556
8e+06	-30.582
8.5e+06	-30.622
9e+06	-30.674
9.5e+06	-30.776
1e+07	-30.98
1.05e+07	-31.405
1.1e+07	-32.144
1.15e+07	-33.287
1.2e+07	-34.955
1.25e+07	-37.32
1.3e+07	-40.38
1.35e+07	-44.401
1.4e+07	-49.546
1.45e+07	-55.992
1.5e+07	-64.391
1.55e+07	-75.704
1.6e+07	-83.911
1.65e+07	-82.285
1.7e+07	-83.988
