-1.7e+07	-82.745
-1.65e+07	-83.157
-1.6e+07	-78.582
-1.55e+07	-60.592
-1.5e+07	-49.201
-1.45e+07	-40.749
-1.4e+07	-34.23
-1.35e+07	-29.128
-1.3e+07	-25.127
-1.25e+07	-22.065
-1.2e+07	-19.72
-1.15e+07	-18.053
-1.1e+07	-16.916
-1.05e+07	-16.198
-1e+07	-15.789
-9.5e+06	-15.576
-9e+06	-15.477
-8.5e+06	-15.431
-8e+06	-15.398
-7.5e+06	-15.373
-7e+06	-15.353
-6.5e+06	-15.336
-6e+06	-15.326
-5.5e+06	-15.319
-5e+06	-15.311
-4.5e+06	-15.303
-4e+06	-15.3
-3.5e+06	-15.299
-3e+06	-15.296
-2.5e+06	-15.295
-2e+06	-15.293
-1.5e+06	-15.291
-1e+06	-15.291
-5e+05	-15.288
0	-15.074
5e+05	-15.304
1e+06	-15.316
1.5e+06	-15.325
2e+06	-15.338
2.5e+06	-15.35
3e+06	-15.363
3.5e+06	-15.374
4e+06	-15.388
4.5e+06	-15.401
5e+06	-15.416
5.5e+06	-15.433
6e+06	-15.451
6.5e+06	-15.472
7e+06	-15.497
7.5e+06	-15.526
8e+06	-15.56
8.5e+06	-15.6
9e+06	-15.655
9.5e+06	-15.764
1e+07	-15.981
1.05e+07	-16.4
1.1e+07	-17.126
1.15e+07	-18.269
1.2e+07	-19.944
1.25e+07	-22.302
1.3e+07	-25.361
1.35e+07	-29.372
1.4e+07	-34.485
1.45e+07	-40.988
1.5e+07	-49.447
1.55e+07	-60.893
1.6e+07	-78.102
1.65e+07	-84.283
1.7e+07	-82.44
