-1.7e+07	-85.361
-1.65e+07	-83.876
-1.6e+07	-77.905
-1.55e+07	-59.535
-1.5e+07	-48.16
-1.45e+07	-39.684
-1.4e+07	-33.18
-1.35e+07	-28.077
-1.3e+07	-24.073
-1.25e+07	-21.019
-1.2e+07	-18.671
-1.15e+07	-17.006
-1.1e+07	-15.872
-1.05e+07	-15.157
-1e+07	-14.749
-9.5e+06	-14.541
-9e+06	-14.445
-8.5e+06	-14.397
-8e+06	-14.37
-7.5e+06	-14.346
-7e+06	-14.327
-6.5e+06	-14.313
-6e+06	-14.305
-5.5e+06	-14.296
-5e+06	-14.29
-4.5e+06	-14.285
-4e+06	-14.282
-3.5e+06	-14.281
-3e+06	-14.28
-2.5e+06	-14.278
-2e+06	-14.277
-1.5e+06	-14.276
-1e+06	-14.276
-5e+05	-14.275
0	-14.065
5e+05	-14.287
1e+06	-14.299
1.5e+06	-14.308
2e+06	-14.32
2.5e+06	-14.33
3e+06	-14.342
3.5e+06	-14.353
4e+06	-14.365
4.5e+06	-14.378
5e+06	-14.393
5.5e+06	-14.409
6e+06	-14.427
6.5e+06	-14.446
7e+06	-14.472
7.5e+06	-14.501
8e+06	-14.536
8.5e+06	-14.575
9e+06	-14.632
9.5e+06	-14.74
1e+07	-14.958
1.05e+07	-15.359
1.1e+07	-16.085
1.15e+07	-17.25
1.2e+07	-18.929
1.25e+07	-21.29
1.3e+07	-24.352
1.35e+07	-28.367
1.4e+07	-33.484
1.45e+07	-39.998
1.5e+07	-48.478
1.55e+07	-59.908
1.6e+07	-77.699
1.65e+07	-83.617
1.7e+07	-84.099
