-1.7e+07	-80.923
-1.65e+07	-81.602
-1.6e+07	-81.214
-1.55e+07	-75.543
-1.5e+07	-65.191
-1.45e+07	-56.569
-1.4e+07	-50.145
-1.35e+07	-44.956
-1.3e+07	-40.992
-1.25e+07	-37.898
-1.2e+07	-35.562
-1.15e+07	-33.891
-1.1e+07	-32.759
-1.05e+07	-32.031
-1e+07	-31.623
-9.5e+06	-31.42
-9e+06	-31.32
-8.5e+06	-31.28
-8e+06	-31.254
-7.5e+06	-31.23
-7e+06	-31.205
-6.5e+06	-31.192
-6e+06	-31.185
-5.5e+06	-31.176
-5e+06	-31.17
-4.5e+06	-31.162
-4e+06	-31.163
-3.5e+06	-31.158
-3e+06	-31.157
-2.5e+06	-31.161
-2e+06	-31.161
-1.5e+06	-31.167
-1e+06	-31.165
-5e+05	-31.163
0	-30.814
5e+05	-31.182
1e+06	-31.195
1.5e+06	-31.208
2e+06	-31.225
2.5e+06	-31.232
3e+06	-31.255
3.5e+06	-31.265
4e+06	-31.283
4.5e+06	-31.295
5e+06	-31.316
5.5e+06	-31.334
6e+06	-31.352
6.5e+06	-31.377
7e+06	-31.405
7.5e+06	-31.439
8e+06	-31.255
8.5e+06	-31.291
9e+06	-31.575
9.5e+06	-31.689
1e+07	-31.909
1.05e+07	-32.33
1.1e+07	-33.06
1.15e+07	-34.203
1.2e+07	-35.876
1.25e+07	-38.234
1.3e+07	-41.315
1.35e+07	-45.327
1.4e+07	-50.387
1.45e+07	-56.995
1.5e+07	-65.332
1.55e+07	-75.83
1.6e+07	-80.337
1.65e+07	-81.711
1.7e+07	-81.165
