-1.7e+07	-83.039
-1.65e+07	-83.343
-1.6e+07	-76.931
-1.55e+07	-59.441
-1.5e+07	-48.012
-1.45e+07	-39.566
-1.4e+07	-33.046
-1.35e+07	-27.939
-1.3e+07	-23.935
-1.25e+07	-20.872
-1.2e+07	-18.529
-1.15e+07	-16.858
-1.1e+07	-15.721
-1.05e+07	-15.001
-1e+07	-14.588
-9.5e+06	-14.375
-9e+06	-14.274
-8.5e+06	-14.224
-8e+06	-14.191
-7.5e+06	-14.162
-7e+06	-14.138
-6.5e+06	-14.12
-6e+06	-14.105
-5.5e+06	-14.093
-5e+06	-14.082
-4.5e+06	-14.073
-4e+06	-14.065
-3.5e+06	-14.06
-3e+06	-14.053
-2.5e+06	-14.046
-2e+06	-14.039
-1.5e+06	-14.032
-1e+06	-14.028
-5e+05	-14.02
0	-13.794
5e+05	-14.026
1e+06	-14.032
1.5e+06	-14.037
2e+06	-14.044
2.5e+06	-14.039
3e+06	-14.036
3.5e+06	-14.057
4e+06	-14.074
4.5e+06	-14.083
5e+06	-14.093
5.5e+06	-14.104
6e+06	-14.118
6.5e+06	-14.133
7e+06	-14.152
7.5e+06	-14.178
8e+06	-14.209
8.5e+06	-14.245
9e+06	-14.297
9.5e+06	-14.398
1e+07	-14.613
1.05e+07	-15.028
1.1e+07	-15.751
1.15e+07	-16.893
1.2e+07	-18.564
1.25e+07	-20.921
1.3e+07	-23.981
1.35e+07	-27.985
1.4e+07	-33.097
1.45e+07	-39.623
1.5e+07	-48.072
1.55e+07	-59.552
1.6e+07	-77.001
1.65e+07	-82.768
1.7e+07	-83.688
