-1.7e+07	-80.622
-1.65e+07	-80.565
-1.6e+07	-77.961
-1.55e+07	-61.2
-1.5e+07	-49.83
-1.45e+07	-41.366
-1.4e+07	-34.856
-1.35e+07	-29.743
-1.3e+07	-25.752
-1.25e+07	-22.686
-1.2e+07	-20.351
-1.15e+07	-18.682
-1.1e+07	-17.548
-1.05e+07	-16.833
-1e+07	-16.424
-9.5e+06	-16.216
-9e+06	-16.121
-8.5e+06	-16.075
-8e+06	-16.046
-7.5e+06	-16.024
-7e+06	-16.006
-6.5e+06	-15.991
-6e+06	-15.983
-5.5e+06	-15.978
-5e+06	-15.972
-4.5e+06	-15.969
-4e+06	-15.967
-3.5e+06	-15.966
-3e+06	-15.966
-2.5e+06	-15.967
-2e+06	-15.966
-1.5e+06	-15.967
-1e+06	-15.969
-5e+05	-15.968
0	-15.733
5e+05	-15.99
1e+06	-16.003
1.5e+06	-16.017
2e+06	-16.032
2.5e+06	-16.047
3e+06	-16.062
3.5e+06	-16.078
4e+06	-16.094
4.5e+06	-16.112
5e+06	-16.128
5.5e+06	-16.148
6e+06	-16.168
6.5e+06	-16.19
7e+06	-16.217
7.5e+06	-16.252
8e+06	-16.064
8.5e+06	-16.107
9e+06	-16.396
9.5e+06	-16.508
1e+07	-16.727
1.05e+07	-17.147
1.1e+07	-17.876
1.15e+07	-19.022
1.2e+07	-20.702
1.25e+07	-23.058
1.3e+07	-26.121
1.35e+07	-30.131
1.4e+07	-35.252
1.45e+07	-41.788
1.5e+07	-50.264
1.55e+07	-61.713
1.6e+07	-78.969
1.65e+07	-80.435
1.7e+07	-79.743
