-1.7e+07	-82.175
-1.65e+07	-82.172
-1.6e+07	-78.22
-1.55e+07	-62.67
-1.5e+07	-51.224
-1.45e+07	-42.789
-1.4e+07	-36.255
-1.35e+07	-31.147
-1.3e+07	-27.139
-1.25e+07	-24.07
-1.2e+07	-21.72
-1.15e+07	-20.043
-1.1e+07	-18.901
-1.05e+07	-18.175
-1e+07	-17.757
-9.5e+06	-17.537
-9e+06	-17.433
-8.5e+06	-17.377
-8e+06	-17.334
-7.5e+06	-17.299
-7e+06	-17.27
-6.5e+06	-17.245
-6e+06	-17.225
-5.5e+06	-17.207
-5e+06	-17.192
-4.5e+06	-17.176
-4e+06	-17.164
-3.5e+06	-17.151
-3e+06	-17.141
-2.5e+06	-17.126
-2e+06	-17.117
-1.5e+06	-17.105
-1e+06	-17.095
-5e+05	-17.083
0	-16.855
5e+05	-17.083
1e+06	-17.09
1.5e+06	-17.092
2e+06	-17.097
2.5e+06	-17.104
3e+06	-17.112
3.5e+06	-17.118
4e+06	-17.126
4.5e+06	-16.612
5e+06	-16.545
5.5e+06	-17.157
6e+06	-17.173
6.5e+06	-17.188
7e+06	-17.207
7.5e+06	-17.234
8e+06	-17.263
8.5e+06	-17.298
9e+06	-17.349
9.5e+06	-17.452
1e+07	-17.667
1.05e+07	-18.083
1.1e+07	-18.806
1.15e+07	-19.947
1.2e+07	-21.618
1.25e+07	-23.967
1.3e+07	-27.028
1.35e+07	-31.03
1.4e+07	-36.153
1.45e+07	-42.662
1.5e+07	-51.073
1.55e+07	-62.319
1.6e+07	-80.624
1.65e+07	-82.008
1.7e+07	-82.83
