-1.7e+07	-82.2
-1.65e+07	-83.063
-1.6e+07	-82.622
-1.55e+07	-77.427
-1.5e+07	-65.759
-1.45e+07	-57.159
-1.4e+07	-50.694
-1.35e+07	-45.636
-1.3e+07	-41.667
-1.25e+07	-38.632
-1.2e+07	-36.34
-1.15e+07	-32.785
-1.1e+07	-31.612
-1.05e+07	-30.943
-1e+07	-30.753
-9.5e+06	-30.582
-9e+06	-30.523
-8.5e+06	-30.514
-8e+06	-30.409
-7.5e+06	-30.528
-7e+06	-30.546
-6.5e+06	-30.572
-6e+06	-30.592
-5.5e+06	-30.622
-5e+06	-30.645
-4.5e+06	-30.676
-4e+06	-30.713
-3.5e+06	-30.744
-3e+06	-30.777
-2.5e+06	-30.807
-2e+06	-30.833
-1.5e+06	-30.87
-1e+06	-30.906
-5e+05	-30.927
0	-30.759
5e+05	-30.982
1e+06	-30.984
1.5e+06	-30.992
2e+06	-30.998
2.5e+06	-31.009
3e+06	-31.017
3.5e+06	-31.022
4e+06	-31.032
4.5e+06	-31.03
5e+06	-31.054
5.5e+06	-31.065
6e+06	-31.069
6.5e+06	-31.089
7e+06	-31.112
7.5e+06	-31.138
8e+06	-31.17
8.5e+06	-31.106
9e+06	-31.253
9.5e+06	-31.361
1e+07	-31.477
1.05e+07	-31.991
1.1e+07	-32.723
1.15e+07	-33.854
1.2e+07	-35.525
1.25e+07	-37.885
1.3e+07	-40.933
1.35e+07	-44.924
1.4e+07	-50.09
1.45e+07	-56.501
1.5e+07	-65.022
1.55e+07	-77.164
1.6e+07	-83.398
1.65e+07	-83.761
1.7e+07	-83.374
