-1.7e+07	-83.88
-1.65e+07	-84.224
-1.6e+07	-84.28
-1.55e+07	-75.231
-1.5e+07	-63.73
-1.45e+07	-55.425
-1.4e+07	-48.842
-1.35e+07	-43.759
-1.3e+07	-39.767
-1.25e+07	-36.695
-1.2e+07	-34.356
-1.15e+07	-32.681
-1.1e+07	-31.55
-1.05e+07	-30.837
-1e+07	-30.418
-9.5e+06	-30.21
-9e+06	-30.11
-8.5e+06	-30.061
-8e+06	-30.026
-7.5e+06	-29.998
-7e+06	-29.972
-6.5e+06	-29.954
-6e+06	-29.945
-5.5e+06	-29.931
-5e+06	-29.918
-4.5e+06	-29.906
-4e+06	-29.901
-3.5e+06	-29.892
-3e+06	-29.888
-2.5e+06	-29.885
-2e+06	-29.876
-1.5e+06	-29.875
-1e+06	-29.865
-5e+05	-29.859
0	-29.653
5e+05	-29.862
1e+06	-29.867
1.5e+06	-29.874
2e+06	-29.877
2.5e+06	-29.881
3e+06	-29.88
3.5e+06	-29.895
4e+06	-29.905
4.5e+06	-29.913
5e+06	-29.926
5.5e+06	-29.933
6e+06	-29.945
6.5e+06	-29.963
7e+06	-29.986
7.5e+06	-30.007
8e+06	-30.036
8.5e+06	-30.069
9e+06	-30.122
9.5e+06	-30.222
1e+07	-30.438
1.05e+07	-30.852
1.1e+07	-31.567
1.15e+07	-32.709
1.2e+07	-34.378
1.25e+07	-36.742
1.3e+07	-39.781
1.35e+07	-43.787
1.4e+07	-48.886
1.45e+07	-55.398
1.5e+07	-64.066
1.55e+07	-75.458
1.6e+07	-83.137
1.65e+07	-83.895
1.7e+07	-82.836
