-1.7e+07	-82.302
-1.65e+07	-81.996
-1.6e+07	-78.676
-1.55e+07	-61.576
-1.5e+07	-50.196
-1.45e+07	-41.777
-1.4e+07	-35.313
-1.35e+07	-30.242
-1.3e+07	-26.285
-1.25e+07	-23.256
-1.2e+07	-20.948
-1.15e+07	-17.403
-1.1e+07	-16.232
-1.05e+07	-15.56
-1e+07	-15.375
-9.5e+06	-15.202
-9e+06	-15.138
-8.5e+06	-15.129
-8e+06	-15.029
-7.5e+06	-15.149
-7e+06	-15.164
-6.5e+06	-15.19
-6e+06	-15.21
-5.5e+06	-15.24
-5e+06	-15.263
-4.5e+06	-15.293
-4e+06	-15.326
-3.5e+06	-15.359
-3e+06	-15.39
-2.5e+06	-15.422
-2e+06	-15.455
-1.5e+06	-15.487
-1e+06	-15.521
-5e+05	-15.552
0	-15.376
5e+05	-15.597
1e+06	-15.601
1.5e+06	-15.607
2e+06	-15.614
2.5e+06	-15.62
3e+06	-15.63
3.5e+06	-15.636
4e+06	-15.646
4.5e+06	-15.648
5e+06	-15.664
5.5e+06	-15.675
6e+06	-15.686
6.5e+06	-15.703
7e+06	-15.724
7.5e+06	-15.749
8e+06	-15.782
8.5e+06	-15.719
9e+06	-15.868
9.5e+06	-15.974
1e+07	-16.092
1.05e+07	-16.602
1.1e+07	-17.33
1.15e+07	-18.466
1.2e+07	-20.138
1.25e+07	-22.487
1.3e+07	-25.552
1.35e+07	-29.551
1.4e+07	-34.658
1.45e+07	-41.181
1.5e+07	-49.637
1.55e+07	-61.035
1.6e+07	-78.903
1.65e+07	-81.982
1.7e+07	-82.129
