-1.7e+07	-84.63
-1.65e+07	-83.003
-1.6e+07	-79.805
-1.55e+07	-60.376
-1.5e+07	-49.082
-1.45e+07	-40.641
-1.4e+07	-34.116
-1.35e+07	-29.004
-1.3e+07	-25.002
-1.25e+07	-21.929
-1.2e+07	-19.581
-1.15e+07	-17.908
-1.1e+07	-16.766
-1.05e+07	-16.043
-1e+07	-15.625
-9.5e+06	-15.409
-9e+06	-15.297
-8.5e+06	-15.23
-8e+06	-15.218
-7.5e+06	-15.185
-7e+06	-15.16
-6.5e+06	-15.14
-6e+06	-15.125
-5.5e+06	-15.112
-5e+06	-15.098
-4.5e+06	-15.088
-4e+06	-15.079
-3.5e+06	-15.073
-3e+06	-15.066
-2.5e+06	-15.06
-2e+06	-15.052
-1.5e+06	-14.986
-1e+06	-14.908
-5e+05	-14.972
0	-14.825
5e+05	-15.045
1e+06	-15.051
1.5e+06	-15.056
2e+06	-15.063
2.5e+06	-15.07
3e+06	-15.077
3.5e+06	-15.084
4e+06	-15.094
4.5e+06	-15.102
5e+06	-15.114
5.5e+06	-15.126
6e+06	-15.118
6.5e+06	-15.135
7e+06	-15.18
7.5e+06	-15.208
8e+06	-15.239
8.5e+06	-15.276
9e+06	-15.33
9.5e+06	-15.436
1e+07	-15.629
1.05e+07	-16.06
1.1e+07	-16.795
1.15e+07	-17.938
1.2e+07	-19.612
1.25e+07	-21.968
1.3e+07	-25.03
1.35e+07	-29.033
1.4e+07	-34.149
1.45e+07	-40.676
1.5e+07	-49.09
1.55e+07	-60.57
1.6e+07	-79.204
1.65e+07	-83.496
1.7e+07	-83.069
