-1.7e+07	-83.867
-1.65e+07	-83.379
-1.6e+07	-83.249
-1.55e+07	-75.138
-1.5e+07	-63.996
-1.45e+07	-55.619
-1.4e+07	-49.142
-1.35e+07	-44.02
-1.3e+07	-40.024
-1.25e+07	-36.956
-1.2e+07	-34.61
-1.15e+07	-32.948
-1.1e+07	-31.814
-1.05e+07	-31.093
-1e+07	-30.681
-9.5e+06	-30.471
-9e+06	-30.37
-8.5e+06	-30.323
-8e+06	-30.287
-7.5e+06	-30.263
-7e+06	-30.243
-6.5e+06	-30.224
-6e+06	-30.216
-5.5e+06	-30.206
-5e+06	-30.198
-4.5e+06	-30.193
-4e+06	-30.187
-3.5e+06	-30.18
-3e+06	-30.179
-2.5e+06	-30.177
-2e+06	-30.175
-1.5e+06	-30.169
-1e+06	-30.165
-5e+05	-30.16
0	-29.96
5e+05	-30.179
1e+06	-30.192
1.5e+06	-30.198
2e+06	-30.21
2.5e+06	-30.226
3e+06	-30.239
3.5e+06	-30.255
4e+06	-30.267
4.5e+06	-30.275
5e+06	-30.297
5.5e+06	-30.309
6e+06	-30.325
6.5e+06	-30.346
7e+06	-30.375
7.5e+06	-30.402
8e+06	-30.436
8.5e+06	-30.471
9e+06	-30.53
9.5e+06	-30.637
1e+07	-30.856
1.05e+07	-31.273
1.1e+07	-32.002
1.15e+07	-33.144
1.2e+07	-34.822
1.25e+07	-37.171
1.3e+07	-40.248
1.35e+07	-44.262
1.4e+07	-49.399
1.45e+07	-55.95
1.5e+07	-64.481
1.55e+07	-75.419
1.6e+07	-82.964
1.65e+07	-83.436
1.7e+07	-83.454
