-1.7e+07	-84.968
-1.65e+07	-84.681
-1.6e+07	-78.204
-1.55e+07	-61.909
-1.5e+07	-50.68
-1.45e+07	-42.265
-1.4e+07	-35.764
-1.35e+07	-30.667
-1.3e+07	-26.665
-1.25e+07	-23.593
-1.2e+07	-21.263
-1.15e+07	-19.596
-1.1e+07	-18.459
-1.05e+07	-17.742
-1e+07	-17.329
-9.5e+06	-17.119
-9e+06	-17.023
-8.5e+06	-16.976
-8e+06	-16.946
-7.5e+06	-16.921
-7e+06	-16.902
-6.5e+06	-16.887
-6e+06	-16.878
-5.5e+06	-16.871
-5e+06	-16.863
-4.5e+06	-16.859
-4e+06	-16.856
-3.5e+06	-16.855
-3e+06	-16.856
-2.5e+06	-16.854
-2e+06	-16.852
-1.5e+06	-16.852
-1e+06	-16.852
-5e+05	-16.852
0	-16.607
5e+05	-16.871
1e+06	-16.883
1.5e+06	-16.896
2e+06	-16.91
2.5e+06	-16.923
3e+06	-16.936
3.5e+06	-16.946
4e+06	-16.961
4.5e+06	-16.977
5e+06	-16.993
5.5e+06	-17.012
6e+06	-17.033
6.5e+06	-17.054
7e+06	-17.079
7.5e+06	-17.11
8e+06	-17.146
8.5e+06	-17.187
9e+06	-17.245
9.5e+06	-17.353
1e+07	-17.573
1.05e+07	-17.996
1.1e+07	-18.724
1.15e+07	-19.872
1.2e+07	-21.548
1.25e+07	-23.895
1.3e+07	-26.967
1.35e+07	-30.973
1.4e+07	-36.081
1.45e+07	-42.599
1.5e+07	-51.048
1.55e+07	-62.312
1.6e+07	-80.342
1.65e+07	-85.395
1.7e+07	-84.679
