-1.7e+07	-82.58
-1.65e+07	-81.204
-1.6e+07	-65.217
-1.55e+07	-46.901
-1.5e+07	-35.385
-1.45e+07	-26.831
-1.4e+07	-20.193
-1.35e+07	-14.972
-1.3e+07	-10.89
-1.25e+07	-7.6906
-1.2e+07	-5.4277
-1.15e+07	-3.7697
-1.1e+07	-2.6643
-1.05e+07	-1.9799
-1e+07	-1.5964
-9.5e+06	-1.4022
-9e+06	-1.3079
-8.5e+06	-1.2565
-8e+06	-1.2204
-7.5e+06	-1.1873
-7e+06	-1.1616
-6.5e+06	-1.1382
-6e+06	-1.1197
-5.5e+06	-1.1011
-5e+06	-1.0848
-4.5e+06	-1.0711
-4e+06	-1.0583
-3.5e+06	-1.0439
-3e+06	-1.0336
-2.5e+06	-0.86264
-2e+06	-0.84955
-1.5e+06	-0.83827
-1e+06	-0.99362
-5e+05	-0.97974
0	-0.7371
5e+05	-0.9692
1e+06	-0.97122
1.5e+06	-0.9704
2e+06	-0.973
2.5e+06	-0.97385
3e+06	-0.97537
3.5e+06	-0.97663
4e+06	-0.98023
4.5e+06	-0.98245
5e+06	-0.98282
5.5e+06	-0.98864
6e+06	-0.99668
6.5e+06	-1.0041
7e+06	-1.0164
7.5e+06	-1.0323
8e+06	-1.0551
8.5e+06	-1.0798
9e+06	-1.1213
9.5e+06	-1.2058
1e+07	-1.3881
1.05e+07	-1.7635
1.1e+07	-2.4384
1.15e+07	-3.5349
1.2e+07	-5.1838
1.25e+07	-7.4688
1.3e+07	-10.625
1.35e+07	-14.694
1.4e+07	-19.904
1.45e+07	-26.522
1.5e+07	-35.079
1.55e+07	-46.543
1.6e+07	-64.766
1.65e+07	-80.695
1.7e+07	-82.279
