-1.7e+07	-83.9
-1.65e+07	-83.337
-1.6e+07	-85.397
-1.55e+07	-77.78
-1.5e+07	-65.969
-1.45e+07	-57.629
-1.4e+07	-51.078
-1.35e+07	-46.002
-1.3e+07	-42.009
-1.25e+07	-38.936
-1.2e+07	-36.608
-1.15e+07	-34.931
-1.1e+07	-33.8
-1.05e+07	-33.077
-1e+07	-32.663
-9.5e+06	-32.461
-9e+06	-32.363
-8.5e+06	-32.316
-8e+06	-32.288
-7.5e+06	-32.261
-7e+06	-32.242
-6.5e+06	-32.228
-6e+06	-32.217
-5.5e+06	-32.205
-5e+06	-32.202
-4.5e+06	-32.201
-4e+06	-32.195
-3.5e+06	-32.197
-3e+06	-32.195
-2.5e+06	-32.194
-2e+06	-32.193
-1.5e+06	-32.188
-1e+06	-32.192
-5e+05	-32.19
0	-31.966
5e+05	-32.21
1e+06	-32.221
1.5e+06	-32.23
2e+06	-32.241
2.5e+06	-32.258
3e+06	-32.274
3.5e+06	-32.281
4e+06	-32.292
4.5e+06	-32.311
5e+06	-32.328
5.5e+06	-32.342
6e+06	-32.36
6.5e+06	-32.382
7e+06	-32.405
7.5e+06	-32.436
8e+06	-32.469
8.5e+06	-32.506
9e+06	-32.562
9.5e+06	-32.668
1e+07	-32.889
1.05e+07	-33.305
1.1e+07	-34.027
1.15e+07	-35.174
1.2e+07	-36.853
1.25e+07	-39.196
1.3e+07	-42.266
1.35e+07	-46.255
1.4e+07	-51.372
1.45e+07	-57.843
1.5e+07	-66.216
1.55e+07	-77.498
1.6e+07	-86.679
1.65e+07	-84.863
1.7e+07	-85.463
