-1.7e+07	-84.651
-1.65e+07	-84.866
-1.6e+07	-85.5
-1.55e+07	-78.491
-1.5e+07	-67.051
-1.45e+07	-58.875
-1.4e+07	-52.375
-1.35e+07	-47.249
-1.3e+07	-43.249
-1.25e+07	-40.18
-1.2e+07	-37.834
-1.15e+07	-36.161
-1.1e+07	-35.017
-1.05e+07	-34.296
-1e+07	-33.874
-9.5e+06	-33.661
-9e+06	-33.553
-8.5e+06	-33.5
-8e+06	-33.465
-7.5e+06	-33.434
-7e+06	-33.406
-6.5e+06	-33.376
-6e+06	-33.362
-5.5e+06	-33.347
-5e+06	-33.33
-4.5e+06	-33.318
-4e+06	-33.309
-3.5e+06	-33.294
-3e+06	-33.279
-2.5e+06	-33.276
-2e+06	-33.263
-1.5e+06	-33.253
-1e+06	-33.244
-5e+05	-33.232
0	-32.828
5e+05	-33.232
1e+06	-33.229
1.5e+06	-33.232
2e+06	-33.241
2.5e+06	-33.236
3e+06	-33.24
3.5e+06	-33.248
4e+06	-33.246
4.5e+06	-33.252
5e+06	-33.258
5.5e+06	-33.264
6e+06	-33.276
6.5e+06	-33.281
7e+06	-33.298
7.5e+06	-33.32
8e+06	-33.344
8.5e+06	-33.382
9e+06	-33.42
9.5e+06	-33.523
1e+07	-33.733
1.05e+07	-34.14
1.1e+07	-34.86
1.15e+07	-35.998
1.2e+07	-37.67
1.25e+07	-40.014
1.3e+07	-43.064
1.35e+07	-47.061
1.4e+07	-52.138
1.45e+07	-58.688
1.5e+07	-67.082
1.55e+07	-78.726
1.6e+07	-84.876
1.65e+07	-85.127
1.7e+07	-85.985
