-1.7e+07	-82.907
-1.65e+07	-83.489
-1.6e+07	-83.443
-1.55e+07	-77.582
-1.5e+07	-66.263
-1.45e+07	-57.862
-1.4e+07	-51.48
-1.35e+07	-46.349
-1.3e+07	-42.358
-1.25e+07	-39.277
-1.2e+07	-36.933
-1.15e+07	-35.268
-1.1e+07	-34.125
-1.05e+07	-33.402
-1e+07	-32.994
-9.5e+06	-32.778
-9e+06	-32.684
-8.5e+06	-32.631
-8e+06	-32.601
-7.5e+06	-32.571
-7e+06	-32.551
-6.5e+06	-32.535
-6e+06	-32.523
-5.5e+06	-32.516
-5e+06	-32.501
-4.5e+06	-32.495
-4e+06	-32.484
-3.5e+06	-32.482
-3e+06	-32.483
-2.5e+06	-32.479
-2e+06	-32.475
-1.5e+06	-32.472
-1e+06	-32.471
-5e+05	-32.464
0	-32.031
5e+05	-32.484
1e+06	-32.486
1.5e+06	-32.494
2e+06	-32.508
2.5e+06	-32.524
3e+06	-32.531
3.5e+06	-32.548
4e+06	-32.556
4.5e+06	-32.571
5e+06	-32.587
5.5e+06	-32.604
6e+06	-32.622
6.5e+06	-32.634
7e+06	-32.659
7.5e+06	-32.691
8e+06	-32.724
8.5e+06	-32.762
9e+06	-32.82
9.5e+06	-32.933
1e+07	-33.145
1.05e+07	-33.563
1.1e+07	-34.298
1.15e+07	-35.437
1.2e+07	-37.122
1.25e+07	-39.478
1.3e+07	-42.55
1.35e+07	-46.567
1.4e+07	-51.739
1.45e+07	-58.076
1.5e+07	-66.522
1.55e+07	-77.333
1.6e+07	-83.179
1.65e+07	-83.165
1.7e+07	-83.409
