-1.7e+07	-83.958
-1.65e+07	-83.331
-1.6e+07	-79.568
-1.55e+07	-61.514
-1.5e+07	-50.065
-1.45e+07	-41.539
-1.4e+07	-34.901
-1.35e+07	-29.681
-1.3e+07	-25.605
-1.25e+07	-22.405
-1.2e+07	-20.137
-1.15e+07	-18.48
-1.1e+07	-17.371
-1.05e+07	-16.683
-1e+07	-16.296
-9.5e+06	-16.098
-9e+06	-16
-8.5e+06	-15.946
-8e+06	-15.909
-7.5e+06	-15.875
-7e+06	-15.846
-6.5e+06	-15.822
-6e+06	-15.802
-5.5e+06	-15.783
-5e+06	-15.765
-4.5e+06	-15.749
-4e+06	-15.734
-3.5e+06	-15.72
-3e+06	-15.708
-2.5e+06	-15.497
-2e+06	-15.404
-1.5e+06	-15.392
-1e+06	-15.658
-5e+05	-15.644
0	-15.404
5e+05	-15.631
1e+06	-15.629
1.5e+06	-15.626
2e+06	-15.625
2.5e+06	-15.624
3e+06	-15.622
3.5e+06	-15.62
4e+06	-15.621
4.5e+06	-15.622
5e+06	-15.624
5.5e+06	-15.627
6e+06	-15.632
6.5e+06	-15.638
7e+06	-15.649
7.5e+06	-15.662
8e+06	-15.681
8.5e+06	-15.704
9e+06	-15.743
9.5e+06	-15.827
1e+07	-16.011
1.05e+07	-16.386
1.1e+07	-17.059
1.15e+07	-18.156
1.2e+07	-19.801
1.25e+07	-22.087
1.3e+07	-25.239
1.35e+07	-29.305
1.4e+07	-34.506
1.45e+07	-41.115
1.5e+07	-49.653
1.55e+07	-60.904
1.6e+07	-79.94
1.65e+07	-83.575
1.7e+07	-83.427
