-1.7e+07	-83.204
-1.65e+07	-82.242
-1.6e+07	-79.404
-1.55e+07	-62.185
-1.5e+07	-50.82
-1.45e+07	-42.379
-1.4e+07	-35.854
-1.35e+07	-30.749
-1.3e+07	-26.745
-1.25e+07	-23.672
-1.2e+07	-21.336
-1.15e+07	-19.663
-1.1e+07	-18.525
-1.05e+07	-17.804
-1e+07	-17.39
-9.5e+06	-17.176
-9e+06	-17.077
-8.5e+06	-17.028
-8e+06	-16.995
-7.5e+06	-16.966
-7e+06	-16.944
-6.5e+06	-16.927
-6e+06	-16.916
-5.5e+06	-16.905
-5e+06	-16.897
-4.5e+06	-16.888
-4e+06	-16.884
-3.5e+06	-16.879
-3e+06	-16.876
-2.5e+06	-16.874
-2e+06	-16.872
-1.5e+06	-16.87
-1e+06	-16.869
-5e+05	-16.864
0	-16.414
5e+05	-16.882
1e+06	-16.89
1.5e+06	-16.899
2e+06	-16.909
2.5e+06	-16.922
3e+06	-16.933
3.5e+06	-16.946
4e+06	-16.959
4.5e+06	-16.971
5e+06	-16.988
5.5e+06	-17.004
6e+06	-17.023
6.5e+06	-17.044
7e+06	-17.071
7.5e+06	-17.101
8e+06	-17.14
8.5e+06	-17.182
9e+06	-17.239
9.5e+06	-17.35
1e+07	-17.571
1.05e+07	-17.996
1.1e+07	-18.725
1.15e+07	-19.873
1.2e+07	-21.553
1.25e+07	-23.906
1.3e+07	-26.982
1.35e+07	-30.964
1.4e+07	-36.106
1.45e+07	-42.642
1.5e+07	-51.077
1.55e+07	-62.644
1.6e+07	-80.197
1.65e+07	-84.353
1.7e+07	-83.965
