-1.7e+07	-82.879
-1.65e+07	-82.63
-1.6e+07	-81.313
-1.55e+07	-76.803
-1.5e+07	-66.032
-1.45e+07	-57.633
-1.4e+07	-51.194
-1.35e+07	-46.09
-1.3e+07	-42.085
-1.25e+07	-39.003
-1.2e+07	-36.668
-1.15e+07	-34.985
-1.1e+07	-33.842
-1.05e+07	-33.114
-1e+07	-32.698
-9.5e+06	-32.481
-9e+06	-32.373
-8.5e+06	-32.322
-8e+06	-32.284
-7.5e+06	-32.254
-7e+06	-32.22
-6.5e+06	-32.198
-6e+06	-32.175
-5.5e+06	-32.172
-5e+06	-32.138
-4.5e+06	-32.144
-4e+06	-32.135
-3.5e+06	-32.123
-3e+06	-32.112
-2.5e+06	-32.103
-2e+06	-32.094
-1.5e+06	-32.089
-1e+06	-32.072
-5e+05	-32.065
0	-31.63
5e+05	-32.068
1e+06	-32.081
1.5e+06	-32.076
2e+06	-32.086
2.5e+06	-32.092
3e+06	-32.099
3.5e+06	-32.104
4e+06	-32.113
4.5e+06	-32.121
5e+06	-32.126
5.5e+06	-32.139
6e+06	-32.153
6.5e+06	-32.152
7e+06	-32.184
7.5e+06	-32.207
8e+06	-32.232
8.5e+06	-32.26
9e+06	-32.313
9.5e+06	-32.421
1e+07	-32.62
1.05e+07	-33.052
1.1e+07	-33.758
1.15e+07	-34.899
1.2e+07	-36.564
1.25e+07	-38.912
1.3e+07	-41.988
1.35e+07	-45.98
1.4e+07	-51.072
1.45e+07	-57.643
1.5e+07	-66.004
1.55e+07	-76.138
1.6e+07	-82.377
1.65e+07	-81.852
1.7e+07	-82.187
