-1.7e+07	-83.54
-1.65e+07	-83.109
-1.6e+07	-79.072
-1.55e+07	-62.329
-1.5e+07	-50.93
-1.45e+07	-42.45
-1.4e+07	-35.927
-1.35e+07	-30.822
-1.3e+07	-26.812
-1.25e+07	-23.729
-1.2e+07	-21.395
-1.15e+07	-19.72
-1.1e+07	-18.575
-1.05e+07	-17.852
-1e+07	-17.434
-9.5e+06	-17.217
-9e+06	-17.112
-8.5e+06	-17.057
-8e+06	-17.019
-7.5e+06	-16.987
-7e+06	-16.958
-6.5e+06	-16.938
-6e+06	-16.9
-5.5e+06	-16.905
-5e+06	-16.871
-4.5e+06	-16.876
-4e+06	-16.866
-3.5e+06	-16.855
-3e+06	-16.845
-2.5e+06	-16.837
-2e+06	-16.826
-1.5e+06	-16.816
-1e+06	-16.807
-5e+05	-16.797
0	-16.369
5e+05	-16.801
1e+06	-16.807
1.5e+06	-16.81
2e+06	-16.818
2.5e+06	-16.824
3e+06	-16.83
3.5e+06	-16.836
4e+06	-16.844
4.5e+06	-16.85
5e+06	-16.859
5.5e+06	-16.869
6e+06	-16.88
6.5e+06	-16.895
7e+06	-16.913
7.5e+06	-16.935
8e+06	-16.964
8.5e+06	-16.997
9e+06	-17.047
9.5e+06	-17.147
1e+07	-17.358
1.05e+07	-17.772
1.1e+07	-18.492
1.15e+07	-19.628
1.2e+07	-21.297
1.25e+07	-23.636
1.3e+07	-26.7
1.35e+07	-30.698
1.4e+07	-35.811
1.45e+07	-42.315
1.5e+07	-50.729
1.55e+07	-62.308
1.6e+07	-79.448
1.65e+07	-82.258
1.7e+07	-82.908
