-1.7e+07	-85.265
-1.65e+07	-85.103
-1.6e+07	-81.321
-1.55e+07	-63.162
-1.5e+07	-51.753
-1.45e+07	-43.313
-1.4e+07	-36.817
-1.35e+07	-31.711
-1.3e+07	-27.718
-1.25e+07	-24.647
-1.2e+07	-22.314
-1.15e+07	-20.646
-1.1e+07	-19.509
-1.05e+07	-18.789
-1e+07	-18.379
-9.5e+06	-18.167
-9e+06	-18.069
-8.5e+06	-18.022
-8e+06	-17.993
-7.5e+06	-17.966
-7e+06	-17.946
-6.5e+06	-17.931
-6e+06	-17.923
-5.5e+06	-17.911
-5e+06	-17.904
-4.5e+06	-17.898
-4e+06	-17.895
-3.5e+06	-17.892
-3e+06	-17.89
-2.5e+06	-17.889
-2e+06	-17.89
-1.5e+06	-17.885
-1e+06	-17.886
-5e+05	-17.885
0	-17.552
5e+05	-17.903
1e+06	-17.913
1.5e+06	-17.923
2e+06	-17.935
2.5e+06	-17.947
3e+06	-17.966
3.5e+06	-17.973
4e+06	-17.987
4.5e+06	-18.002
5e+06	-18.018
5.5e+06	-18.035
6e+06	-18.055
6.5e+06	-18.079
7e+06	-18.104
7.5e+06	-18.135
8e+06	-18.172
8.5e+06	-18.213
9e+06	-18.273
9.5e+06	-18.382
1e+07	-18.603
1.05e+07	-19.026
1.1e+07	-19.757
1.15e+07	-20.905
1.2e+07	-22.583
1.25e+07	-24.932
1.3e+07	-28.002
1.35e+07	-32.01
1.4e+07	-37.127
1.45e+07	-43.631
1.5e+07	-52.088
1.55e+07	-63.691
1.6e+07	-80.893
1.65e+07	-85.41
1.7e+07	-84.974
