-1.7e+07	-84.227
-1.65e+07	-82.342
-1.6e+07	-83.48
-1.55e+07	-77.555
-1.5e+07	-66.221
-1.45e+07	-57.778
-1.4e+07	-51.168
-1.35e+07	-46.042
-1.3e+07	-42.049
-1.25e+07	-38.967
-1.2e+07	-36.633
-1.15e+07	-34.955
-1.1e+07	-33.823
-1.05e+07	-33.101
-1e+07	-32.691
-9.5e+06	-32.477
-9e+06	-32.375
-8.5e+06	-32.319
-8e+06	-32.292
-7.5e+06	-32.265
-7e+06	-32.241
-6.5e+06	-32.222
-6e+06	-32.213
-5.5e+06	-32.206
-5e+06	-32.195
-4.5e+06	-32.192
-4e+06	-32.188
-3.5e+06	-32.178
-3e+06	-32.177
-2.5e+06	-32.177
-2e+06	-32.174
-1.5e+06	-32.176
-1e+06	-32.173
-5e+05	-32.169
0	-31.75
5e+05	-32.186
1e+06	-32.195
1.5e+06	-32.199
2e+06	-32.218
2.5e+06	-32.223
3e+06	-32.236
3.5e+06	-32.248
4e+06	-32.261
4.5e+06	-32.278
5e+06	-32.289
5.5e+06	-32.306
6e+06	-32.325
6.5e+06	-32.343
7e+06	-32.377
7.5e+06	-32.407
8e+06	-32.444
8.5e+06	-32.478
9e+06	-32.545
9.5e+06	-32.657
1e+07	-32.874
1.05e+07	-33.3
1.1e+07	-34.023
1.15e+07	-35.177
1.2e+07	-36.857
1.25e+07	-39.196
1.3e+07	-42.288
1.35e+07	-46.303
1.4e+07	-51.459
1.45e+07	-57.93
1.5e+07	-66.313
1.55e+07	-77.439
1.6e+07	-81.587
1.65e+07	-83.987
1.7e+07	-83.936
