-1.7e+07	-84.5
-1.65e+07	-85.943
-1.6e+07	-79.45
-1.55e+07	-63.489
-1.5e+07	-52.178
-1.45e+07	-43.724
-1.4e+07	-37.221
-1.35e+07	-32.11
-1.3e+07	-28.113
-1.25e+07	-25.037
-1.2e+07	-22.696
-1.15e+07	-21.023
-1.1e+07	-19.881
-1.05e+07	-19.156
-1e+07	-18.737
-9.5e+06	-18.521
-9e+06	-18.416
-8.5e+06	-18.362
-8e+06	-18.324
-7.5e+06	-18.291
-7e+06	-18.266
-6.5e+06	-18.24
-6e+06	-18.221
-5.5e+06	-18.206
-5e+06	-18.189
-4.5e+06	-18.178
-4e+06	-18.163
-3.5e+06	-18.152
-3e+06	-18.142
-2.5e+06	-18.132
-2e+06	-18.118
-1.5e+06	-18.11
-1e+06	-18.099
-5e+05	-18.086
0	-17.714
5e+05	-18.084
1e+06	-18.086
1.5e+06	-18.086
2e+06	-18.089
2.5e+06	-18.09
3e+06	-18.093
3.5e+06	-18.094
4e+06	-18.097
4.5e+06	-18.103
5e+06	-18.106
5.5e+06	-18.114
6e+06	-18.122
6.5e+06	-18.132
7e+06	-18.148
7.5e+06	-18.168
8e+06	-18.193
8.5e+06	-18.226
9e+06	-18.27
9.5e+06	-18.367
1e+07	-18.577
1.05e+07	-18.989
1.1e+07	-19.709
1.15e+07	-20.844
1.2e+07	-22.51
1.25e+07	-24.849
1.3e+07	-27.91
1.35e+07	-31.903
1.4e+07	-37.017
1.45e+07	-43.497
1.5e+07	-51.977
1.55e+07	-63.254
1.6e+07	-80.348
1.65e+07	-85.599
1.7e+07	-85.48
