-1.7e+07	-81.692
-1.65e+07	-81.027
-1.6e+07	-64.566
-1.55e+07	-46.164
-1.5e+07	-34.674
-1.45e+07	-26.138
-1.4e+07	-19.525
-1.35e+07	-14.329
-1.3e+07	-10.266
-1.25e+07	-7.1056
-1.2e+07	-4.8158
-1.15e+07	-3.1546
-1.1e+07	-2.0437
-1.05e+07	-1.3543
-1e+07	-0.96748
-9.5e+06	-0.7711
-9e+06	-0.6772
-8.5e+06	-0.62805
-8e+06	-0.5952
-7.5e+06	-0.56381
-7e+06	-0.54042
-6.5e+06	-0.51947
-6e+06	-0.50341
-5.5e+06	-0.48304
-5e+06	-0.47793
-4.5e+06	-0.46617
-4e+06	-0.45711
-3.5e+06	-0.44817
-3e+06	-0.4383
-2.5e+06	-0.43136
-2e+06	-0.42289
-1.5e+06	-0.4135
-1e+06	-0.4072
-5e+05	-0.39779
0	-0.19222
5e+05	-0.39412
1e+06	-0.39917
1.5e+06	-0.40214
2e+06	-0.40732
2.5e+06	-0.41109
3e+06	-0.41584
3.5e+06	-0.42055
4e+06	-0.4258
4.5e+06	-0.43
5e+06	-0.43028
5.5e+06	-0.44701
6e+06	-0.45738
6.5e+06	-0.46823
7e+06	-0.48594
7.5e+06	-0.50515
8e+06	-0.53135
8.5e+06	-0.55931
9e+06	-0.60463
9.5e+06	-0.69466
1e+07	-0.88106
1.05e+07	-1.2625
1.1e+07	-1.9551
1.15e+07	-3.0653
1.2e+07	-4.7207
1.25e+07	-7.0283
1.3e+07	-10.163
1.35e+07	-14.223
1.4e+07	-19.406
1.45e+07	-26.02
1.5e+07	-34.549
1.55e+07	-46.016
1.6e+07	-64.354
1.65e+07	-81.691
1.7e+07	-80.711
