-1.7e+07	-83.44
-1.65e+07	-84.17
-1.6e+07	-78.678
-1.55e+07	-60.559
-1.5e+07	-49.07
-1.45e+07	-40.574
-1.4e+07	-33.961
-1.35e+07	-28.772
-1.3e+07	-24.71
-1.25e+07	-21.555
-1.2e+07	-19.26
-1.15e+07	-17.6
-1.1e+07	-16.485
-1.05e+07	-15.793
-1e+07	-15.4
-9.5e+06	-15.201
-9e+06	-15.105
-8.5e+06	-15.055
-8e+06	-15.02
-7.5e+06	-14.99
-7e+06	-14.963
-6.5e+06	-14.943
-6e+06	-14.926
-5.5e+06	-14.907
-5e+06	-14.896
-4.5e+06	-14.884
-4e+06	-14.872
-3.5e+06	-14.861
-3e+06	-14.852
-2.5e+06	-14.844
-2e+06	-14.833
-1.5e+06	-14.825
-1e+06	-14.816
-5e+05	-14.808
0	-14.611
5e+05	-14.802
1e+06	-14.806
1.5e+06	-14.807
2e+06	-14.811
2.5e+06	-14.814
3e+06	-14.819
3.5e+06	-14.822
4e+06	-14.827
4.5e+06	-14.833
5e+06	-14.837
5.5e+06	-14.848
6e+06	-14.856
6.5e+06	-14.868
7e+06	-14.884
7.5e+06	-14.905
8e+06	-14.929
8.5e+06	-14.959
9e+06	-15.003
9.5e+06	-15.093
1e+07	-15.286
1.05e+07	-15.671
1.1e+07	-16.363
1.15e+07	-17.471
1.2e+07	-19.128
1.25e+07	-21.44
1.3e+07	-24.569
1.35e+07	-28.621
1.4e+07	-33.803
1.45e+07	-40.416
1.5e+07	-48.944
1.55e+07	-60.343
1.6e+07	-78.159
1.65e+07	-83.348
1.7e+07	-83.376
