-1.7e+07	-83.233
-1.65e+07	-79.989
-1.6e+07	-64.007
-1.55e+07	-46.068
-1.5e+07	-34.595
-1.45e+07	-26.088
-1.4e+07	-19.496
-1.35e+07	-14.315
-1.3e+07	-10.259
-1.25e+07	-7.1384
-1.2e+07	-4.8166
-1.15e+07	-3.158
-1.1e+07	-2.0444
-1.05e+07	-1.3525
-1e+07	-0.96432
-9.5e+06	-0.76655
-9e+06	-0.67289
-8.5e+06	-0.62583
-8e+06	-0.52998
-7.5e+06	-0.50242
-7e+06	-0.4804
-6.5e+06	-0.4621
-6e+06	-0.38817
-5.5e+06	-0.33799
-5e+06	-0.42483
-4.5e+06	-0.41671
-4e+06	-0.41012
-3.5e+06	-0.40252
-3e+06	-0.39728
-2.5e+06	-0.39225
-2e+06	-0.38698
-1.5e+06	-0.38083
-1e+06	-0.37669
-5e+05	-0.36978
0	-0.19782
5e+05	-0.37283
1e+06	-0.41063
1.5e+06	-0.44606
2e+06	-0.45162
2.5e+06	-0.40338
3e+06	-0.40911
3.5e+06	-0.41564
4e+06	-0.42363
4.5e+06	-0.43076
5e+06	-0.43948
5.5e+06	-0.47999
6e+06	-0.51657
6.5e+06	-0.53033
7e+06	-0.49862
7.5e+06	-0.52114
8e+06	-0.55445
8.5e+06	-0.642
9e+06	-0.69226
9.5e+06	-0.78943
1e+07	-0.99017
1.05e+07	-1.3837
1.1e+07	-2.0787
1.15e+07	-3.1964
1.2e+07	-4.8123
1.25e+07	-7.1353
1.3e+07	-10.258
1.35e+07	-14.319
1.4e+07	-19.506
1.45e+07	-26.101
1.5e+07	-34.622
1.55e+07	-46.086
1.6e+07	-64.444
1.65e+07	-80.774
1.7e+07	-82.219
