-1.7e+07	-84.343
-1.65e+07	-83.849
-1.6e+07	-78.405
-1.55e+07	-60.446
-1.5e+07	-48.996
-1.45e+07	-40.491
-1.4e+07	-33.911
-1.35e+07	-28.74
-1.3e+07	-24.688
-1.25e+07	-21.578
-1.2e+07	-19.256
-1.15e+07	-17.596
-1.1e+07	-16.48
-1.05e+07	-15.788
-1e+07	-15.399
-9.5e+06	-15.201
-9e+06	-15.105
-8.5e+06	-15.06
-8e+06	-14.85
-7.5e+06	-14.743
-7e+06	-14.721
-6.5e+06	-14.705
-6e+06	-14.786
-5.5e+06	-14.698
-5e+06	-14.754
-4.5e+06	-14.667
-4e+06	-14.661
-3.5e+06	-14.657
-3e+06	-14.652
-2.5e+06	-14.648
-2e+06	-14.644
-1.5e+06	-14.641
-1e+06	-14.638
-5e+05	-14.635
0	-14.474
5e+05	-14.64
1e+06	-14.811
1.5e+06	-14.902
2e+06	-14.912
2.5e+06	-14.754
3e+06	-14.681
3.5e+06	-14.689
4e+06	-14.699
4.5e+06	-14.708
5e+06	-14.721
5.5e+06	-14.858
6e+06	-14.99
6.5e+06	-15.009
7e+06	-14.872
7.5e+06	-14.818
8e+06	-14.852
8.5e+06	-15.124
9e+06	-15.176
9.5e+06	-15.277
1e+07	-15.483
1.05e+07	-15.885
1.1e+07	-16.582
1.15e+07	-17.707
1.2e+07	-19.223
1.25e+07	-21.472
1.3e+07	-24.585
1.35e+07	-28.637
1.4e+07	-33.811
1.45e+07	-40.393
1.5e+07	-48.915
1.55e+07	-60.335
1.6e+07	-76.886
1.65e+07	-84.251
1.7e+07	-83.326
