-1.7e+07	-80.742
-1.65e+07	-80.171
-1.6e+07	-64.665
-1.55e+07	-46.363
-1.5e+07	-34.899
-1.45e+07	-26.39
-1.4e+07	-19.811
-1.35e+07	-14.637
-1.3e+07	-10.587
-1.25e+07	-7.4805
-1.2e+07	-5.1505
-1.15e+07	-3.4919
-1.1e+07	-2.378
-1.05e+07	-1.686
-1e+07	-1.2935
-9.5e+06	-1.0964
-9e+06	-1.0043
-8.5e+06	-0.95871
-8e+06	-0.9292
-7.5e+06	-0.90403
-7e+06	-0.88273
-6.5e+06	-0.86669
-6e+06	-0.85563
-5.5e+06	-0.84523
-5e+06	-0.83654
-4.5e+06	-0.82839
-4e+06	-0.82191
-3.5e+06	-0.81703
-3e+06	-0.81165
-2.5e+06	-0.80735
-2e+06	-0.80364
-1.5e+06	-0.79821
-1e+06	-0.79529
-5e+05	-0.79062
0	-0.64279
5e+05	-0.79608
1e+06	-0.80636
1.5e+06	-0.81478
2e+06	-0.82561
2.5e+06	-0.83536
3e+06	-0.84335
3.5e+06	-0.85347
4e+06	-0.86443
4.5e+06	-0.86765
5e+06	-0.88761
5.5e+06	-0.89502
6e+06	-0.90933
6.5e+06	-0.92565
7e+06	-0.94611
7.5e+06	-0.97109
8e+06	-1.0025
8.5e+06	-1.0364
9e+06	-1.0861
9.5e+06	-1.1817
1e+07	-1.3836
1.05e+07	-1.7792
1.1e+07	-2.4773
1.15e+07	-3.5965
1.2e+07	-5.2618
1.25e+07	-7.5436
1.3e+07	-10.659
1.35e+07	-14.769
1.4e+07	-19.948
1.45e+07	-26.536
1.5e+07	-35.023
1.55e+07	-46.479
1.6e+07	-64.536
1.65e+07	-81.323
1.7e+07	-81.551
