-1.7e+07	-83.099
-1.65e+07	-83.99
-1.6e+07	-77.833
-1.55e+07	-60.643
-1.5e+07	-49.148
-1.45e+07	-40.666
-1.4e+07	-34.104
-1.35e+07	-28.942
-1.3e+07	-24.901
-1.25e+07	-21.805
-1.2e+07	-19.469
-1.15e+07	-17.814
-1.1e+07	-16.697
-1.05e+07	-16.002
-1e+07	-15.609
-9.5e+06	-15.411
-9e+06	-15.32
-8.5e+06	-15.276
-8e+06	-15.247
-7.5e+06	-15.226
-7e+06	-15.204
-6.5e+06	-15.187
-6e+06	-15.181
-5.5e+06	-15.169
-5e+06	-15.161
-4.5e+06	-15.156
-4e+06	-15.151
-3.5e+06	-15.148
-3e+06	-15.145
-2.5e+06	-15.142
-2e+06	-15.138
-1.5e+06	-15.137
-1e+06	-15.134
-5e+05	-15.133
0	-14.995
5e+05	-15.139
1e+06	-15.149
1.5e+06	-15.158
2e+06	-15.167
2.5e+06	-15.177
3e+06	-15.188
3.5e+06	-15.197
4e+06	-15.207
4.5e+06	-15.212
5e+06	-15.232
5.5e+06	-15.247
6e+06	-15.262
6.5e+06	-15.28
7e+06	-15.302
7.5e+06	-15.328
8e+06	-15.361
8.5e+06	-15.396
9e+06	-15.449
9.5e+06	-15.548
1e+07	-15.753
1.05e+07	-16.154
1.1e+07	-16.856
1.15e+07	-17.979
1.2e+07	-19.65
1.25e+07	-21.82
1.3e+07	-24.926
1.35e+07	-29.151
1.4e+07	-34.311
1.45e+07	-40.891
1.5e+07	-49.401
1.55e+07	-60.72
1.6e+07	-79.431
1.65e+07	-83.573
1.7e+07	-83.751
