-1.7e+07	-84.697
-1.65e+07	-84.321
-1.6e+07	-79.114
-1.55e+07	-61.275
-1.5e+07	-49.833
-1.45e+07	-41.398
-1.4e+07	-34.82
-1.35e+07	-29.663
-1.3e+07	-25.625
-1.25e+07	-22.538
-1.2e+07	-20.193
-1.15e+07	-18.535
-1.1e+07	-17.373
-1.05e+07	-16.55
-1e+07	-16.154
-9.5e+06	-16.059
-9e+06	-16.028
-8.5e+06	-15.981
-8e+06	-15.952
-7.5e+06	-15.926
-7e+06	-15.906
-6.5e+06	-15.889
-6e+06	-15.878
-5.5e+06	-15.868
-5e+06	-15.861
-4.5e+06	-15.852
-4e+06	-15.849
-3.5e+06	-15.846
-3e+06	-15.842
-2.5e+06	-15.837
-2e+06	-15.833
-1.5e+06	-15.831
-1e+06	-15.828
-5e+05	-15.825
0	-15.703
5e+05	-15.834
1e+06	-15.836
1.5e+06	-15.851
2e+06	-15.86
2.5e+06	-15.87
3e+06	-15.881
3.5e+06	-15.891
4e+06	-15.902
4.5e+06	-15.915
5e+06	-15.928
5.5e+06	-15.943
6e+06	-15.959
6.5e+06	-15.976
7e+06	-16.001
7.5e+06	-16.028
8e+06	-16.059
8.5e+06	-16.095
9e+06	-16.15
9.5e+06	-16.25
1e+07	-16.456
1.05e+07	-16.862
1.1e+07	-17.566
1.15e+07	-18.693
1.2e+07	-20.359
1.25e+07	-22.713
1.3e+07	-25.81
1.35e+07	-29.862
1.4e+07	-35.026
1.45e+07	-41.595
1.5e+07	-50.078
1.55e+07	-61.521
1.6e+07	-78.369
1.65e+07	-84.239
1.7e+07	-84.725
