-1.7e+07	-82.698
-1.65e+07	-80.473
-1.6e+07	-65.255
-1.55e+07	-46.821
-1.5e+07	-35.327
-1.45e+07	-26.843
-1.4e+07	-20.273
-1.35e+07	-15.107
-1.3e+07	-11.062
-1.25e+07	-7.9656
-1.2e+07	-5.6228
-1.15e+07	-3.9619
-1.1e+07	-2.8358
-1.05e+07	-2.129
-1e+07	-1.7337
-9.5e+06	-1.5459
-9e+06	-1.4589
-8.5e+06	-1.4102
-8e+06	-1.3792
-7.5e+06	-1.3526
-7e+06	-1.3317
-6.5e+06	-1.3144
-6e+06	-1.3016
-5.5e+06	-1.291
-5e+06	-1.2815
-4.5e+06	-1.2728
-4e+06	-1.266
-3.5e+06	-1.2563
-3e+06	-1.2561
-2.5e+06	-1.2513
-2e+06	-1.2465
-1.5e+06	-1.2418
-1e+06	-1.2381
-5e+05	-1.234
0	-1.1057
5e+05	-1.2383
1e+06	-1.2388
1.5e+06	-1.254
2e+06	-1.2649
2.5e+06	-1.2729
3e+06	-1.2816
3.5e+06	-1.2906
4e+06	-1.3008
4.5e+06	-1.3102
5e+06	-1.3221
5.5e+06	-1.3361
6e+06	-1.3518
6.5e+06	-1.3679
7e+06	-1.3893
7.5e+06	-1.415
8e+06	-1.4459
8.5e+06	-1.4808
9e+06	-1.5321
9.5e+06	-1.6302
1e+07	-1.8351
1.05e+07	-2.2346
1.1e+07	-2.9359
1.15e+07	-4.0586
1.2e+07	-5.7253
1.25e+07	-8.0756
1.3e+07	-11.175
1.35e+07	-15.229
1.4e+07	-20.405
1.45e+07	-26.989
1.5e+07	-35.49
1.55e+07	-46.925
1.6e+07	-65.285
1.65e+07	-81.34
1.7e+07	-84.048
