-1.7e+07	-84.11
-1.65e+07	-82.889
-1.6e+07	-79.647
-1.55e+07	-61.838
-1.5e+07	-50.505
-1.45e+07	-42.054
-1.4e+07	-35.491
-1.35e+07	-30.342
-1.3e+07	-26.304
-1.25e+07	-23.221
-1.2e+07	-20.871
-1.15e+07	-19.212
-1.1e+07	-18.092
-1.05e+07	-17.394
-1e+07	-16.995
-9.5e+06	-16.794
-9e+06	-16.7
-8.5e+06	-16.655
-8e+06	-16.625
-7.5e+06	-16.601
-7e+06	-16.58
-6.5e+06	-16.565
-6e+06	-16.555
-5.5e+06	-16.548
-5e+06	-16.54
-4.5e+06	-16.525
-4e+06	-16.53
-3.5e+06	-16.525
-3e+06	-16.523
-2.5e+06	-16.519
-2e+06	-16.517
-1.5e+06	-16.514
-1e+06	-16.512
-5e+05	-16.51
0	-16.395
5e+05	-16.518
1e+06	-16.526
1.5e+06	-16.535
2e+06	-16.542
2.5e+06	-16.552
3e+06	-16.561
3.5e+06	-16.571
4e+06	-16.58
4.5e+06	-16.591
5e+06	-16.604
5.5e+06	-16.618
6e+06	-16.634
6.5e+06	-16.65
7e+06	-16.673
7.5e+06	-16.7
8e+06	-16.73
8.5e+06	-16.767
9e+06	-16.818
9.5e+06	-16.919
1e+07	-17.128
1.05e+07	-17.531
1.1e+07	-18.237
1.15e+07	-19.365
1.2e+07	-21.032
1.25e+07	-23.395
1.3e+07	-26.483
1.35e+07	-30.527
1.4e+07	-35.697
1.45e+07	-42.257
1.5e+07	-50.719
1.55e+07	-62.24
1.6e+07	-80.327
1.65e+07	-84.555
1.7e+07	-82.993
