-1.7e+07	-81.11
-1.65e+07	-81.355
-1.6e+07	-65.569
-1.55e+07	-47.268
-1.5e+07	-35.774
-1.45e+07	-27.302
-1.4e+07	-20.74
-1.35e+07	-15.581
-1.3e+07	-11.538
-1.25e+07	-8.451
-1.2e+07	-6.1
-1.15e+07	-4.4391
-1.1e+07	-3.3205
-1.05e+07	-2.6226
-1e+07	-2.2265
-9.5e+06	-2.0258
-9e+06	-1.9321
-8.5e+06	-1.8853
-8e+06	-1.8548
-7.5e+06	-1.8285
-7e+06	-1.8082
-6.5e+06	-1.7913
-6e+06	-1.7798
-5.5e+06	-1.7694
-5e+06	-1.7597
-4.5e+06	-1.7428
-4e+06	-1.7467
-3.5e+06	-1.7429
-3e+06	-1.7382
-2.5e+06	-1.7338
-2e+06	-1.7302
-1.5e+06	-1.7255
-1e+06	-1.723
-5e+05	-1.7191
0	-1.5996
5e+05	-1.7264
1e+06	-1.7352
1.5e+06	-1.7432
2e+06	-1.7532
2.5e+06	-1.7626
3e+06	-1.7726
3.5e+06	-1.7818
4e+06	-1.7923
4.5e+06	-1.8035
5e+06	-1.8167
5.5e+06	-1.8311
6e+06	-1.8476
6.5e+06	-1.8645
7e+06	-1.8865
7.5e+06	-1.9134
8e+06	-1.9446
8.5e+06	-1.981
9e+06	-2.0334
9.5e+06	-2.1336
1e+07	-2.3405
1.05e+07	-2.7424
1.1e+07	-3.4468
1.15e+07	-4.5707
1.2e+07	-6.2395
1.25e+07	-8.6003
1.3e+07	-11.69
1.35e+07	-15.744
1.4e+07	-20.912
1.45e+07	-27.486
1.5e+07	-35.969
1.55e+07	-47.432
1.6e+07	-65.689
1.65e+07	-81.741
1.7e+07	-83.143
