-1.7e+07	-85.332
-1.65e+07	-84.021
-1.6e+07	-83.505
-1.55e+07	-68.344
-1.5e+07	-57.188
-1.45e+07	-48.648
-1.4e+07	-42.118
-1.35e+07	-36.982
-1.3e+07	-32.966
-1.25e+07	-29.902
-1.2e+07	-27.553
-1.15e+07	-25.887
-1.1e+07	-24.753
-1.05e+07	-24.043
-1e+07	-23.632
-9.5e+06	-23.429
-9e+06	-23.333
-8.5e+06	-23.286
-8e+06	-23.254
-7.5e+06	-23.224
-7e+06	-23.149
-6.5e+06	-23.07
-6e+06	-23.125
-5.5e+06	-23.175
-5e+06	-23.16
-4.5e+06	-23.157
-4e+06	-23.152
-3.5e+06	-23.15
-3e+06	-23.144
-2.5e+06	-23.134
-2e+06	-23.138
-1.5e+06	-23.135
-1e+06	-23.132
-5e+05	-23.13
0	-23.015
5e+05	-23.078
1e+06	-23.026
1.5e+06	-23.035
2e+06	-23.046
2.5e+06	-23.049
3e+06	-23.067
3.5e+06	-23.079
4e+06	-23.036
4.5e+06	-23
5e+06	-23.008
5.5e+06	-23.153
6e+06	-23.268
6.5e+06	-23.285
7e+06	-23.307
7.5e+06	-23.33
8e+06	-23.368
8.5e+06	-23.408
9e+06	-23.461
9.5e+06	-23.564
1e+07	-23.773
1.05e+07	-24.196
1.1e+07	-24.917
1.15e+07	-26.052
1.2e+07	-27.729
1.25e+07	-30.098
1.3e+07	-33.162
1.35e+07	-37.192
1.4e+07	-42.341
1.45e+07	-48.864
1.5e+07	-57.315
1.55e+07	-68.688
1.6e+07	-83.738
1.65e+07	-84.666
1.7e+07	-84.009
