-1.7e+07	-83.145
-1.65e+07	-83.189
-1.6e+07	-81.015
-1.55e+07	-63.614
-1.5e+07	-51.989
-1.45e+07	-43.537
-1.4e+07	-36.967
-1.35e+07	-31.815
-1.3e+07	-27.792
-1.25e+07	-24.707
-1.2e+07	-22.356
-1.15e+07	-20.692
-1.1e+07	-19.571
-1.05e+07	-18.868
-1e+07	-18.462
-9.5e+06	-18.264
-9e+06	-18.17
-8.5e+06	-18.123
-8e+06	-18.094
-7.5e+06	-18.062
-7e+06	-18.048
-6.5e+06	-18.034
-6e+06	-18.022
-5.5e+06	-18.013
-5e+06	-17.999
-4.5e+06	-17.998
-4e+06	-17.993
-3.5e+06	-17.99
-3e+06	-17.986
-2.5e+06	-17.976
-2e+06	-17.981
-1.5e+06	-17.977
-1e+06	-17.976
-5e+05	-17.973
0	-17.873
5e+05	-17.98
1e+06	-17.991
1.5e+06	-17.999
2e+06	-18.009
2.5e+06	-18.012
3e+06	-18.028
3.5e+06	-18.038
4e+06	-18.049
4.5e+06	-18.06
5e+06	-18.066
5.5e+06	-18.088
6e+06	-18.103
6.5e+06	-18.12
7e+06	-18.143
7.5e+06	-18.164
8e+06	-18.2
8.5e+06	-18.237
9e+06	-18.29
9.5e+06	-18.391
1e+07	-18.594
1.05e+07	-19.008
1.1e+07	-19.717
1.15e+07	-20.847
1.2e+07	-22.516
1.25e+07	-24.879
1.3e+07	-27.963
1.35e+07	-32.005
1.4e+07	-37.164
1.45e+07	-43.715
1.5e+07	-52.171
1.55e+07	-63.494
1.6e+07	-79.616
1.65e+07	-83.306
1.7e+07	-83.918
