-1.7e+07	-82.907
-1.65e+07	-83.121
-1.6e+07	-78.591
-1.55e+07	-60.435
-1.5e+07	-48.82
-1.45e+07	-40.422
-1.4e+07	-33.814
-1.35e+07	-28.621
-1.3e+07	-24.563
-1.25e+07	-21.402
-1.2e+07	-19.114
-1.15e+07	-17.453
-1.1e+07	-16.337
-1.05e+07	-15.643
-1e+07	-15.245
-9.5e+06	-15.051
-9e+06	-14.955
-8.5e+06	-14.903
-8e+06	-14.867
-7.5e+06	-14.832
-7e+06	-14.81
-6.5e+06	-14.789
-6e+06	-14.771
-5.5e+06	-14.748
-5e+06	-14.737
-4.5e+06	-14.73
-4e+06	-14.719
-3.5e+06	-14.709
-3e+06	-14.699
-2.5e+06	-14.682
-2e+06	-14.68
-1.5e+06	-14.672
-1e+06	-14.662
-5e+05	-14.654
0	-14.453
5e+05	-14.647
1e+06	-14.651
1.5e+06	-14.652
2e+06	-14.655
2.5e+06	-14.65
3e+06	-14.661
3.5e+06	-14.664
4e+06	-14.669
4.5e+06	-14.672
5e+06	-14.664
5.5e+06	-14.687
6e+06	-14.697
6.5e+06	-14.707
7e+06	-14.722
7.5e+06	-14.735
8e+06	-14.765
8.5e+06	-14.795
9e+06	-14.84
9.5e+06	-14.929
1e+07	-15.107
1.05e+07	-15.5
1.1e+07	-16.198
1.15e+07	-17.307
1.2e+07	-18.964
1.25e+07	-21.271
1.3e+07	-24.401
1.35e+07	-28.452
1.4e+07	-33.62
1.45e+07	-40.225
1.5e+07	-48.656
1.55e+07	-60.226
1.6e+07	-79.122
1.65e+07	-84.123
1.7e+07	-83.436
