-1.7e+07	-83.857
-1.65e+07	-83.862
-1.6e+07	-76.467
-1.55e+07	-59.085
-1.5e+07	-47.605
-1.45e+07	-39.181
-1.4e+07	-32.662
-1.35e+07	-27.552
-1.3e+07	-23.546
-1.25e+07	-20.481
-1.2e+07	-18.129
-1.15e+07	-16.459
-1.1e+07	-15.321
-1.05e+07	-14.603
-1e+07	-14.183
-9.5e+06	-13.978
-9e+06	-13.878
-8.5e+06	-13.827
-8e+06	-13.795
-7.5e+06	-13.76
-7e+06	-13.744
-6.5e+06	-13.726
-6e+06	-13.713
-5.5e+06	-13.701
-5e+06	-13.685
-4.5e+06	-13.684
-4e+06	-13.676
-3.5e+06	-13.671
-3e+06	-13.668
-2.5e+06	-13.656
-2e+06	-13.659
-1.5e+06	-13.654
-1e+06	-13.65
-5e+05	-13.645
0	-13.492
5e+05	-13.652
1e+06	-13.661
1.5e+06	-13.667
2e+06	-13.675
2.5e+06	-13.677
3e+06	-13.694
3.5e+06	-13.701
4e+06	-13.71
4.5e+06	-13.719
5e+06	-13.725
5.5e+06	-13.745
6e+06	-13.76
6.5e+06	-13.776
7e+06	-13.799
7.5e+06	-13.818
8e+06	-13.856
8.5e+06	-13.892
9e+06	-13.946
9.5e+06	-14.048
1e+07	-14.257
1.05e+07	-14.679
1.1e+07	-15.402
1.15e+07	-16.541
1.2e+07	-18.216
1.25e+07	-20.577
1.3e+07	-23.635
1.35e+07	-27.649
1.4e+07	-32.761
1.45e+07	-39.289
1.5e+07	-47.726
1.55e+07	-59.204
1.6e+07	-77.727
1.65e+07	-83.056
1.7e+07	-82.875
