-1.7e+07	-82.492
-1.65e+07	-83.756
-1.6e+07	-78.36
-1.55e+07	-60.422
-1.5e+07	-48.983
-1.45e+07	-40.52
-1.4e+07	-34.017
-1.35e+07	-28.902
-1.3e+07	-24.899
-1.25e+07	-21.833
-1.2e+07	-19.488
-1.15e+07	-17.819
-1.1e+07	-16.679
-1.05e+07	-15.96
-1e+07	-15.539
-9.5e+06	-15.333
-9e+06	-15.233
-8.5e+06	-15.182
-8e+06	-15.148
-7.5e+06	-15.111
-7e+06	-15.094
-6.5e+06	-15.074
-6e+06	-15.059
-5.5e+06	-15.046
-5e+06	-15.028
-4.5e+06	-15.024
-4e+06	-15.015
-3.5e+06	-15.006
-3e+06	-14.989
-2.5e+06	-14.966
-2e+06	-14.985
-1.5e+06	-14.978
-1e+06	-14.971
-5e+05	-14.962
0	-14.73
5e+05	-14.965
1e+06	-14.972
1.5e+06	-14.977
2e+06	-14.983
2.5e+06	-14.984
3e+06	-14.996
3.5e+06	-15.001
4e+06	-15.009
4.5e+06	-15.016
5e+06	-15.019
5.5e+06	-15.036
6e+06	-15.048
6.5e+06	-15.062
7e+06	-15.08
7.5e+06	-15.097
8e+06	-15.131
8.5e+06	-15.165
9e+06	-15.214
9.5e+06	-15.318
1e+07	-15.435
1.05e+07	-15.852
1.1e+07	-16.57
1.15e+07	-17.705
1.2e+07	-19.376
1.25e+07	-21.725
1.3e+07	-24.788
1.35e+07	-28.885
1.4e+07	-33.989
1.45e+07	-40.501
1.5e+07	-48.937
1.55e+07	-60.484
1.6e+07	-78.062
1.65e+07	-83.983
1.7e+07	-84.93
