-1.7e+07	-84.401
-1.65e+07	-82.606
-1.6e+07	-78.126
-1.55e+07	-59.983
-1.5e+07	-48.442
-1.45e+07	-40.016
-1.4e+07	-33.496
-1.35e+07	-28.377
-1.3e+07	-24.364
-1.25e+07	-21.289
-1.2e+07	-18.94
-1.15e+07	-17.263
-1.1e+07	-16.119
-1.05e+07	-15.393
-1e+07	-14.968
-9.5e+06	-14.756
-9e+06	-14.65
-8.5e+06	-14.592
-8e+06	-14.553
-7.5e+06	-14.513
-7e+06	-14.49
-6.5e+06	-14.466
-6e+06	-14.446
-5.5e+06	-14.43
-5e+06	-14.408
-4.5e+06	-14.4
-4e+06	-14.388
-3.5e+06	-14.378
-3e+06	-14.368
-2.5e+06	-14.352
-2e+06	-14.348
-1.5e+06	-14.318
-1e+06	-14.31
-5e+05	-14.321
0	-14.076
5e+05	-14.321
1e+06	-14.326
1.5e+06	-14.329
2e+06	-14.338
2.5e+06	-14.149
3e+06	-14.158
3.5e+06	-14.161
4e+06	-14.168
4.5e+06	-14.175
5e+06	-14.178
5.5e+06	-14.194
6e+06	-14.207
6.5e+06	-14.226
7e+06	-14.438
7.5e+06	-14.452
8e+06	-14.487
8.5e+06	-14.52
9e+06	-14.57
9.5e+06	-14.67
1e+07	-14.875
1.05e+07	-15.295
1.1e+07	-16.016
1.15e+07	-17.152
1.2e+07	-18.824
1.25e+07	-21.172
1.3e+07	-24.232
1.35e+07	-28.238
1.4e+07	-33.348
1.45e+07	-39.871
1.5e+07	-48.318
1.55e+07	-59.755
1.6e+07	-77.369
1.65e+07	-83.494
1.7e+07	-83.463
