-1.7e+07	-83.865
-1.65e+07	-84.617
-1.6e+07	-74.271
-1.55e+07	-56.511
-1.5e+07	-44.964
-1.45e+07	-36.553
-1.4e+07	-30.034
-1.35e+07	-24.922
-1.3e+07	-20.937
-1.25e+07	-17.901
-1.2e+07	-15.544
-1.15e+07	-13.874
-1.1e+07	-12.739
-1.05e+07	-12.023
-1e+07	-11.605
-9.5e+06	-11.401
-9e+06	-11.304
-8.5e+06	-11.255
-8e+06	-11.224
-7.5e+06	-11.192
-7e+06	-11.175
-6.5e+06	-11.16
-6e+06	-11.15
-5.5e+06	-11.14
-5e+06	-11.125
-4.5e+06	-11.126
-4e+06	-11.121
-3.5e+06	-11.117
-3e+06	-11.115
-2.5e+06	-11.104
-2e+06	-11.108
-1.5e+06	-11.105
-1e+06	-11.106
-5e+05	-10.959
0	-10.835
5e+05	-11.119
1e+06	-11.127
1.5e+06	-11.135
2e+06	-11.145
2.5e+06	-11.148
3e+06	-11.166
3.5e+06	-11.177
4e+06	-11.187
4.5e+06	-11.199
5e+06	-11.207
5.5e+06	-11.229
6e+06	-11.246
6.5e+06	-11.265
7e+06	-11.287
7.5e+06	-11.309
8e+06	-11.348
8.5e+06	-11.386
9e+06	-11.441
9.5e+06	-11.546
1e+07	-11.754
1.05e+07	-12.177
1.1e+07	-12.9
1.15e+07	-14.04
1.2e+07	-15.716
1.25e+07	-18.082
1.3e+07	-21.138
1.35e+07	-25.153
1.4e+07	-30.276
1.45e+07	-36.799
1.5e+07	-45.218
1.55e+07	-56.666
1.6e+07	-74.609
1.65e+07	-85.112
1.7e+07	-85.095
