-1.7e+07	-83.246
-1.65e+07	-83.226
-1.6e+07	-83.226
-1.55e+07	-74.903
-1.5e+07	-63.932
-1.45e+07	-55.408
-1.4e+07	-48.874
-1.35e+07	-43.762
-1.3e+07	-39.729
-1.25e+07	-36.658
-1.2e+07	-34.311
-1.15e+07	-32.633
-1.1e+07	-31.49
-1.05e+07	-30.761
-1e+07	-30.335
-9.5e+06	-30.123
-9e+06	-30.012
-8.5e+06	-29.957
-8e+06	-29.919
-7.5e+06	-29.881
-7e+06	-29.856
-6.5e+06	-29.835
-6e+06	-29.811
-5.5e+06	-29.797
-5e+06	-29.775
-4.5e+06	-29.771
-4e+06	-29.759
-3.5e+06	-29.746
-3e+06	-29.736
-2.5e+06	-29.718
-2e+06	-29.721
-1.5e+06	-29.692
-1e+06	-29.684
-5e+05	-29.687
0	-29.449
5e+05	-29.69
1e+06	-29.691
1.5e+06	-29.699
2e+06	-29.709
2.5e+06	-29.52
3e+06	-29.528
3.5e+06	-29.533
4e+06	-29.539
4.5e+06	-29.544
5e+06	-29.546
5.5e+06	-29.564
6e+06	-29.578
6.5e+06	-29.596
7e+06	-29.805
7.5e+06	-29.821
8e+06	-29.855
8.5e+06	-29.887
9e+06	-29.938
9.5e+06	-30.037
1e+07	-30.24
1.05e+07	-30.666
1.1e+07	-31.382
1.15e+07	-32.525
1.2e+07	-34.201
1.25e+07	-36.547
1.3e+07	-39.607
1.35e+07	-43.619
1.4e+07	-48.751
1.45e+07	-55.252
1.5e+07	-63.727
1.55e+07	-74.756
1.6e+07	-82.977
1.65e+07	-83.732
1.7e+07	-83.415
