-1.7e+07	-83.379
-1.65e+07	-82.794
-1.6e+07	-82.387
-1.55e+07	-76.332
-1.5e+07	-65.968
-1.45e+07	-57.763
-1.4e+07	-51.231
-1.35e+07	-46.104
-1.3e+07	-42.113
-1.25e+07	-39.017
-1.2e+07	-36.685
-1.15e+07	-35.018
-1.1e+07	-33.878
-1.05e+07	-33.16
-1e+07	-32.735
-9.5e+06	-32.529
-9e+06	-32.433
-8.5e+06	-32.38
-8e+06	-32.346
-7.5e+06	-32.315
-7e+06	-32.298
-6.5e+06	-32.284
-6e+06	-32.268
-5.5e+06	-32.264
-5e+06	-32.245
-4.5e+06	-32.241
-4e+06	-32.242
-3.5e+06	-32.236
-3e+06	-32.234
-2.5e+06	-32.224
-2e+06	-32.231
-1.5e+06	-32.224
-1e+06	-32.225
-5e+05	-32.226
0	-31.796
5e+05	-32.242
1e+06	-32.248
1.5e+06	-32.26
2e+06	-32.269
2.5e+06	-32.275
3e+06	-32.291
3.5e+06	-32.301
4e+06	-32.318
4.5e+06	-32.328
5e+06	-32.336
5.5e+06	-32.367
6e+06	-32.379
6.5e+06	-32.406
7e+06	-32.434
7.5e+06	-32.452
8e+06	-32.496
8.5e+06	-32.541
9e+06	-32.603
9.5e+06	-32.709
1e+07	-32.919
1.05e+07	-33.358
1.1e+07	-34.08
1.15e+07	-35.229
1.2e+07	-36.913
1.25e+07	-39.256
1.3e+07	-42.333
1.35e+07	-46.343
1.4e+07	-51.484
1.45e+07	-57.998
1.5e+07	-66.239
1.55e+07	-77.186
1.6e+07	-83.044
1.65e+07	-83.347
1.7e+07	-84.193
