-1.7e+07	-82.779
-1.65e+07	-80.177
-1.6e+07	-65.104
-1.55e+07	-46.437
-1.5e+07	-34.858
-1.45e+07	-26.438
-1.4e+07	-19.861
-1.35e+07	-14.692
-1.3e+07	-10.645
-1.25e+07	-7.5338
-1.2e+07	-5.208
-1.15e+07	-3.5491
-1.1e+07	-2.4345
-1.05e+07	-1.7404
-1e+07	-1.342
-9.5e+06	-1.1503
-9e+06	-1.0589
-8.5e+06	-1.0122
-8e+06	-0.98356
-7.5e+06	-0.9523
-7e+06	-0.93608
-6.5e+06	-0.92074
-6e+06	-0.90929
-5.5e+06	-0.89889
-5e+06	-0.88387
-4.5e+06	-0.88177
-4e+06	-0.87584
-3.5e+06	-0.87009
-3e+06	-0.86588
-2.5e+06	-0.85369
-2e+06	-0.85784
-1.5e+06	-0.8527
-1e+06	-0.84863
-5e+05	-0.84384
0	-0.69413
5e+05	-0.84993
1e+06	-0.85958
1.5e+06	-0.86862
2e+06	-0.87968
2.5e+06	-0.88063
3e+06	-0.89722
3.5e+06	-0.90711
4e+06	-0.918
4.5e+06	-0.91899
5e+06	-0.93151
5.5e+06	-0.94928
6e+06	-0.96368
6.5e+06	-0.98041
7e+06	-1.001
7.5e+06	-1.0202
8e+06	-1.0563
8.5e+06	-1.0898
9e+06	-1.1406
9.5e+06	-1.236
1e+07	-1.4322
1.05e+07	-1.8358
1.1e+07	-2.5349
1.15e+07	-3.6544
1.2e+07	-5.3201
1.25e+07	-7.597
1.3e+07	-10.716
1.35e+07	-14.823
1.4e+07	-20
1.45e+07	-26.581
1.5e+07	-35.028
1.55e+07	-46.635
1.6e+07	-64.678
1.65e+07	-79.512
1.7e+07	-82.184
