-1.7e+07	-84.114
-1.65e+07	-84.263
-1.6e+07	-75.956
-1.55e+07	-57.268
-1.5e+07	-45.788
-1.45e+07	-37.384
-1.4e+07	-30.86
-1.35e+07	-25.752
-1.3e+07	-21.745
-1.25e+07	-18.686
-1.2e+07	-16.332
-1.15e+07	-14.663
-1.1e+07	-13.527
-1.05e+07	-12.81
-1e+07	-12.392
-9.5e+06	-12.188
-9e+06	-12.09
-8.5e+06	-12.041
-8e+06	-12.008
-7.5e+06	-11.975
-7e+06	-11.959
-6.5e+06	-11.942
-6e+06	-11.931
-5.5e+06	-11.92
-5e+06	-11.904
-4.5e+06	-11.902
-4e+06	-11.897
-3.5e+06	-11.892
-3e+06	-11.889
-2.5e+06	-11.878
-2e+06	-11.881
-1.5e+06	-11.877
-1e+06	-11.875
-5e+05	-11.871
0	-11.753
5e+05	-11.882
1e+06	-11.873
1.5e+06	-11.857
2e+06	-11.873
2.5e+06	-11.931
3e+06	-11.948
3.5e+06	-11.959
4e+06	-11.972
4.5e+06	-11.986
5e+06	-11.996
5.5e+06	-12.019
6e+06	-12.04
6.5e+06	-12.061
7e+06	-12.086
7.5e+06	-12.112
8e+06	-12.154
8.5e+06	-12.196
9e+06	-12.252
9.5e+06	-12.361
1e+07	-12.574
1.05e+07	-13.001
1.1e+07	-13.727
1.15e+07	-14.873
1.2e+07	-16.553
1.25e+07	-18.92
1.3e+07	-21.984
1.35e+07	-26.001
1.4e+07	-31.117
1.45e+07	-37.659
1.5e+07	-46.068
1.55e+07	-57.615
1.6e+07	-76.11
1.65e+07	-83.09
1.7e+07	-83.447
