-1.7e+07	-83.605
-1.65e+07	-83.77
-1.6e+07	-81.565
-1.55e+07	-65.933
-1.5e+07	-54.298
-1.45e+07	-45.941
-1.4e+07	-39.386
-1.35e+07	-34.24
-1.3e+07	-30.217
-1.25e+07	-27.148
-1.2e+07	-24.791
-1.15e+07	-23.126
-1.1e+07	-21.998
-1.05e+07	-21.291
-1e+07	-20.878
-9.5e+06	-20.68
-9e+06	-20.584
-8.5e+06	-20.537
-8e+06	-20.508
-7.5e+06	-20.476
-7e+06	-20.462
-6.5e+06	-20.446
-6e+06	-20.436
-5.5e+06	-20.426
-5e+06	-20.414
-4.5e+06	-20.411
-4e+06	-20.408
-3.5e+06	-20.404
-3e+06	-20.403
-2.5e+06	-20.391
-2e+06	-20.396
-1.5e+06	-20.394
-1e+06	-20.394
-5e+05	-20.393
0	-20.25
5e+05	-20.404
1e+06	-20.415
1.5e+06	-20.425
2e+06	-20.437
2.5e+06	-20.442
3e+06	-20.461
3.5e+06	-20.473
4e+06	-20.486
4.5e+06	-20.5
5e+06	-20.51
5.5e+06	-20.534
6e+06	-20.552
6.5e+06	-20.571
7e+06	-20.597
7.5e+06	-20.62
8e+06	-20.661
8.5e+06	-20.702
9e+06	-20.758
9.5e+06	-20.863
1e+07	-21.071
1.05e+07	-21.491
1.1e+07	-22.186
1.15e+07	-23.344
1.2e+07	-25.023
1.25e+07	-27.395
1.3e+07	-30.461
1.35e+07	-34.506
1.4e+07	-39.605
1.45e+07	-46.168
1.5e+07	-54.664
1.55e+07	-66.118
1.6e+07	-82.027
1.65e+07	-83.434
1.7e+07	-84.638
