-1.7e+07	-82.615
-1.65e+07	-81.738
-1.6e+07	-79.427
-1.55e+07	-62.44
-1.5e+07	-50.867
-1.45e+07	-42.452
-1.4e+07	-35.908
-1.35e+07	-30.797
-1.3e+07	-26.802
-1.25e+07	-23.718
-1.2e+07	-21.388
-1.15e+07	-19.717
-1.1e+07	-18.58
-1.05e+07	-17.86
-1e+07	-17.438
-9.5e+06	-17.233
-9e+06	-17.131
-8.5e+06	-17.083
-8e+06	-17.05
-7.5e+06	-17.015
-7e+06	-17
-6.5e+06	-16.982
-6e+06	-16.97
-5.5e+06	-16.96
-5e+06	-16.943
-4.5e+06	-16.944
-4e+06	-16.938
-3.5e+06	-16.934
-3e+06	-16.933
-2.5e+06	-16.923
-2e+06	-16.927
-1.5e+06	-16.925
-1e+06	-16.925
-5e+05	-16.921
0	-16.459
5e+05	-16.936
1e+06	-16.947
1.5e+06	-16.953
2e+06	-16.966
2.5e+06	-16.969
3e+06	-16.989
3.5e+06	-17
4e+06	-17.013
4.5e+06	-17.027
5e+06	-17.037
5.5e+06	-17.059
6e+06	-17.077
6.5e+06	-17.099
7e+06	-17.126
7.5e+06	-17.152
8e+06	-17.194
8.5e+06	-17.236
9e+06	-17.295
9.5e+06	-17.405
1e+07	-17.62
1.05e+07	-18.051
1.1e+07	-18.78
1.15e+07	-19.928
1.2e+07	-21.609
1.25e+07	-23.954
1.3e+07	-27.035
1.35e+07	-31.022
1.4e+07	-36.17
1.45e+07	-42.692
1.5e+07	-51.139
1.55e+07	-62.596
1.6e+07	-78.898
1.65e+07	-82.222
1.7e+07	-83.041
