-1.7e+07	-83.334
-1.65e+07	-83.479
-1.6e+07	-79.212
-1.55e+07	-62.795
-1.5e+07	-51.249
-1.45e+07	-42.844
-1.4e+07	-36.329
-1.35e+07	-31.225
-1.3e+07	-27.226
-1.25e+07	-24.151
-1.2e+07	-21.826
-1.15e+07	-20.155
-1.1e+07	-19.019
-1.05e+07	-18.301
-1e+07	-17.881
-9.5e+06	-17.677
-9e+06	-17.577
-8.5e+06	-17.53
-8e+06	-17.499
-7.5e+06	-17.467
-7e+06	-17.45
-6.5e+06	-17.435
-6e+06	-17.423
-5.5e+06	-17.415
-5e+06	-17.399
-4.5e+06	-17.398
-4e+06	-17.394
-3.5e+06	-17.391
-3e+06	-17.388
-2.5e+06	-17.378
-2e+06	-17.382
-1.5e+06	-17.379
-1e+06	-17.378
-5e+05	-17.374
0	-17.032
5e+05	-17.389
1e+06	-17.398
1.5e+06	-17.408
2e+06	-17.418
2.5e+06	-17.424
3e+06	-17.44
3.5e+06	-17.451
4e+06	-17.462
4.5e+06	-17.475
5e+06	-17.482
5.5e+06	-17.506
6e+06	-17.523
6.5e+06	-17.542
7e+06	-17.565
7.5e+06	-17.59
8e+06	-17.63
8.5e+06	-17.67
9e+06	-17.727
9.5e+06	-17.831
1e+07	-18.044
1.05e+07	-18.471
1.1e+07	-19.2
1.15e+07	-20.343
1.2e+07	-22.022
1.25e+07	-24.364
1.3e+07	-27.44
1.35e+07	-31.445
1.4e+07	-36.557
1.45e+07	-43.059
1.5e+07	-51.525
1.55e+07	-62.99
1.6e+07	-79.701
1.65e+07	-83.206
1.7e+07	-83.003
