-1.7e+07	-83.422
-1.65e+07	-81.666
-1.6e+07	-65.87
-1.55e+07	-47.872
-1.5e+07	-36.356
-1.45e+07	-27.995
-1.4e+07	-21.449
-1.35e+07	-16.25
-1.3e+07	-12.168
-1.25e+07	-9.0803
-1.2e+07	-6.7309
-1.15e+07	-5.0697
-1.1e+07	-3.9505
-1.05e+07	-3.251
-1e+07	-2.8482
-9.5e+06	-2.6557
-9e+06	-2.6472
-8.5e+06	-2.6012
-8e+06	-2.5713
-7.5e+06	-2.5404
-7e+06	-2.5262
-6.5e+06	-2.5106
-6e+06	-2.5
-5.5e+06	-2.4916
-5e+06	-2.4784
-4.5e+06	-2.4781
-4e+06	-2.4744
-3.5e+06	-2.4706
-3e+06	-2.468
-2.5e+06	-2.4587
-2e+06	-2.4627
-1.5e+06	-2.4601
-1e+06	-2.4589
-5e+05	-2.4574
0	-2.3532
5e+05	-2.4665
1e+06	-2.4769
1.5e+06	-2.486
2e+06	-2.497
2.5e+06	-2.5013
3e+06	-2.519
3.5e+06	-2.5295
4e+06	-2.541
4.5e+06	-2.554
5e+06	-2.5615
5.5e+06	-2.5839
6e+06	-2.6013
6.5e+06	-2.6198
7e+06	-2.6435
7.5e+06	-2.6655
8e+06	-2.7048
8.5e+06	-2.7423
9e+06	-2.7971
9.5e+06	-2.8986
1e+07	-3.102
1.05e+07	-3.5137
1.1e+07	-4.2225
1.15e+07	-5.3511
1.2e+07	-7.0215
1.25e+07	-9.3845
1.3e+07	-12.475
1.35e+07	-16.526
1.4e+07	-21.69
1.45e+07	-28.254
1.5e+07	-36.708
1.55e+07	-48.219
1.6e+07	-66.362
1.65e+07	-81.42
1.7e+07	-83.678
