-1.7e+07	-84.556
-1.65e+07	-84.637
-1.6e+07	-83.883
-1.55e+07	-70.829
-1.5e+07	-59.569
-1.45e+07	-51.19
-1.4e+07	-44.663
-1.35e+07	-39.532
-1.3e+07	-35.527
-1.25e+07	-32.459
-1.2e+07	-30.108
-1.15e+07	-28.445
-1.1e+07	-27.312
-1.05e+07	-26.598
-1e+07	-26.18
-9.5e+06	-25.978
-9e+06	-25.881
-8.5e+06	-25.835
-8e+06	-25.801
-7.5e+06	-25.771
-7e+06	-25.756
-6.5e+06	-25.739
-6e+06	-25.731
-5.5e+06	-25.72
-5e+06	-25.705
-4.5e+06	-25.704
-4e+06	-25.702
-3.5e+06	-25.698
-3e+06	-25.698
-2.5e+06	-25.688
-2e+06	-25.693
-1.5e+06	-25.69
-1e+06	-25.689
-5e+05	-25.687
0	-25.565
5e+05	-25.697
1e+06	-25.709
1.5e+06	-25.716
2e+06	-25.73
2.5e+06	-25.733
3e+06	-25.75
3.5e+06	-25.764
4e+06	-25.773
4.5e+06	-25.789
5e+06	-25.796
5.5e+06	-25.821
6e+06	-25.837
6.5e+06	-25.854
7e+06	-25.881
7.5e+06	-25.904
8e+06	-25.944
8.5e+06	-25.986
9e+06	-26.039
9.5e+06	-26.145
1e+07	-26.355
1.05e+07	-26.78
1.1e+07	-27.502
1.15e+07	-28.642
1.2e+07	-30.316
1.25e+07	-32.683
1.3e+07	-35.744
1.35e+07	-39.772
1.4e+07	-44.902
1.45e+07	-51.437
1.5e+07	-59.907
1.55e+07	-71.205
1.6e+07	-84.083
1.65e+07	-83.734
1.7e+07	-85.735
