-1.7e+07	-84.394
-1.65e+07	-83.943
-1.6e+07	-74.322
-1.55e+07	-56.35
-1.5e+07	-44.883
-1.45e+07	-36.459
-1.4e+07	-29.935
-1.35e+07	-24.816
-1.3e+07	-20.805
-1.25e+07	-17.746
-1.2e+07	-15.386
-1.15e+07	-13.713
-1.1e+07	-12.577
-1.05e+07	-11.86
-1e+07	-11.439
-9.5e+06	-11.234
-9e+06	-11.134
-8.5e+06	-11.084
-8e+06	-11.05
-7.5e+06	-11.015
-7e+06	-10.998
-6.5e+06	-10.979
-6e+06	-10.964
-5.5e+06	-10.952
-5e+06	-10.934
-4.5e+06	-10.932
-4e+06	-10.924
-3.5e+06	-10.916
-3e+06	-10.91
-2.5e+06	-10.897
-2e+06	-10.897
-1.5e+06	-10.89
-1e+06	-10.885
-5e+05	-10.879
0	-10.745
5e+05	-10.881
1e+06	-10.888
1.5e+06	-10.896
2e+06	-10.833
2.5e+06	-10.83
3e+06	-10.843
3.5e+06	-10.849
4e+06	-10.856
4.5e+06	-10.865
5e+06	-10.868
5.5e+06	-10.886
6e+06	-10.9
6.5e+06	-10.915
7e+06	-10.935
7.5e+06	-10.954
8e+06	-10.989
8.5e+06	-11.025
9e+06	-11.077
9.5e+06	-11.183
1e+07	-11.445
1.05e+07	-11.864
1.1e+07	-12.584
1.15e+07	-13.722
1.2e+07	-15.395
1.25e+07	-17.762
1.3e+07	-20.837
1.35e+07	-24.851
1.4e+07	-29.97
1.45e+07	-36.49
1.5e+07	-44.913
1.55e+07	-56.481
1.6e+07	-75.245
1.65e+07	-83.876
1.7e+07	-84.744
