-1.7e+07	-82.955
-1.65e+07	-83.341
-1.6e+07	-80.352
-1.55e+07	-63.32
-1.5e+07	-51.649
-1.45e+07	-43.24
-1.4e+07	-36.713
-1.35e+07	-31.61
-1.3e+07	-27.612
-1.25e+07	-24.527
-1.2e+07	-22.196
-1.15e+07	-20.523
-1.1e+07	-19.383
-1.05e+07	-18.66
-1e+07	-18.236
-9.5e+06	-18.027
-9e+06	-17.923
-8.5e+06	-17.869
-8e+06	-17.832
-7.5e+06	-17.794
-7e+06	-17.774
-6.5e+06	-17.752
-6e+06	-17.734
-5.5e+06	-17.72
-5e+06	-17.7
-4.5e+06	-17.692
-4e+06	-17.682
-3.5e+06	-17.673
-3e+06	-17.661
-2.5e+06	-17.648
-2e+06	-17.644
-1.5e+06	-17.635
-1e+06	-17.624
-5e+05	-17.614
0	-17.234
5e+05	-17.615
1e+06	-17.617
1.5e+06	-17.619
2e+06	-17.623
2.5e+06	-17.621
3e+06	-17.631
3.5e+06	-17.635
4e+06	-17.64
4.5e+06	-17.644
5e+06	-17.646
5.5e+06	-17.66
6e+06	-17.669
6.5e+06	-17.683
7e+06	-17.698
7.5e+06	-17.712
8e+06	-17.746
8.5e+06	-17.777
9e+06	-17.825
9.5e+06	-17.924
1e+07	-18.128
1.05e+07	-18.545
1.1e+07	-19.264
1.15e+07	-20.402
1.2e+07	-22.07
1.25e+07	-24.405
1.3e+07	-27.472
1.35e+07	-31.469
1.4e+07	-36.571
1.45e+07	-43.099
1.5e+07	-51.501
1.55e+07	-62.934
1.6e+07	-79.953
1.65e+07	-82.883
1.7e+07	-83.3
