-1.7e+07	-82.771
-1.65e+07	-81.871
-1.6e+07	-65.464
-1.55e+07	-47.351
-1.5e+07	-35.792
-1.45e+07	-27.359
-1.4e+07	-20.796
-1.35e+07	-15.638
-1.3e+07	-11.596
-1.25e+07	-8.5035
-1.2e+07	-6.159
-1.15e+07	-4.497
-1.1e+07	-3.3786
-1.05e+07	-2.6794
-1e+07	-2.2769
-9.5e+06	-2.0817
-9e+06	-1.988
-8.5e+06	-1.9412
-8e+06	-1.9107
-7.5e+06	-1.8783
-7e+06	-1.8638
-6.5e+06	-1.8475
-6e+06	-1.8353
-5.5e+06	-1.8253
-5e+06	-1.8091
-4.5e+06	-1.7983
-4e+06	-1.8026
-3.5e+06	-1.7981
-3e+06	-1.7945
-2.5e+06	-1.7832
-2e+06	-1.7861
-1.5e+06	-1.7814
-1e+06	-1.7788
-5e+05	-1.7749
0	-1.65
5e+05	-1.7816
1e+06	-1.7912
1.5e+06	-1.799
2e+06	-1.8091
2.5e+06	-1.8116
3e+06	-1.8289
3.5e+06	-1.8376
4e+06	-1.8483
4.5e+06	-1.8596
5e+06	-1.867
5.5e+06	-1.8877
6e+06	-1.9032
6.5e+06	-1.9206
7e+06	-1.9425
7.5e+06	-1.9632
8e+06	-2.0009
8.5e+06	-2.0371
9e+06	-2.0901
9.5e+06	-2.1894
1e+07	-2.391
1.05e+07	-2.7995
1.1e+07	-3.5042
1.15e+07	-4.6293
1.2e+07	-6.298
1.25e+07	-8.653
1.3e+07	-11.748
1.35e+07	-15.8
1.4e+07	-20.966
1.45e+07	-27.537
1.5e+07	-35.999
1.55e+07	-47.509
1.6e+07	-65.41
1.65e+07	-81.179
1.7e+07	-82.32
