-1.7e+07	-81.804
-1.65e+07	-82.539
-1.6e+07	-81.713
-1.55e+07	-76.459
-1.5e+07	-65.358
-1.45e+07	-57.02
-1.4e+07	-50.676
-1.35e+07	-45.583
-1.3e+07	-41.556
-1.25e+07	-38.473
-1.2e+07	-36.138
-1.15e+07	-34.463
-1.1e+07	-33.328
-1.05e+07	-32.592
-1e+07	-32.173
-9.5e+06	-31.966
-9e+06	-31.859
-8.5e+06	-31.804
-8e+06	-31.768
-7.5e+06	-31.731
-7e+06	-31.708
-6.5e+06	-31.694
-6e+06	-31.67
-5.5e+06	-31.653
-5e+06	-31.639
-4.5e+06	-31.627
-4e+06	-31.623
-3.5e+06	-31.611
-3e+06	-31.602
-2.5e+06	-31.588
-2e+06	-31.58
-1.5e+06	-31.576
-1e+06	-31.565
-5e+05	-31.553
0	-31.283
5e+05	-31.555
1e+06	-31.556
1.5e+06	-31.557
2e+06	-31.568
2.5e+06	-31.566
3e+06	-31.577
3.5e+06	-31.585
4e+06	-31.58
4.5e+06	-31.591
5e+06	-31.594
5.5e+06	-31.606
6e+06	-31.623
6.5e+06	-31.629
7e+06	-31.643
7.5e+06	-31.66
8e+06	-31.698
8.5e+06	-31.726
9e+06	-31.778
9.5e+06	-31.873
1e+07	-32.078
1.05e+07	-32.494
1.1e+07	-33.224
1.15e+07	-34.363
1.2e+07	-36.025
1.25e+07	-38.359
1.3e+07	-41.431
1.35e+07	-45.456
1.4e+07	-50.59
1.45e+07	-57.034
1.5e+07	-65.464
1.55e+07	-76.75
1.6e+07	-83.355
1.65e+07	-83.235
1.7e+07	-82.185
