-1.7e+07	-83.744
-1.65e+07	-83.513
-1.6e+07	-77.905
-1.55e+07	-59.69
-1.5e+07	-48.176
-1.45e+07	-39.752
-1.4e+07	-33.238
-1.35e+07	-28.13
-1.3e+07	-24.129
-1.25e+07	-21.068
-1.2e+07	-18.726
-1.15e+07	-17.06
-1.1e+07	-15.926
-1.05e+07	-15.212
-1e+07	-14.796
-9.5e+06	-14.595
-9e+06	-14.499
-8.5e+06	-14.453
-8e+06	-14.425
-7.5e+06	-14.394
-7e+06	-14.382
-6.5e+06	-14.367
-6e+06	-14.36
-5.5e+06	-14.351
-5e+06	-14.338
-4.5e+06	-14.34
-4e+06	-14.338
-3.5e+06	-14.337
-3e+06	-14.334
-2.5e+06	-14.327
-2e+06	-14.333
-1.5e+06	-14.331
-1e+06	-14.331
-5e+05	-14.329
0	-14.113
5e+05	-14.343
1e+06	-14.354
1.5e+06	-14.363
2e+06	-14.375
2.5e+06	-14.379
3e+06	-14.398
3.5e+06	-14.409
4e+06	-14.42
4.5e+06	-14.433
5e+06	-14.441
5.5e+06	-14.465
6e+06	-14.482
6.5e+06	-14.501
7e+06	-14.527
7.5e+06	-14.549
8e+06	-14.591
8.5e+06	-14.63
9e+06	-14.688
9.5e+06	-14.795
1e+07	-15.006
1.05e+07	-15.415
1.1e+07	-16.14
1.15e+07	-17.306
1.2e+07	-18.983
1.25e+07	-21.341
1.3e+07	-24.407
1.35e+07	-28.42
1.4e+07	-33.538
1.45e+07	-40.06
1.5e+07	-48.512
1.55e+07	-59.94
1.6e+07	-77.861
1.65e+07	-84.177
1.7e+07	-84.125
