-1.7e+07	-83.778
-1.65e+07	-84.332
-1.6e+07	-78.431
-1.55e+07	-61.553
-1.5e+07	-50.276
-1.45e+07	-41.876
-1.4e+07	-35.356
-1.35e+07	-30.249
-1.3e+07	-26.254
-1.25e+07	-23.175
-1.2e+07	-20.85
-1.15e+07	-19.183
-1.1e+07	-18.046
-1.05e+07	-17.325
-1e+07	-16.907
-9.5e+06	-16.703
-9e+06	-16.605
-8.5e+06	-16.558
-8e+06	-16.527
-7.5e+06	-16.496
-7e+06	-16.482
-6.5e+06	-16.468
-6e+06	-16.458
-5.5e+06	-16.451
-5e+06	-16.437
-4.5e+06	-16.439
-4e+06	-16.437
-3.5e+06	-16.435
-3e+06	-16.434
-2.5e+06	-16.427
-2e+06	-16.433
-1.5e+06	-16.427
-1e+06	-16.433
-5e+05	-16.432
0	-16.177
5e+05	-16.448
1e+06	-16.458
1.5e+06	-16.469
2e+06	-16.48
2.5e+06	-16.486
3e+06	-16.504
3.5e+06	-16.502
4e+06	-16.514
4.5e+06	-16.54
5e+06	-16.55
5.5e+06	-16.573
6e+06	-16.591
6.5e+06	-16.609
7e+06	-16.635
7.5e+06	-16.658
8e+06	-16.698
8.5e+06	-16.738
9e+06	-16.793
9.5e+06	-16.899
1e+07	-17.112
1.05e+07	-17.537
1.1e+07	-18.264
1.15e+07	-19.41
1.2e+07	-21.086
1.25e+07	-23.426
1.3e+07	-26.503
1.35e+07	-30.501
1.4e+07	-35.621
1.45e+07	-42.134
1.5e+07	-50.62
1.55e+07	-61.871
1.6e+07	-79.578
1.65e+07	-83.822
1.7e+07	-83.58
