-1.7e+07	-80.789
-1.65e+07	-80.876
-1.6e+07	-80.651
-1.55e+07	-76.336
-1.5e+07	-64.93
-1.45e+07	-56.611
-1.4e+07	-50.189
-1.35e+07	-45.039
-1.3e+07	-41.04
-1.25e+07	-37.957
-1.2e+07	-35.619
-1.15e+07	-33.947
-1.1e+07	-32.804
-1.05e+07	-32.097
-1e+07	-31.677
-9.5e+06	-31.473
-9e+06	-31.387
-8.5e+06	-31.342
-8e+06	-31.305
-7.5e+06	-31.278
-7e+06	-31.263
-6.5e+06	-31.254
-6e+06	-31.241
-5.5e+06	-31.235
-5e+06	-31.231
-4.5e+06	-31.231
-4e+06	-31.221
-3.5e+06	-31.226
-3e+06	-31.227
-2.5e+06	-31.214
-2e+06	-31.225
-1.5e+06	-31.22
-1e+06	-31.223
-5e+05	-31.218
0	-30.865
5e+05	-31.236
1e+06	-31.253
1.5e+06	-31.262
2e+06	-31.282
2.5e+06	-31.295
3e+06	-31.311
3.5e+06	-31.325
4e+06	-31.346
4.5e+06	-31.359
5e+06	-31.375
5.5e+06	-31.4
6e+06	-31.416
6.5e+06	-31.432
7e+06	-31.462
7.5e+06	-31.498
8e+06	-31.31
8.5e+06	-31.351
9e+06	-31.638
9.5e+06	-31.751
1e+07	-31.957
1.05e+07	-32.385
1.1e+07	-33.118
1.15e+07	-34.251
1.2e+07	-35.957
1.25e+07	-38.277
1.3e+07	-41.368
1.35e+07	-45.414
1.4e+07	-50.554
1.45e+07	-57.064
1.5e+07	-65.555
1.55e+07	-76.542
1.6e+07	-81.08
1.65e+07	-80.02
1.7e+07	-81.213
