-1.7e+07	-83.236
-1.65e+07	-83.165
-1.6e+07	-69.112
-1.55e+07	-51.072
-1.5e+07	-39.526
-1.45e+07	-31.108
-1.4e+07	-24.564
-1.35e+07	-19.428
-1.3e+07	-15.401
-1.25e+07	-12.329
-1.2e+07	-9.9708
-1.15e+07	-8.3055
-1.1e+07	-7.1785
-1.05e+07	-6.4702
-1e+07	-6.0603
-9.5e+06	-5.8609
-9e+06	-5.7651
-8.5e+06	-5.7186
-8e+06	-5.6882
-7.5e+06	-5.6558
-7e+06	-5.6419
-6.5e+06	-5.6266
-6e+06	-5.6149
-5.5e+06	-5.606
-5e+06	-5.5916
-4.5e+06	-5.5912
-4e+06	-5.5862
-3.5e+06	-5.5829
-3e+06	-5.5806
-2.5e+06	-5.5716
-2e+06	-5.5754
-1.5e+06	-5.5726
-1e+06	-5.5714
-5e+05	-5.5693
0	-5.4282
5e+05	-5.5805
1e+06	-5.591
1.5e+06	-5.6014
2e+06	-5.613
2.5e+06	-5.6181
3e+06	-5.6366
3.5e+06	-5.648
4e+06	-5.6607
4.5e+06	-5.6737
5e+06	-5.682
5.5e+06	-5.7051
6e+06	-5.7238
6.5e+06	-5.7434
7e+06	-5.7682
7.5e+06	-5.7913
8e+06	-5.8326
8.5e+06	-5.8713
9e+06	-5.9275
9.5e+06	-6.0326
1e+07	-6.2396
1.05e+07	-6.6573
1.1e+07	-7.3548
1.15e+07	-8.5104
1.2e+07	-10.187
1.25e+07	-12.56
1.3e+07	-15.634
1.35e+07	-19.674
1.4e+07	-24.77
1.45e+07	-31.302
1.5e+07	-39.84
1.55e+07	-51.283
1.6e+07	-68.955
1.65e+07	-82.555
1.7e+07	-83.508
