-1.7e+07	-84.68
-1.65e+07	-85.276
-1.6e+07	-83.739
-1.55e+07	-71.89
-1.5e+07	-60.145
-1.45e+07	-51.62
-1.4e+07	-45.099
-1.35e+07	-39.957
-1.3e+07	-35.94
-1.25e+07	-32.878
-1.2e+07	-30.517
-1.15e+07	-28.845
-1.1e+07	-27.707
-1.05e+07	-26.989
-1e+07	-26.574
-9.5e+06	-26.37
-9e+06	-26.274
-8.5e+06	-26.228
-8e+06	-26.202
-7.5e+06	-26.174
-7e+06	-26.165
-6.5e+06	-26.157
-6e+06	-26.155
-5.5e+06	-26.155
-5e+06	-26.15
-4.5e+06	-26.158
-4e+06	-26.162
-3.5e+06	-26.163
-3e+06	-26.167
-2.5e+06	-26.162
-2e+06	-26.171
-1.5e+06	-26.17
-1e+06	-26.17
-5e+05	-26.172
0	-26.014
5e+05	-26.181
1e+06	-26.191
1.5e+06	-26.203
2e+06	-26.143
2.5e+06	-26.141
3e+06	-26.158
3.5e+06	-26.162
4e+06	-26.172
4.5e+06	-26.181
5e+06	-26.184
5.5e+06	-26.205
6e+06	-26.217
6.5e+06	-26.233
7e+06	-26.254
7.5e+06	-26.273
8e+06	-26.309
8.5e+06	-26.344
9e+06	-26.395
9.5e+06	-26.501
1e+07	-26.764
1.05e+07	-27.179
1.1e+07	-27.896
1.15e+07	-29.036
1.2e+07	-30.701
1.25e+07	-33.068
1.3e+07	-36.148
1.35e+07	-40.165
1.4e+07	-45.294
1.45e+07	-51.837
1.5e+07	-60.245
1.55e+07	-71.545
1.6e+07	-83.416
1.65e+07	-84.892
1.7e+07	-83.065
