-1.7e+07	-83.936
-1.65e+07	-82.819
-1.6e+07	-72.394
-1.55e+07	-54.217
-1.5e+07	-42.75
-1.45e+07	-34.347
-1.4e+07	-27.804
-1.35e+07	-22.675
-1.3e+07	-18.682
-1.25e+07	-15.617
-1.2e+07	-13.259
-1.15e+07	-11.59
-1.1e+07	-10.458
-1.05e+07	-9.7448
-1e+07	-9.3302
-9.5e+06	-9.1267
-9e+06	-9.0295
-8.5e+06	-8.9807
-8e+06	-8.9498
-7.5e+06	-8.916
-7e+06	-8.9005
-6.5e+06	-8.8835
-6e+06	-8.8723
-5.5e+06	-8.8625
-5e+06	-8.8464
-4.5e+06	-8.8459
-4e+06	-8.8411
-3.5e+06	-8.8373
-3e+06	-8.8335
-2.5e+06	-8.8234
-2e+06	-8.8274
-1.5e+06	-8.8245
-1e+06	-8.822
-5e+05	-8.8192
0	-8.7059
5e+05	-8.8292
1e+06	-8.8387
1.5e+06	-8.8481
2e+06	-8.8598
2.5e+06	-8.8639
3e+06	-8.8819
3.5e+06	-8.8928
4e+06	-8.9051
4.5e+06	-8.9171
5e+06	-8.9261
5.5e+06	-8.9488
6e+06	-8.967
6.5e+06	-8.987
7e+06	-9.0114
7.5e+06	-9.0346
8e+06	-9.0759
8.5e+06	-9.1153
9e+06	-9.1723
9.5e+06	-9.2772
1e+07	-9.4689
1.05e+07	-9.8916
1.1e+07	-10.634
1.15e+07	-11.775
1.2e+07	-13.452
1.25e+07	-15.825
1.3e+07	-18.889
1.35e+07	-22.913
1.4e+07	-28.051
1.45e+07	-34.582
1.5e+07	-43.015
1.55e+07	-54.523
1.6e+07	-72.199
1.65e+07	-84.324
1.7e+07	-84.622
