-1.7e+07	-83.471
-1.65e+07	-82.871
-1.6e+07	-82.058
-1.55e+07	-75.885
-1.5e+07	-64.117
-1.45e+07	-55.748
-1.4e+07	-49.228
-1.35e+07	-44.104
-1.3e+07	-40.092
-1.25e+07	-37.009
-1.2e+07	-34.671
-1.15e+07	-33.006
-1.1e+07	-31.865
-1.05e+07	-31.148
-1e+07	-30.727
-9.5e+06	-30.522
-9e+06	-30.422
-8.5e+06	-30.378
-8e+06	-30.344
-7.5e+06	-30.312
-7e+06	-30.296
-6.5e+06	-30.283
-6e+06	-30.269
-5.5e+06	-30.259
-5e+06	-30.242
-4.5e+06	-30.246
-4e+06	-30.236
-3.5e+06	-30.236
-3e+06	-30.235
-2.5e+06	-30.223
-2e+06	-30.226
-1.5e+06	-30.221
-1e+06	-30.222
-5e+05	-30.219
0	-30.005
5e+05	-30.234
1e+06	-30.244
1.5e+06	-30.253
2e+06	-30.268
2.5e+06	-30.275
3e+06	-30.289
3.5e+06	-30.303
4e+06	-30.317
4.5e+06	-30.329
5e+06	-30.342
5.5e+06	-30.362
6e+06	-30.383
6.5e+06	-30.404
7e+06	-30.424
7.5e+06	-30.445
8e+06	-30.492
8.5e+06	-30.524
9e+06	-30.585
9.5e+06	-30.692
1e+07	-30.901
1.05e+07	-31.331
1.1e+07	-32.055
1.15e+07	-33.201
1.2e+07	-34.867
1.25e+07	-37.223
1.3e+07	-40.302
1.35e+07	-44.307
1.4e+07	-49.422
1.45e+07	-55.914
1.5e+07	-64.251
1.55e+07	-75.991
1.6e+07	-82.821
1.65e+07	-83.288
1.7e+07	-83.746
