-1.7e+07	-84.362
-1.65e+07	-83.599
-1.6e+07	-69.572
-1.55e+07	-51.848
-1.5e+07	-40.362
-1.45e+07	-31.914
-1.4e+07	-25.38
-1.35e+07	-20.269
-1.3e+07	-16.245
-1.25e+07	-13.169
-1.2e+07	-10.816
-1.15e+07	-9.1498
-1.1e+07	-8.0217
-1.05e+07	-7.313
-1e+07	-6.9009
-9.5e+06	-6.7006
-9e+06	-6.6038
-8.5e+06	-6.5554
-8e+06	-6.5242
-7.5e+06	-6.4917
-7e+06	-6.4757
-6.5e+06	-6.4592
-6e+06	-6.4459
-5.5e+06	-6.4359
-5e+06	-6.419
-4.5e+06	-6.4175
-4e+06	-6.4124
-3.5e+06	-6.4071
-3e+06	-6.4029
-2.5e+06	-6.3914
-2e+06	-6.3934
-1.5e+06	-6.3896
-1e+06	-6.3853
-5e+05	-6.3819
0	-6.2506
5e+05	-6.3873
1e+06	-6.3959
1.5e+06	-6.4035
2e+06	-6.4129
2.5e+06	-6.4152
3e+06	-6.4304
3.5e+06	-6.4394
4e+06	-6.4498
4.5e+06	-6.4599
5e+06	-6.4669
5.5e+06	-6.487
6e+06	-6.5028
6.5e+06	-6.5199
7e+06	-6.542
7.5e+06	-6.5621
8e+06	-6.6001
8.5e+06	-6.6372
9e+06	-6.6911
9.5e+06	-6.7923
1e+07	-6.9995
1.05e+07	-7.4165
1.1e+07	-8.1324
1.15e+07	-9.2668
1.2e+07	-10.928
1.25e+07	-13.288
1.3e+07	-16.358
1.35e+07	-20.412
1.4e+07	-25.554
1.45e+07	-32.092
1.5e+07	-40.545
1.55e+07	-52.075
1.6e+07	-70.222
1.65e+07	-81.652
1.7e+07	-82.531
