-1.7e+07	-84.251
-1.65e+07	-84.67
-1.6e+07	-81.863
-1.55e+07	-68.199
-1.5e+07	-56.396
-1.45e+07	-48.049
-1.4e+07	-41.504
-1.35e+07	-36.372
-1.3e+07	-32.353
-1.25e+07	-29.278
-1.2e+07	-26.93
-1.15e+07	-25.261
-1.1e+07	-24.131
-1.05e+07	-23.419
-1e+07	-23.001
-9.5e+06	-22.799
-9e+06	-22.7
-8.5e+06	-22.651
-8e+06	-22.616
-7.5e+06	-22.563
-7e+06	-22.543
-6.5e+06	-22.548
-6e+06	-22.534
-5.5e+06	-22.522
-5e+06	-22.504
-4.5e+06	-22.501
-4e+06	-22.495
-3.5e+06	-22.489
-3e+06	-22.483
-2.5e+06	-22.472
-2e+06	-22.474
-1.5e+06	-22.466
-1e+06	-22.462
-5e+05	-22.457
0	-22.34
5e+05	-22.465
1e+06	-22.473
1.5e+06	-22.478
2e+06	-22.488
2.5e+06	-22.491
3e+06	-22.507
3.5e+06	-22.515
4e+06	-22.526
4.5e+06	-22.536
5e+06	-22.543
5.5e+06	-22.561
6e+06	-22.578
6.5e+06	-22.595
7e+06	-22.617
7.5e+06	-22.639
8e+06	-22.676
8.5e+06	-22.715
9e+06	-22.767
9.5e+06	-22.871
1e+07	-23.078
1.05e+07	-23.5
1.1e+07	-24.214
1.15e+07	-25.353
1.2e+07	-27.028
1.25e+07	-29.392
1.3e+07	-32.459
1.35e+07	-36.492
1.4e+07	-41.627
1.45e+07	-48.16
1.5e+07	-56.639
1.55e+07	-68.18
1.6e+07	-82.396
1.65e+07	-84.851
1.7e+07	-84.396
