-1.7e+07	-83.846
-1.65e+07	-83.385
-1.6e+07	-82.293
-1.55e+07	-77.176
-1.5e+07	-66.505
-1.45e+07	-57.966
-1.4e+07	-51.44
-1.35e+07	-46.405
-1.3e+07	-42.399
-1.25e+07	-39.321
-1.2e+07	-36.992
-1.15e+07	-35.328
-1.1e+07	-34.185
-1.05e+07	-33.463
-1e+07	-33.042
-9.5e+06	-32.836
-9e+06	-32.734
-8.5e+06	-32.692
-8e+06	-32.656
-7.5e+06	-32.623
-7e+06	-32.609
-6.5e+06	-32.588
-6e+06	-32.58
-5.5e+06	-32.569
-5e+06	-32.556
-4.5e+06	-32.546
-4e+06	-32.549
-3.5e+06	-32.54
-3e+06	-32.538
-2.5e+06	-32.524
-2e+06	-32.528
-1.5e+06	-32.524
-1e+06	-32.529
-5e+05	-32.525
0	-32.081
5e+05	-32.54
1e+06	-32.549
1.5e+06	-32.553
2e+06	-32.562
2.5e+06	-32.573
3e+06	-32.591
3.5e+06	-32.601
4e+06	-32.613
4.5e+06	-32.622
5e+06	-32.633
5.5e+06	-32.657
6e+06	-32.669
6.5e+06	-32.693
7e+06	-32.72
7.5e+06	-32.737
8e+06	-32.779
8.5e+06	-32.824
9e+06	-32.874
9.5e+06	-32.984
1e+07	-33.193
1.05e+07	-33.627
1.1e+07	-34.355
1.15e+07	-35.5
1.2e+07	-37.179
1.25e+07	-39.512
1.3e+07	-42.613
1.35e+07	-46.635
1.4e+07	-51.712
1.45e+07	-58.206
1.5e+07	-66.534
1.55e+07	-78.034
1.6e+07	-82.918
1.65e+07	-83.902
1.7e+07	-83.43
