-1.7e+07	-82.963
-1.65e+07	-83.481
-1.6e+07	-83.005
-1.55e+07	-74.474
-1.5e+07	-62.958
-1.45e+07	-54.667
-1.4e+07	-48.135
-1.35e+07	-43.002
-1.3e+07	-38.99
-1.25e+07	-35.922
-1.2e+07	-33.564
-1.15e+07	-31.892
-1.1e+07	-30.757
-1.05e+07	-30.038
-1e+07	-29.623
-9.5e+06	-29.416
-9e+06	-29.316
-8.5e+06	-29.267
-8e+06	-29.231
-7.5e+06	-29.2
-7e+06	-29.176
-6.5e+06	-29.165
-6e+06	-29.153
-5.5e+06	-29.135
-5e+06	-29.122
-4.5e+06	-29.115
-4e+06	-29.108
-3.5e+06	-29.108
-3e+06	-29.1
-2.5e+06	-29.092
-2e+06	-29.09
-1.5e+06	-29.087
-1e+06	-29.081
-5e+05	-29.078
0	-28.942
5e+05	-29.086
1e+06	-29.093
1.5e+06	-29.096
2e+06	-29.107
2.5e+06	-29.107
3e+06	-29.12
3.5e+06	-29.128
4e+06	-29.138
4.5e+06	-29.151
5e+06	-29.155
5.5e+06	-29.174
6e+06	-29.188
6.5e+06	-29.206
7e+06	-29.227
7.5e+06	-29.246
8e+06	-29.285
8.5e+06	-29.321
9e+06	-29.372
9.5e+06	-29.477
1e+07	-29.681
1.05e+07	-30.105
1.1e+07	-30.828
1.15e+07	-31.96
1.2e+07	-33.642
1.25e+07	-36.004
1.3e+07	-39.061
1.35e+07	-43.089
1.4e+07	-48.205
1.45e+07	-54.72
1.5e+07	-63.112
1.55e+07	-74.187
1.6e+07	-83.976
1.65e+07	-84.999
1.7e+07	-83.167
