-1.7e+07	-84.494
-1.65e+07	-82.841
-1.6e+07	-79.769
-1.55e+07	-62.418
-1.5e+07	-50.956
-1.45e+07	-42.612
-1.4e+07	-36.067
-1.35e+07	-30.872
-1.3e+07	-26.798
-1.25e+07	-23.712
-1.2e+07	-21.365
-1.15e+07	-19.704
-1.1e+07	-18.584
-1.05e+07	-17.882
-1e+07	-17.476
-9.5e+06	-17.283
-9e+06	-17.277
-8.5e+06	-17.229
-8e+06	-17.197
-7.5e+06	-17.167
-7e+06	-17.154
-6.5e+06	-17.139
-6e+06	-17.128
-5.5e+06	-17.12
-5e+06	-17.107
-4.5e+06	-17.107
-4e+06	-17.102
-3.5e+06	-17.1
-3e+06	-17.098
-2.5e+06	-17.089
-2e+06	-17.095
-1.5e+06	-17.092
-1e+06	-17.092
-5e+05	-17.089
0	-16.987
5e+05	-17.101
1e+06	-17.111
1.5e+06	-17.122
2e+06	-17.133
2.5e+06	-17.139
3e+06	-17.157
3.5e+06	-17.169
4e+06	-17.181
4.5e+06	-17.195
5e+06	-17.203
5.5e+06	-17.224
6e+06	-17.243
6.5e+06	-17.262
7e+06	-17.287
7.5e+06	-17.309
8e+06	-17.349
8.5e+06	-17.387
9e+06	-17.442
9.5e+06	-17.544
1e+07	-17.748
1.05e+07	-18.163
1.1e+07	-18.877
1.15e+07	-20.005
1.2e+07	-21.678
1.25e+07	-24.037
1.3e+07	-27.126
1.35e+07	-31.169
1.4e+07	-36.332
1.45e+07	-42.899
1.5e+07	-51.34
1.55e+07	-62.72
1.6e+07	-79.389
1.65e+07	-83.709
1.7e+07	-84.016
