-1.7e+07	-83.568
-1.65e+07	-79.784
-1.6e+07	-64.685
-1.55e+07	-46.201
-1.5e+07	-34.559
-1.45e+07	-26.139
-1.4e+07	-19.549
-1.35e+07	-14.369
-1.3e+07	-10.316
-1.25e+07	-7.1922
-1.2e+07	-4.8757
-1.15e+07	-3.2154
-1.1e+07	-2.1019
-1.05e+07	-1.4091
-1e+07	-1.0121
-9.5e+06	-0.82073
-9e+06	-0.72681
-8.5e+06	-0.68031
-8e+06	-0.58421
-7.5e+06	-0.55057
-7e+06	-0.53364
-6.5e+06	-0.51633
-6e+06	-0.44077
-5.5e+06	-0.39061
-5e+06	-0.47144
-4.5e+06	-0.4706
-4e+06	-0.46372
-3.5e+06	-0.45651
-3e+06	-0.45155
-2.5e+06	-0.43838
-2e+06	-0.44145
-1.5e+06	-0.4348
-1e+06	-0.43027
-5e+05	-0.42376
0	-0.25039
5e+05	-0.42689
1e+06	-0.4653
1.5e+06	-0.49836
2e+06	-0.50546
2.5e+06	-0.4495
3e+06	-0.46334
3.5e+06	-0.46839
4e+06	-0.47569
4.5e+06	-0.48407
5e+06	-0.48781
5.5e+06	-0.53408
6e+06	-0.57092
6.5e+06	-0.58436
7e+06	-0.55237
7.5e+06	-0.57011
8e+06	-0.60876
8.5e+06	-0.69604
9e+06	-0.74575
9.5e+06	-0.84281
1e+07	-1.0374
1.05e+07	-1.4402
1.1e+07	-2.1363
1.15e+07	-3.2541
1.2e+07	-4.8701
1.25e+07	-7.1889
1.3e+07	-10.315
1.35e+07	-14.372
1.4e+07	-19.556
1.45e+07	-26.149
1.5e+07	-34.574
1.55e+07	-46.207
1.6e+07	-64.44
1.65e+07	-79.703
1.7e+07	-82.522
