-1.7e+07	-84.249
-1.65e+07	-85.313
-1.6e+07	-84.014
-1.55e+07	-75.705
-1.5e+07	-64.132
-1.45e+07	-55.862
-1.4e+07	-49.393
-1.35e+07	-44.267
-1.3e+07	-40.251
-1.25e+07	-37.171
-1.2e+07	-34.835
-1.15e+07	-33.155
-1.1e+07	-32.022
-1.05e+07	-31.302
-1e+07	-30.879
-9.5e+06	-30.672
-9e+06	-30.571
-8.5e+06	-30.521
-8e+06	-30.487
-7.5e+06	-30.455
-7e+06	-30.435
-6.5e+06	-30.41
-6e+06	-30.401
-5.5e+06	-30.385
-5e+06	-30.367
-4.5e+06	-30.363
-4e+06	-30.35
-3.5e+06	-30.343
-3e+06	-30.331
-2.5e+06	-30.306
-2e+06	-30.322
-1.5e+06	-30.314
-1e+06	-30.309
-5e+05	-30.302
0	-30.082
5e+05	-30.306
1e+06	-30.312
1.5e+06	-30.318
2e+06	-30.322
2.5e+06	-30.323
3e+06	-30.338
3.5e+06	-30.342
4e+06	-30.353
4.5e+06	-30.357
5e+06	-30.361
5.5e+06	-30.373
6e+06	-30.39
6.5e+06	-30.404
7e+06	-30.418
7.5e+06	-30.441
8e+06	-30.475
8.5e+06	-30.51
9e+06	-30.556
9.5e+06	-30.661
1e+07	-30.779
1.05e+07	-31.19
1.1e+07	-31.917
1.15e+07	-33.045
1.2e+07	-34.725
1.25e+07	-37.071
1.3e+07	-40.139
1.35e+07	-44.242
1.4e+07	-49.359
1.45e+07	-55.794
1.5e+07	-64.331
1.55e+07	-75.642
1.6e+07	-82.463
1.65e+07	-83.763
1.7e+07	-84.512
