-1.7e+07	-82.054
-1.65e+07	-82.526
-1.6e+07	-76.835
-1.55e+07	-60.22
-1.5e+07	-48.786
-1.45e+07	-40.352
-1.4e+07	-33.805
-1.35e+07	-28.674
-1.3e+07	-24.653
-1.25e+07	-21.56
-1.2e+07	-19.198
-1.15e+07	-18.431
-1.1e+07	-17.282
-1.05e+07	-16.548
-1e+07	-16.166
-9.5e+06	-15.938
-9e+06	-15.816
-8.5e+06	-15.747
-8e+06	-15.639
-7.5e+06	-15.639
-7e+06	-15.6
-6.5e+06	-15.56
-6e+06	-15.524
-5.5e+06	-15.49
-5e+06	-15.451
-4.5e+06	-15.425
-4e+06	-15.395
-3.5e+06	-15.367
-3e+06	-15.339
-2.5e+06	-15.304
-2e+06	-15.283
-1.5e+06	-15.253
-1e+06	-15.226
-5e+05	-15.197
0	-14.951
5e+05	-15.179
1e+06	-15.185
1.5e+06	-15.189
2e+06	-15.196
2.5e+06	-15.195
3e+06	-15.208
3.5e+06	-15.214
4e+06	-15.221
4.5e+06	-15.228
5e+06	-15.23
5.5e+06	-15.248
6e+06	-15.26
6.5e+06	-15.274
7e+06	-15.294
7.5e+06	-15.309
8e+06	-15.349
8.5e+06	-15.323
9e+06	-15.436
9.5e+06	-15.538
1e+07	-15.684
1.05e+07	-16.171
1.1e+07	-16.892
1.15e+07	-18.026
1.2e+07	-19.698
1.25e+07	-22.04
1.3e+07	-25.108
1.35e+07	-29.107
1.4e+07	-34.219
1.45e+07	-40.741
1.5e+07	-49.187
1.55e+07	-60.775
1.6e+07	-77.887
1.65e+07	-80.958
1.7e+07	-81.66
