-1.7e+07	-84.345
-1.65e+07	-83.932
-1.6e+07	-84.246
-1.55e+07	-74.924
-1.5e+07	-63.445
-1.45e+07	-55.21
-1.4e+07	-48.641
-1.35e+07	-43.554
-1.3e+07	-39.551
-1.25e+07	-36.477
-1.2e+07	-34.141
-1.15e+07	-32.468
-1.1e+07	-31.336
-1.05e+07	-30.615
-1e+07	-30.202
-9.5e+06	-30.001
-9e+06	-29.908
-8.5e+06	-29.864
-8e+06	-29.83
-7.5e+06	-29.803
-7e+06	-29.787
-6.5e+06	-29.769
-6e+06	-29.763
-5.5e+06	-29.751
-5e+06	-29.735
-4.5e+06	-29.739
-4e+06	-29.737
-3.5e+06	-29.733
-3e+06	-29.728
-2.5e+06	-29.719
-2e+06	-29.727
-1.5e+06	-29.73
-1e+06	-29.726
-5e+05	-29.723
0	-29.518
5e+05	-29.736
1e+06	-29.747
1.5e+06	-29.752
2e+06	-29.767
2.5e+06	-29.768
3e+06	-29.789
3.5e+06	-29.801
4e+06	-29.814
4.5e+06	-29.825
5e+06	-29.833
5.5e+06	-29.858
6e+06	-29.875
6.5e+06	-29.893
7e+06	-29.919
7.5e+06	-29.94
8e+06	-29.986
8.5e+06	-30.024
9e+06	-30.079
9.5e+06	-30.184
1e+07	-30.396
1.05e+07	-30.804
1.1e+07	-31.529
1.15e+07	-32.694
1.2e+07	-34.375
1.25e+07	-36.733
1.3e+07	-39.799
1.35e+07	-43.818
1.4e+07	-48.971
1.45e+07	-55.501
1.5e+07	-64.1
1.55e+07	-74.987
1.6e+07	-83.746
1.65e+07	-82.937
1.7e+07	-84.314
