-1.7e+07	-82.963
-1.65e+07	-83.211
-1.6e+07	-77.58
-1.55e+07	-60.302
-1.5e+07	-48.785
-1.45e+07	-40.362
-1.4e+07	-33.844
-1.35e+07	-28.735
-1.3e+07	-24.738
-1.25e+07	-21.667
-1.2e+07	-19.329
-1.15e+07	-17.661
-1.1e+07	-16.524
-1.05e+07	-15.808
-1e+07	-15.388
-9.5e+06	-15.183
-9e+06	-15.086
-8.5e+06	-15.038
-8e+06	-15.006
-7.5e+06	-14.974
-7e+06	-14.958
-6.5e+06	-14.943
-6e+06	-14.93
-5.5e+06	-14.921
-5e+06	-14.907
-4.5e+06	-14.907
-4e+06	-14.902
-3.5e+06	-14.899
-3e+06	-14.896
-2.5e+06	-14.886
-2e+06	-14.891
-1.5e+06	-14.887
-1e+06	-14.885
-5e+05	-14.882
0	-14.659
5e+05	-14.896
1e+06	-14.907
1.5e+06	-14.918
2e+06	-14.931
2.5e+06	-14.937
3e+06	-14.956
3.5e+06	-14.968
4e+06	-14.981
4.5e+06	-14.994
5e+06	-15.003
5.5e+06	-15.027
6e+06	-15.045
6.5e+06	-15.064
7e+06	-15.089
7.5e+06	-15.111
8e+06	-15.152
8.5e+06	-15.192
9e+06	-15.248
9.5e+06	-15.354
1e+07	-15.565
1.05e+07	-15.991
1.1e+07	-16.716
1.15e+07	-17.859
1.2e+07	-19.534
1.25e+07	-21.884
1.3e+07	-24.953
1.35e+07	-28.956
1.4e+07	-34.076
1.45e+07	-40.586
1.5e+07	-49.023
1.55e+07	-60.639
1.6e+07	-77.969
1.65e+07	-82.699
1.7e+07	-83.644
