-1.7e+07	-84.637
-1.65e+07	-84.019
-1.6e+07	-72.828
-1.55e+07	-55.023
-1.5e+07	-43.597
-1.45e+07	-35.188
-1.4e+07	-28.675
-1.35e+07	-23.556
-1.3e+07	-19.545
-1.25e+07	-16.487
-1.2e+07	-14.132
-1.15e+07	-12.466
-1.1e+07	-11.336
-1.05e+07	-10.624
-1e+07	-10.209
-9.5e+06	-10.008
-9e+06	-9.9121
-8.5e+06	-9.8653
-8e+06	-9.8359
-7.5e+06	-9.8026
-7e+06	-9.7889
-6.5e+06	-9.7736
-6e+06	-9.7618
-5.5e+06	-9.7338
-5e+06	-9.7289
-4.5e+06	-9.7392
-4e+06	-9.7349
-3.5e+06	-9.7313
-3e+06	-9.7283
-2.5e+06	-9.7181
-2e+06	-9.7223
-1.5e+06	-9.7179
-1e+06	-9.7165
-5e+05	-9.7124
0	-9.5953
5e+05	-9.7238
1e+06	-9.7344
1.5e+06	-9.7441
2e+06	-9.7557
2.5e+06	-9.7608
3e+06	-9.7783
3.5e+06	-9.7895
4e+06	-9.801
4.5e+06	-9.8133
5e+06	-9.8226
5.5e+06	-9.8445
6e+06	-9.8618
6.5e+06	-9.8805
7e+06	-9.9047
7.5e+06	-9.9082
8e+06	-9.967
8.5e+06	-10.005
9e+06	-10.061
9.5e+06	-10.165
1e+07	-10.374
1.05e+07	-10.797
1.1e+07	-11.518
1.15e+07	-12.657
1.2e+07	-14.333
1.25e+07	-16.705
1.3e+07	-19.762
1.35e+07	-23.784
1.4e+07	-28.911
1.45e+07	-35.439
1.5e+07	-43.877
1.55e+07	-55.358
1.6e+07	-73.685
1.65e+07	-83.679
1.7e+07	-84.266
