-1.7e+07	-82.648
-1.65e+07	-81.73
-1.6e+07	-78.51
-1.55e+07	-62.334
-1.5e+07	-50.949
-1.45e+07	-42.49
-1.4e+07	-35.973
-1.35e+07	-30.866
-1.3e+07	-26.864
-1.25e+07	-23.78
-1.2e+07	-21.451
-1.15e+07	-19.774
-1.1e+07	-18.63
-1.05e+07	-17.907
-1e+07	-17.48
-9.5e+06	-17.271
-9e+06	-17.167
-8.5e+06	-17.113
-8e+06	-17.074
-7.5e+06	-17.036
-7e+06	-17.014
-6.5e+06	-16.991
-6e+06	-16.956
-5.5e+06	-16.96
-5e+06	-16.919
-4.5e+06	-16.931
-4e+06	-16.921
-3.5e+06	-16.91
-3e+06	-16.9
-2.5e+06	-16.883
-2e+06	-16.882
-1.5e+06	-16.871
-1e+06	-16.863
-5e+05	-16.852
0	-16.416
5e+05	-16.855
1e+06	-16.86
1.5e+06	-16.866
2e+06	-16.873
2.5e+06	-16.872
3e+06	-16.885
3.5e+06	-16.89
4e+06	-16.897
4.5e+06	-16.905
5e+06	-16.906
5.5e+06	-16.925
6e+06	-16.936
6.5e+06	-16.949
7e+06	-16.968
7.5e+06	-16.984
8e+06	-17.02
8.5e+06	-17.053
9e+06	-17.1
9.5e+06	-17.2
1e+07	-17.407
1.05e+07	-17.825
1.1e+07	-18.545
1.15e+07	-19.682
1.2e+07	-21.354
1.25e+07	-23.685
1.3e+07	-26.753
1.35e+07	-30.747
1.4e+07	-35.851
1.45e+07	-42.356
1.5e+07	-50.804
1.55e+07	-62.225
1.6e+07	-78.746
1.65e+07	-83.542
1.7e+07	-82.117
