-1.7e+07	-83.292
-1.65e+07	-83.869
-1.6e+07	-71.948
-1.55e+07	-53.579
-1.5e+07	-42.045
-1.45e+07	-33.629
-1.4e+07	-27.104
-1.35e+07	-21.979
-1.3e+07	-17.962
-1.25e+07	-14.895
-1.2e+07	-12.54
-1.15e+07	-10.873
-1.1e+07	-9.7438
-1.05e+07	-9.0325
-1e+07	-8.6187
-9.5e+06	-8.4178
-9e+06	-8.3211
-8.5e+06	-8.274
-8e+06	-8.2435
-7.5e+06	-8.2103
-7e+06	-8.1371
-6.5e+06	-8.0571
-6e+06	-8.115
-5.5e+06	-8.1634
-5e+06	-8.1473
-4.5e+06	-8.1479
-4e+06	-8.143
-3.5e+06	-8.1386
-3e+06	-8.1356
-2.5e+06	-8.1252
-2e+06	-8.1287
-1.5e+06	-8.1258
-1e+06	-8.1237
-5e+05	-8.12
0	-8.0089
5e+05	-8.0697
1e+06	-8.02
1.5e+06	-8.0274
2e+06	-8.0382
2.5e+06	-8.0415
3e+06	-8.0589
3.5e+06	-8.0688
4e+06	-8.0284
4.5e+06	-7.9936
5e+06	-8.0004
5.5e+06	-8.1441
6e+06	-8.2586
6.5e+06	-8.2754
7e+06	-8.2983
7.5e+06	-8.3193
8e+06	-8.3593
8.5e+06	-8.3959
9e+06	-8.4507
9.5e+06	-8.5538
1e+07	-8.7614
1.05e+07	-9.182
1.1e+07	-9.9015
1.15e+07	-11.039
1.2e+07	-12.713
1.25e+07	-15.085
1.3e+07	-18.15
1.35e+07	-22.174
1.4e+07	-27.311
1.45e+07	-33.843
1.5e+07	-42.276
1.55e+07	-53.743
1.6e+07	-72.487
1.65e+07	-84.385
1.7e+07	-83.23
