-1.7e+07	-83.247
-1.65e+07	-83.907
-1.6e+07	-76.449
-1.55e+07	-58.557
-1.5e+07	-47.041
-1.45e+07	-38.632
-1.4e+07	-32.103
-1.35e+07	-26.996
-1.3e+07	-22.991
-1.25e+07	-19.925
-1.2e+07	-17.581
-1.15e+07	-15.911
-1.1e+07	-14.776
-1.05e+07	-14.059
-1e+07	-13.641
-9.5e+06	-13.437
-9e+06	-13.339
-8.5e+06	-13.291
-8e+06	-13.26
-7.5e+06	-13.228
-7e+06	-13.214
-6.5e+06	-13.209
-6e+06	-13.198
-5.5e+06	-13.189
-5e+06	-13.174
-4.5e+06	-13.176
-4e+06	-13.172
-3.5e+06	-13.17
-3e+06	-13.168
-2.5e+06	-13.159
-2e+06	-13.164
-1.5e+06	-13.161
-1e+06	-13.161
-5e+05	-13.16
0	-12.964
5e+05	-13.175
1e+06	-13.187
1.5e+06	-13.199
2e+06	-13.212
2.5e+06	-13.218
3e+06	-13.238
3.5e+06	-13.252
4e+06	-13.266
4.5e+06	-13.282
5e+06	-13.292
5.5e+06	-13.316
6e+06	-13.326
6.5e+06	-13.346
7e+06	-13.384
7.5e+06	-13.41
8e+06	-13.452
8.5e+06	-13.494
9e+06	-13.553
9.5e+06	-13.66
1e+07	-13.873
1.05e+07	-14.301
1.1e+07	-15.03
1.15e+07	-16.175
1.2e+07	-17.856
1.25e+07	-20.213
1.3e+07	-23.282
1.35e+07	-27.299
1.4e+07	-32.417
1.45e+07	-38.942
1.5e+07	-47.38
1.55e+07	-58.794
1.6e+07	-76.984
1.65e+07	-83.525
1.7e+07	-83.126
