-1.7e+07	-81.112
-1.65e+07	-80.735
-1.6e+07	-78.054
-1.55e+07	-62.062
-1.5e+07	-50.634
-1.45e+07	-42.233
-1.4e+07	-35.711
-1.35e+07	-30.592
-1.3e+07	-26.585
-1.25e+07	-23.508
-1.2e+07	-21.173
-1.15e+07	-19.499
-1.1e+07	-18.356
-1.05e+07	-17.631
-1e+07	-17.209
-9.5e+06	-16.998
-9e+06	-16.897
-8.5e+06	-16.843
-8e+06	-16.805
-7.5e+06	-16.767
-7e+06	-16.746
-6.5e+06	-16.726
-6e+06	-16.707
-5.5e+06	-16.692
-5e+06	-16.672
-4.5e+06	-16.666
-4e+06	-16.655
-3.5e+06	-16.645
-3e+06	-16.636
-2.5e+06	-16.621
-2e+06	-16.62
-1.5e+06	-16.609
-1e+06	-16.6
-5e+05	-16.591
0	-16.358
5e+05	-16.595
1e+06	-16.602
1.5e+06	-16.609
2e+06	-16.618
2.5e+06	-16.62
3e+06	-16.635
3.5e+06	-16.643
4e+06	-16.655
4.5e+06	-16.215
5e+06	-16.222
5.5e+06	-16.697
6e+06	-16.712
6.5e+06	-16.727
7e+06	-16.747
7.5e+06	-16.768
8e+06	-16.804
8.5e+06	-16.841
9e+06	-16.894
9.5e+06	-16.997
1e+07	-17.205
1.05e+07	-17.628
1.1e+07	-18.353
1.15e+07	-19.495
1.2e+07	-21.17
1.25e+07	-23.509
1.3e+07	-26.579
1.35e+07	-30.583
1.4e+07	-35.69
1.45e+07	-42.215
1.5e+07	-50.625
1.55e+07	-62.006
1.6e+07	-78.107
1.65e+07	-82.138
1.7e+07	-81.47
