-1.7e+07	-83.593
-1.65e+07	-82.594
-1.6e+07	-77.632
-1.55e+07	-59.515
-1.5e+07	-48.061
-1.45e+07	-39.607
-1.4e+07	-33.098
-1.35e+07	-27.994
-1.3e+07	-23.992
-1.25e+07	-20.922
-1.2e+07	-18.583
-1.15e+07	-16.913
-1.1e+07	-15.776
-1.05e+07	-15.056
-1e+07	-14.636
-9.5e+06	-14.429
-9e+06	-14.329
-8.5e+06	-14.28
-8e+06	-14.246
-7.5e+06	-14.211
-7e+06	-14.194
-6.5e+06	-14.174
-6e+06	-14.161
-5.5e+06	-14.149
-5e+06	-14.131
-4.5e+06	-14.128
-4e+06	-14.12
-3.5e+06	-14.114
-3e+06	-14.109
-2.5e+06	-14.095
-2e+06	-14.096
-1.5e+06	-14.088
-1e+06	-14.083
-5e+05	-14.076
0	-13.841
5e+05	-14.081
1e+06	-14.087
1.5e+06	-14.092
2e+06	-14.1
2.5e+06	-14.088
3e+06	-14.093
3.5e+06	-14.114
4e+06	-14.129
4.5e+06	-14.138
5e+06	-14.142
5.5e+06	-14.159
6e+06	-14.174
6.5e+06	-14.189
7e+06	-14.208
7.5e+06	-14.228
8e+06	-14.264
8.5e+06	-14.3
9e+06	-14.352
9.5e+06	-14.453
1e+07	-14.662
1.05e+07	-15.084
1.1e+07	-15.806
1.15e+07	-16.947
1.2e+07	-18.621
1.25e+07	-20.968
1.3e+07	-24.034
1.35e+07	-28.043
1.4e+07	-33.158
1.45e+07	-39.669
1.5e+07	-48.125
1.55e+07	-59.537
1.6e+07	-76.619
1.65e+07	-84.135
1.7e+07	-83.795
