-1.7e+07	-84.028
-1.65e+07	-84.483
-1.6e+07	-82.22
-1.55e+07	-66.659
-1.5e+07	-55.312
-1.45e+07	-46.793
-1.4e+07	-40.252
-1.35e+07	-35.148
-1.3e+07	-31.117
-1.25e+07	-28.049
-1.2e+07	-25.699
-1.15e+07	-24.032
-1.1e+07	-22.906
-1.05e+07	-22.197
-1e+07	-21.785
-9.5e+06	-21.586
-9e+06	-21.49
-8.5e+06	-21.442
-8e+06	-21.411
-7.5e+06	-21.378
-7e+06	-21.365
-6.5e+06	-21.35
-6e+06	-21.336
-5.5e+06	-21.326
-5e+06	-21.312
-4.5e+06	-21.309
-4e+06	-21.303
-3.5e+06	-21.299
-3e+06	-21.295
-2.5e+06	-21.284
-2e+06	-21.287
-1.5e+06	-21.283
-1e+06	-21.28
-5e+05	-21.274
0	-21.144
5e+05	-21.282
1e+06	-21.29
1.5e+06	-21.3
2e+06	-21.309
2.5e+06	-21.311
3e+06	-21.327
3.5e+06	-21.336
4e+06	-21.346
4.5e+06	-21.357
5e+06	-21.363
5.5e+06	-21.385
6e+06	-21.4
6.5e+06	-21.418
7e+06	-21.439
7.5e+06	-21.461
8e+06	-21.499
8.5e+06	-21.536
9e+06	-21.59
9.5e+06	-21.692
1e+07	-21.9
1.05e+07	-22.318
1.1e+07	-23.034
1.15e+07	-24.167
1.2e+07	-25.829
1.25e+07	-28.187
1.3e+07	-31.255
1.35e+07	-35.311
1.4e+07	-40.464
1.45e+07	-47.01
1.5e+07	-55.495
1.55e+07	-66.915
1.6e+07	-81.205
1.65e+07	-84.672
1.7e+07	-84.573
