-1.7e+07	-84.444
-1.65e+07	-84.577
-1.6e+07	-80.969
-1.55e+07	-65.557
-1.5e+07	-54.005
-1.45e+07	-45.605
-1.4e+07	-39.058
-1.35e+07	-33.919
-1.3e+07	-29.877
-1.25e+07	-26.81
-1.2e+07	-24.442
-1.15e+07	-22.791
-1.1e+07	-21.662
-1.05e+07	-20.952
-1e+07	-20.541
-9.5e+06	-20.341
-9e+06	-20.244
-8.5e+06	-20.195
-8e+06	-20.164
-7.5e+06	-20.132
-7e+06	-20.117
-6.5e+06	-20.099
-6e+06	-20.087
-5.5e+06	-20.076
-5e+06	-20.062
-4.5e+06	-20.06
-4e+06	-20.052
-3.5e+06	-19.647
-3e+06	-19.642
-2.5e+06	-19.632
-2e+06	-19.636
-1.5e+06	-19.632
-1e+06	-19.63
-5e+05	-19.626
0	-19.497
5e+05	-19.64
1e+06	-20.039
1.5e+06	-20.049
2e+06	-20.06
2.5e+06	-20.063
3e+06	-20.079
3.5e+06	-20.088
4e+06	-20.099
4.5e+06	-20.111
5e+06	-20.118
5.5e+06	-20.139
6e+06	-20.154
6.5e+06	-20.17
7e+06	-20.194
7.5e+06	-20.22
8e+06	-20.182
8.5e+06	-20.215
9e+06	-20.269
9.5e+06	-20.37
1e+07	-20.577
1.05e+07	-20.992
1.1e+07	-21.706
1.15e+07	-22.84
1.2e+07	-24.51
1.25e+07	-26.879
1.3e+07	-29.952
1.35e+07	-33.989
1.4e+07	-39.141
1.45e+07	-45.702
1.5e+07	-54.17
1.55e+07	-65.725
1.6e+07	-81.107
1.65e+07	-82.952
1.7e+07	-84.477
