-1.7e+07	-83.545
-1.65e+07	-82.563
-1.6e+07	-67.717
-1.55e+07	-49.825
-1.5e+07	-38.311
-1.45e+07	-29.875
-1.4e+07	-23.33
-1.35e+07	-18.183
-1.3e+07	-14.147
-1.25e+07	-11.072
-1.2e+07	-8.71
-1.15e+07	-7.045
-1.1e+07	-5.9189
-1.05e+07	-5.2128
-1e+07	-4.8035
-9.5e+06	-4.6036
-9e+06	-4.5069
-8.5e+06	-4.4586
-8e+06	-4.426
-7.5e+06	-4.3931
-7e+06	-4.3775
-6.5e+06	-4.3595
-6e+06	-4.3469
-5.5e+06	-4.3359
-5e+06	-4.3197
-4.5e+06	-4.3184
-4e+06	-4.3118
-3.5e+06	-4.3073
-3e+06	-4.3034
-2.5e+06	-4.2929
-2e+06	-4.2948
-1.5e+06	-4.2901
-1e+06	-4.2878
-5e+05	-4.2838
0	-4.1756
5e+05	-4.2888
1e+06	-4.2967
1.5e+06	-4.303
2e+06	-4.3112
2.5e+06	-4.308
3e+06	-4.3284
3.5e+06	-4.3373
4e+06	-4.3468
4.5e+06	-4.3567
5e+06	-4.363
5.5e+06	-4.3828
6e+06	-4.398
6.5e+06	-4.4154
7e+06	-4.4366
7.5e+06	-4.4566
8e+06	-4.4945
8.5e+06	-4.5312
9e+06	-4.5847
9.5e+06	-4.6866
1e+07	-4.89
1.05e+07	-5.3054
1.1e+07	-6.0164
1.15e+07	-7.1463
1.2e+07	-8.8182
1.25e+07	-11.19
1.3e+07	-14.268
1.35e+07	-18.311
1.4e+07	-23.464
1.45e+07	-30.014
1.5e+07	-38.467
1.55e+07	-49.944
1.6e+07	-67.698
1.65e+07	-81.76
1.7e+07	-84.031
