-1.7e+07	-83.948
-1.65e+07	-83.465
-1.6e+07	-83.287
-1.55e+07	-73.951
-1.5e+07	-62.397
-1.45e+07	-54.037
-1.4e+07	-47.501
-1.35e+07	-42.378
-1.3e+07	-38.356
-1.25e+07	-35.304
-1.2e+07	-32.957
-1.15e+07	-31.286
-1.1e+07	-30.156
-1.05e+07	-29.445
-1e+07	-29.025
-9.5e+06	-28.828
-9e+06	-28.734
-8.5e+06	-28.689
-8e+06	-28.661
-7.5e+06	-28.624
-7e+06	-28.608
-6.5e+06	-28.597
-6e+06	-28.589
-5.5e+06	-28.581
-5e+06	-28.568
-4.5e+06	-28.568
-4e+06	-28.563
-3.5e+06	-28.561
-3e+06	-28.557
-2.5e+06	-28.549
-2e+06	-28.556
-1.5e+06	-28.553
-1e+06	-28.551
-5e+05	-28.548
0	-28.439
5e+05	-28.562
1e+06	-28.576
1.5e+06	-28.586
2e+06	-28.599
2.5e+06	-28.605
3e+06	-28.625
3.5e+06	-28.638
4e+06	-28.648
4.5e+06	-28.666
5e+06	-28.673
5.5e+06	-28.695
6e+06	-28.714
6.5e+06	-28.733
7e+06	-28.757
7.5e+06	-28.785
8e+06	-28.826
8.5e+06	-28.866
9e+06	-28.925
9.5e+06	-29.027
1e+07	-29.238
1.05e+07	-29.665
1.1e+07	-30.392
1.15e+07	-31.529
1.2e+07	-33.209
1.25e+07	-35.573
1.3e+07	-38.645
1.35e+07	-42.668
1.4e+07	-47.797
1.45e+07	-54.259
1.5e+07	-62.753
1.55e+07	-74.382
1.6e+07	-82.897
1.65e+07	-83.909
1.7e+07	-83.598
