-1.7e+07	-83.472
-1.65e+07	-83.891
-1.6e+07	-84.176
-1.55e+07	-74.356
-1.5e+07	-63.26
-1.45e+07	-54.988
-1.4e+07	-48.481
-1.35e+07	-43.406
-1.3e+07	-39.373
-1.25e+07	-36.31
-1.2e+07	-33.973
-1.15e+07	-32.298
-1.1e+07	-31.158
-1.05e+07	-30.442
-1e+07	-30.021
-9.5e+06	-29.817
-9e+06	-29.717
-8.5e+06	-29.666
-8e+06	-29.632
-7.5e+06	-29.597
-7e+06	-29.586
-6.5e+06	-29.562
-6e+06	-29.554
-5.5e+06	-29.538
-5e+06	-29.524
-4.5e+06	-29.523
-4e+06	-29.511
-3.5e+06	-29.503
-3e+06	-29.504
-2.5e+06	-29.49
-2e+06	-29.486
-1.5e+06	-29.48
-1e+06	-29.476
-5e+05	-29.469
0	-29.256
5e+05	-29.475
1e+06	-29.482
1.5e+06	-29.486
2e+06	-29.497
2.5e+06	-29.485
3e+06	-29.49
3.5e+06	-29.509
4e+06	-29.523
4.5e+06	-29.537
5e+06	-29.537
5.5e+06	-29.559
6e+06	-29.573
6.5e+06	-29.583
7e+06	-29.603
7.5e+06	-29.623
8e+06	-29.663
8.5e+06	-29.695
9e+06	-29.75
9.5e+06	-29.846
1e+07	-30.056
1.05e+07	-30.481
1.1e+07	-31.199
1.15e+07	-32.343
1.2e+07	-34.016
1.25e+07	-36.364
1.3e+07	-39.433
1.35e+07	-43.431
1.4e+07	-48.569
1.45e+07	-55.106
1.5e+07	-63.611
1.55e+07	-74.979
1.6e+07	-83.171
1.65e+07	-83.713
1.7e+07	-83.334
