-1.7e+07	-83.157
-1.65e+07	-78.559
-1.6e+07	-65.838
-1.55e+07	-47.06
-1.5e+07	-35.316
-1.45e+07	-26.882
-1.4e+07	-20.245
-1.35e+07	-15.027
-1.3e+07	-10.949
-1.25e+07	-7.7474
-1.2e+07	-5.4891
-1.15e+07	-3.8304
-1.1e+07	-2.7214
-1.05e+07	-2.0371
-1e+07	-1.6449
-9.5e+06	-1.4565
-9e+06	-1.3616
-8.5e+06	-1.3104
-8e+06	-1.273
-7.5e+06	-1.236
-7e+06	-1.2145
-6.5e+06	-1.1918
-6e+06	-1.1728
-5.5e+06	-1.1543
-5e+06	-1.1329
-4.5e+06	-1.1228
-4e+06	-1.111
-3.5e+06	-1.0987
-3e+06	-1.0881
-2.5e+06	-0.90759
-2e+06	-0.90305
-1.5e+06	-0.89289
-1e+06	-1.0467
-5e+05	-1.0316
0	-0.79125
5e+05	-1.0216
1e+06	-1.0233
1.5e+06	-1.0234
2e+06	-1.027
2.5e+06	-1.018
3e+06	-1.0288
3.5e+06	-1.0296
4e+06	-1.033
4.5e+06	-1.0319
5e+06	-1.0309
5.5e+06	-1.0435
6e+06	-1.0509
6.5e+06	-1.0589
7e+06	-1.0703
7.5e+06	-1.0811
8e+06	-1.1084
8.5e+06	-1.1338
9e+06	-1.1751
9.5e+06	-1.2597
1e+07	-1.4386
1.05e+07	-1.8216
1.1e+07	-2.497
1.15e+07	-3.5947
1.2e+07	-5.2446
1.25e+07	-7.5256
1.3e+07	-10.684
1.35e+07	-14.751
1.4e+07	-19.954
1.45e+07	-26.572
1.5e+07	-34.999
1.55e+07	-46.677
1.6e+07	-65.46
1.65e+07	-78.391
1.7e+07	-82.659
