-1.7e+07	-84.426
-1.65e+07	-83.328
-1.6e+07	-82.688
-1.55e+07	-72.395
-1.5e+07	-61.19
-1.45e+07	-52.801
-1.4e+07	-46.309
-1.35e+07	-41.184
-1.3e+07	-37.184
-1.25e+07	-34.107
-1.2e+07	-31.758
-1.15e+07	-30.088
-1.1e+07	-28.957
-1.05e+07	-28.245
-1e+07	-27.83
-9.5e+06	-27.625
-9e+06	-27.53
-8.5e+06	-27.478
-8e+06	-27.444
-7.5e+06	-27.413
-7e+06	-27.398
-6.5e+06	-27.377
-6e+06	-27.37
-5.5e+06	-27.359
-5e+06	-27.345
-4.5e+06	-27.342
-4e+06	-27.337
-3.5e+06	-27.333
-3e+06	-27.329
-2.5e+06	-27.321
-2e+06	-27.321
-1.5e+06	-27.316
-1e+06	-27.316
-5e+05	-27.311
0	-27.201
5e+05	-27.324
1e+06	-27.315
1.5e+06	-27.298
2e+06	-27.317
2.5e+06	-27.374
3e+06	-27.386
3.5e+06	-27.402
4e+06	-27.415
4.5e+06	-27.434
5e+06	-27.439
5.5e+06	-27.465
6e+06	-27.486
6.5e+06	-27.505
7e+06	-27.535
7.5e+06	-27.559
8e+06	-27.6
8.5e+06	-27.644
9e+06	-27.697
9.5e+06	-27.808
1e+07	-28.019
1.05e+07	-28.45
1.1e+07	-29.171
1.15e+07	-30.315
1.2e+07	-31.994
1.25e+07	-34.363
1.3e+07	-37.426
1.35e+07	-41.458
1.4e+07	-46.576
1.45e+07	-53.085
1.5e+07	-61.473
1.55e+07	-73.32
1.6e+07	-83.385
1.65e+07	-82.914
1.7e+07	-83.269
