-1.7e+07	-83.228
-1.65e+07	-82.066
-1.6e+07	-78.195
-1.55e+07	-61.194
-1.5e+07	-49.641
-1.45e+07	-41.208
-1.4e+07	-34.652
-1.35e+07	-29.487
-1.3e+07	-25.454
-1.25e+07	-22.356
-1.2e+07	-20.018
-1.15e+07	-18.36
-1.1e+07	-17.232
-1.05e+07	-16.522
-1e+07	-16.117
-9.5e+06	-15.938
-9e+06	-15.851
-8.5e+06	-15.805
-8e+06	-15.775
-7.5e+06	-15.743
-7e+06	-15.728
-6.5e+06	-15.713
-6e+06	-15.701
-5.5e+06	-15.691
-5e+06	-15.677
-4.5e+06	-15.675
-4e+06	-15.672
-3.5e+06	-15.663
-3e+06	-15.663
-2.5e+06	-15.653
-2e+06	-15.657
-1.5e+06	-15.652
-1e+06	-15.65
-5e+05	-15.646
0	-15.518
5e+05	-15.655
1e+06	-15.652
1.5e+06	-15.674
2e+06	-15.685
2.5e+06	-15.689
3e+06	-15.706
3.5e+06	-15.716
4e+06	-15.728
4.5e+06	-15.739
5e+06	-15.747
5.5e+06	-15.768
6e+06	-15.785
6.5e+06	-15.803
7e+06	-15.826
7.5e+06	-15.847
8e+06	-15.886
8.5e+06	-15.923
9e+06	-15.976
9.5e+06	-16.076
1e+07	-16.278
1.05e+07	-16.689
1.1e+07	-17.395
1.15e+07	-18.52
1.2e+07	-20.186
1.25e+07	-22.534
1.3e+07	-25.636
1.35e+07	-29.685
1.4e+07	-34.849
1.45e+07	-41.424
1.5e+07	-49.881
1.55e+07	-61.388
1.6e+07	-80.175
1.65e+07	-83.863
1.7e+07	-83.565
