-1.7e+07	-83.491
-1.65e+07	-84.074
-1.6e+07	-81.17
-1.55e+07	-67.274
-1.5e+07	-55.855
-1.45e+07	-47.468
-1.4e+07	-40.922
-1.35e+07	-35.789
-1.3e+07	-31.764
-1.25e+07	-28.696
-1.2e+07	-26.348
-1.15e+07	-24.682
-1.1e+07	-23.553
-1.05e+07	-22.848
-1e+07	-22.336
-9.5e+06	-22.137
-9e+06	-22.139
-8.5e+06	-22.091
-8e+06	-22.061
-7.5e+06	-22.03
-7e+06	-22.016
-6.5e+06	-21.998
-6e+06	-21.991
-5.5e+06	-22.054
-5e+06	-22.037
-4.5e+06	-22.036
-4e+06	-22.03
-3.5e+06	-22.023
-3e+06	-22.02
-2.5e+06	-22.007
-2e+06	-22.01
-1.5e+06	-22.004
-1e+06	-22.003
-5e+05	-21.998
0	-21.886
5e+05	-22.003
1e+06	-22.012
1.5e+06	-22.022
2e+06	-22.03
2.5e+06	-22.033
3e+06	-22.036
3.5e+06	-22.035
4e+06	-22.065
4.5e+06	-22.076
5e+06	-22.081
5.5e+06	-22.103
6e+06	-22.118
6.5e+06	-22.135
7e+06	-22.157
7.5e+06	-22.178
8e+06	-22.214
8.5e+06	-22.251
9e+06	-22.306
9.5e+06	-22.407
1e+07	-22.611
1.05e+07	-23.03
1.1e+07	-23.744
1.15e+07	-24.88
1.2e+07	-26.551
1.25e+07	-28.921
1.3e+07	-31.987
1.35e+07	-36.017
1.4e+07	-41.142
1.45e+07	-47.707
1.5e+07	-56.151
1.55e+07	-67.845
1.6e+07	-81.793
1.65e+07	-84.185
1.7e+07	-85.105
