-1.7e+07	-82.083
-1.65e+07	-82.81
-1.6e+07	-82.864
-1.55e+07	-77.326
-1.5e+07	-65.863
-1.45e+07	-57.748
-1.4e+07	-51.225
-1.35e+07	-46.154
-1.3e+07	-42.146
-1.25e+07	-39.047
-1.2e+07	-36.708
-1.15e+07	-35.041
-1.1e+07	-33.899
-1.05e+07	-33.166
-1e+07	-32.747
-9.5e+06	-32.535
-9e+06	-32.427
-8.5e+06	-32.378
-8e+06	-32.34
-7.5e+06	-32.303
-7e+06	-32.273
-6.5e+06	-32.266
-6e+06	-32.218
-5.5e+06	-32.222
-5e+06	-32.191
-4.5e+06	-32.199
-4e+06	-32.187
-3.5e+06	-32.18
-3e+06	-32.169
-2.5e+06	-32.155
-2e+06	-32.15
-1.5e+06	-32.138
-1e+06	-32.13
-5e+05	-32.124
0	-31.677
5e+05	-32.123
1e+06	-32.129
1.5e+06	-32.132
2e+06	-32.141
2.5e+06	-32.137
3e+06	-32.149
3.5e+06	-32.161
4e+06	-32.169
4.5e+06	-32.175
5e+06	-32.175
5.5e+06	-32.195
6e+06	-32.205
6.5e+06	-32.223
7e+06	-32.239
7.5e+06	-32.25
8e+06	-32.291
8.5e+06	-32.327
9e+06	-32.375
9.5e+06	-32.467
1e+07	-32.676
1.05e+07	-33.101
1.1e+07	-33.817
1.15e+07	-34.957
1.2e+07	-36.626
1.25e+07	-38.971
1.3e+07	-42.038
1.35e+07	-46.039
1.4e+07	-51.133
1.45e+07	-57.604
1.5e+07	-65.921
1.55e+07	-77.236
1.6e+07	-81.42
1.65e+07	-81.096
1.7e+07	-81.254
