-1.7e+07	-82.05
-1.65e+07	-81.93
-1.6e+07	-82.12
-1.55e+07	-75.023
-1.5e+07	-64.077
-1.45e+07	-55.805
-1.4e+07	-49.204
-1.35e+07	-44.085
-1.3e+07	-40.046
-1.25e+07	-36.952
-1.2e+07	-34.588
-1.15e+07	-33.815
-1.1e+07	-32.664
-1.05e+07	-31.934
-1e+07	-31.552
-9.5e+06	-31.318
-9e+06	-31.198
-8.5e+06	-31.126
-8e+06	-31.019
-7.5e+06	-31.023
-7e+06	-30.983
-6.5e+06	-30.945
-6e+06	-30.902
-5.5e+06	-30.87
-5e+06	-30.834
-4.5e+06	-30.814
-4e+06	-30.777
-3.5e+06	-30.749
-3e+06	-30.723
-2.5e+06	-30.686
-2e+06	-30.664
-1.5e+06	-30.635
-1e+06	-30.61
-5e+05	-30.579
0	-30.335
5e+05	-30.564
1e+06	-30.566
1.5e+06	-30.574
2e+06	-30.581
2.5e+06	-30.577
3e+06	-30.591
3.5e+06	-30.601
4e+06	-30.608
4.5e+06	-30.613
5e+06	-30.613
5.5e+06	-30.638
6e+06	-30.643
6.5e+06	-30.656
7e+06	-30.682
7.5e+06	-30.69
8e+06	-30.738
8.5e+06	-30.709
9e+06	-30.819
9.5e+06	-30.926
1e+07	-31.08
1.05e+07	-31.564
1.1e+07	-32.271
1.15e+07	-33.41
1.2e+07	-35.085
1.25e+07	-37.43
1.3e+07	-40.498
1.35e+07	-44.525
1.4e+07	-49.635
1.45e+07	-56.018
1.5e+07	-64.464
1.55e+07	-75.758
1.6e+07	-80.975
1.65e+07	-82.017
1.7e+07	-80.753
