-1.7e+07	-83.074
-1.65e+07	-83.048
-1.6e+07	-78.66
-1.55e+07	-61.694
-1.5e+07	-50.322
-1.45e+07	-41.897
-1.4e+07	-35.367
-1.35e+07	-30.256
-1.3e+07	-26.257
-1.25e+07	-23.174
-1.2e+07	-20.841
-1.15e+07	-19.167
-1.1e+07	-18.028
-1.05e+07	-17.303
-1e+07	-16.878
-9.5e+06	-16.668
-9e+06	-16.565
-8.5e+06	-16.511
-8e+06	-16.475
-7.5e+06	-16.436
-7e+06	-16.417
-6.5e+06	-16.395
-6e+06	-16.377
-5.5e+06	-16.363
-5e+06	-16.342
-4.5e+06	-16.335
-4e+06	-16.324
-3.5e+06	-16.314
-3e+06	-16.305
-2.5e+06	-16.289
-2e+06	-16.286
-1.5e+06	-16.277
-1e+06	-16.267
-5e+05	-16.258
0	-15.998
5e+05	-16.258
1e+06	-16.262
1.5e+06	-16.265
2e+06	-16.27
2.5e+06	-16.265
3e+06	-16.276
3.5e+06	-16.281
4e+06	-16.285
4.5e+06	-16.291
5e+06	-16.292
5.5e+06	-16.308
6e+06	-16.318
6.5e+06	-16.331
7e+06	-16.346
7.5e+06	-16.362
8e+06	-16.396
8.5e+06	-16.429
9e+06	-16.477
9.5e+06	-16.575
1e+07	-16.78
1.05e+07	-17.2
1.1e+07	-17.92
1.15e+07	-19.056
1.2e+07	-20.725
1.25e+07	-23.052
1.3e+07	-26.118
1.35e+07	-30.121
1.4e+07	-35.226
1.45e+07	-41.736
1.5e+07	-50.191
1.55e+07	-61.763
1.6e+07	-79.314
1.65e+07	-83.321
1.7e+07	-83.055
