-1.7e+07	-83.757
-1.65e+07	-82.856
-1.6e+07	-76.894
-1.55e+07	-58.358
-1.5e+07	-46.949
-1.45e+07	-38.527
-1.4e+07	-32.005
-1.35e+07	-26.9
-1.3e+07	-22.893
-1.25e+07	-19.837
-1.2e+07	-17.485
-1.15e+07	-15.818
-1.1e+07	-14.685
-1.05e+07	-13.97
-1e+07	-13.555
-9.5e+06	-13.353
-9e+06	-13.256
-8.5e+06	-13.211
-8e+06	-13.182
-7.5e+06	-13.15
-7e+06	-13.137
-6.5e+06	-13.122
-6e+06	-13.113
-5.5e+06	-13.105
-5e+06	-13.091
-4.5e+06	-13.092
-4e+06	-13.089
-3.5e+06	-13.086
-3e+06	-13.084
-2.5e+06	-13.076
-2e+06	-13.079
-1.5e+06	-13.078
-1e+06	-13.078
-5e+05	-13.076
0	-12.952
5e+05	-13.09
1e+06	-13.102
1.5e+06	-13.112
2e+06	-13.125
2.5e+06	-13.132
3e+06	-13.15
3.5e+06	-13.162
4e+06	-13.176
4.5e+06	-13.19
5e+06	-13.199
5.5e+06	-13.222
6e+06	-13.241
6.5e+06	-13.261
7e+06	-13.287
7.5e+06	-13.31
8e+06	-13.352
8.5e+06	-13.393
9e+06	-13.45
9.5e+06	-13.557
1e+07	-13.769
1.05e+07	-14.195
1.1e+07	-14.922
1.15e+07	-16.066
1.2e+07	-17.745
1.25e+07	-20.111
1.3e+07	-23.174
1.35e+07	-27.188
1.4e+07	-32.309
1.45e+07	-38.829
1.5e+07	-47.3
1.55e+07	-58.752
1.6e+07	-76.306
1.65e+07	-83.841
1.7e+07	-83.903
