-1.7e+07	-83.878
-1.65e+07	-83.04
-1.6e+07	-78.091
-1.55e+07	-60.216
-1.5e+07	-48.629
-1.45e+07	-40.181
-1.4e+07	-33.593
-1.35e+07	-28.424
-1.3e+07	-24.373
-1.25e+07	-21.257
-1.2e+07	-18.935
-1.15e+07	-17.275
-1.1e+07	-16.159
-1.05e+07	-15.464
-1e+07	-15.064
-9.5e+06	-14.87
-9e+06	-14.776
-8.5e+06	-14.729
-8e+06	-14.63
-7.5e+06	-14.595
-7e+06	-14.577
-6.5e+06	-14.559
-6e+06	-14.481
-5.5e+06	-14.432
-5e+06	-14.517
-4.5e+06	-14.514
-4e+06	-14.507
-3.5e+06	-14.5
-3e+06	-14.495
-2.5e+06	-14.481
-2e+06	-14.482
-1.5e+06	-14.476
-1e+06	-14.472
-5e+05	-14.467
0	-14.298
5e+05	-14.469
1e+06	-14.507
1.5e+06	-14.541
2e+06	-14.55
2.5e+06	-14.492
3e+06	-14.505
3.5e+06	-14.514
4e+06	-14.522
4.5e+06	-14.532
5e+06	-14.538
5.5e+06	-14.589
6e+06	-14.63
6.5e+06	-14.648
7e+06	-14.619
7.5e+06	-14.638
8e+06	-14.677
8.5e+06	-14.765
9e+06	-14.812
9.5e+06	-14.907
1e+07	-15.099
1.05e+07	-15.499
1.1e+07	-16.195
1.15e+07	-17.313
1.2e+07	-18.927
1.25e+07	-21.245
1.3e+07	-24.362
1.35e+07	-28.413
1.4e+07	-33.591
1.45e+07	-40.187
1.5e+07	-48.595
1.55e+07	-60.248
1.6e+07	-78.297
1.65e+07	-83.233
1.7e+07	-83.217
