-1.7e+07	-83.606
-1.65e+07	-83.914
-1.6e+07	-83.344
-1.55e+07	-73.93
-1.5e+07	-62.611
-1.45e+07	-54.306
-1.4e+07	-47.778
-1.35e+07	-42.637
-1.3e+07	-38.623
-1.25e+07	-35.535
-1.2e+07	-33.179
-1.15e+07	-31.498
-1.1e+07	-30.353
-1.05e+07	-29.627
-1e+07	-29.202
-9.5e+06	-28.991
-9e+06	-28.884
-8.5e+06	-28.826
-8e+06	-28.782
-7.5e+06	-28.741
-7e+06	-28.716
-6.5e+06	-28.693
-6e+06	-28.676
-5.5e+06	-28.652
-5e+06	-28.632
-4.5e+06	-28.625
-4e+06	-28.61
-3.5e+06	-28.598
-3e+06	-28.588
-2.5e+06	-28.571
-2e+06	-28.566
-1.5e+06	-28.553
-1e+06	-28.546
-5e+05	-28.538
0	-28.433
5e+05	-28.534
1e+06	-28.539
1.5e+06	-28.529
2e+06	-28.547
2.5e+06	-28.545
3e+06	-28.557
3.5e+06	-28.562
4e+06	-28.567
4.5e+06	-28.575
5e+06	-28.575
5.5e+06	-28.594
6e+06	-28.605
6.5e+06	-28.619
7e+06	-28.633
7.5e+06	-28.653
8e+06	-28.688
8.5e+06	-28.719
9e+06	-28.772
9.5e+06	-28.869
1e+07	-29.076
1.05e+07	-29.49
1.1e+07	-30.21
1.15e+07	-31.344
1.2e+07	-33.021
1.25e+07	-35.368
1.3e+07	-38.436
1.35e+07	-42.461
1.4e+07	-47.595
1.45e+07	-54.108
1.5e+07	-62.431
1.55e+07	-73.671
1.6e+07	-82.787
1.65e+07	-83.173
1.7e+07	-83.343
