-1.7e+07	-82.384
-1.65e+07	-78.297
-1.6e+07	-64.78
-1.55e+07	-46.308
-1.5e+07	-34.608
-1.45e+07	-26.19
-1.4e+07	-19.579
-1.35e+07	-14.386
-1.3e+07	-10.324
-1.25e+07	-7.1625
-1.2e+07	-4.8756
-1.15e+07	-3.2141
-1.1e+07	-2.1022
-1.05e+07	-1.4115
-1e+07	-1.0162
-9.5e+06	-0.8255
-9e+06	-0.7316
-8.5e+06	-0.68051
-8e+06	-0.64853
-7.5e+06	-0.61283
-7e+06	-0.59361
-6.5e+06	-0.5741
-6e+06	-0.55679
-5.5e+06	-0.53611
-5e+06	-0.52567
-4.5e+06	-0.51989
-4e+06	-0.50967
-3.5e+06	-0.50093
-3e+06	-0.49353
-2.5e+06	-0.47734
-2e+06	-0.4769
-1.5e+06	-0.46769
-1e+06	-0.46019
-5e+05	-0.45073
0	-0.24673
5e+05	-0.44772
1e+06	-0.45216
1.5e+06	-0.45492
2e+06	-0.46047
2.5e+06	-0.45695
3e+06	-0.46937
3.5e+06	-0.47354
4e+06	-0.47931
4.5e+06	-0.48456
5e+06	-0.47835
5.5e+06	-0.50077
6e+06	-0.51128
6.5e+06	-0.52418
7e+06	-0.54013
7.5e+06	-0.5542
8e+06	-0.58423
8.5e+06	-0.61316
9e+06	-0.65976
9.5e+06	-0.74832
1e+07	-0.93005
1.05e+07	-1.3193
1.1e+07	-2.014
1.15e+07	-3.1237
1.2e+07	-4.7813
1.25e+07	-7.0841
1.3e+07	-10.221
1.35e+07	-14.279
1.4e+07	-19.46
1.45e+07	-26.069
1.5e+07	-34.492
1.55e+07	-46.162
1.6e+07	-64.468
1.65e+07	-78.767
1.7e+07	-82.908
