-1.7e+07	-83.968
-1.65e+07	-84.563
-1.6e+07	-73.919
-1.55e+07	-55.879
-1.5e+07	-44.446
-1.45e+07	-36.024
-1.4e+07	-29.506
-1.35e+07	-24.389
-1.3e+07	-20.378
-1.25e+07	-17.32
-1.2e+07	-14.963
-1.15e+07	-13.294
-1.1e+07	-12.16
-1.05e+07	-11.444
-1e+07	-11.028
-9.5e+06	-10.824
-9e+06	-10.727
-8.5e+06	-10.679
-8e+06	-10.648
-7.5e+06	-10.616
-7e+06	-10.6
-6.5e+06	-10.583
-6e+06	-10.572
-5.5e+06	-10.563
-5e+06	-10.548
-4.5e+06	-10.548
-4e+06	-10.544
-3.5e+06	-10.539
-3e+06	-10.537
-2.5e+06	-10.527
-2e+06	-10.53
-1.5e+06	-10.528
-1e+06	-10.527
-5e+05	-10.525
0	-10.403
5e+05	-10.534
1e+06	-10.545
1.5e+06	-10.554
2e+06	-10.565
2.5e+06	-10.569
3e+06	-10.586
3.5e+06	-10.596
4e+06	-10.609
4.5e+06	-10.621
5e+06	-10.629
5.5e+06	-10.651
6e+06	-10.669
6.5e+06	-10.687
7e+06	-10.712
7.5e+06	-10.734
8e+06	-10.774
8.5e+06	-10.813
9e+06	-10.869
9.5e+06	-10.973
1e+07	-11.183
1.05e+07	-11.607
1.1e+07	-12.331
1.15e+07	-13.471
1.2e+07	-15.148
1.25e+07	-17.519
1.3e+07	-20.577
1.35e+07	-24.595
1.4e+07	-29.722
1.45e+07	-36.237
1.5e+07	-44.684
1.55e+07	-56.18
1.6e+07	-73.943
1.65e+07	-85.223
1.7e+07	-84.036
