-1.7e+07	-85.042
-1.65e+07	-84.437
-1.6e+07	-83.637
-1.55e+07	-69.974
-1.5e+07	-58.714
-1.45e+07	-50.282
-1.4e+07	-43.748
-1.35e+07	-38.625
-1.3e+07	-34.607
-1.25e+07	-31.547
-1.2e+07	-29.197
-1.15e+07	-27.532
-1.1e+07	-26.402
-1.05e+07	-25.69
-1e+07	-25.276
-9.5e+06	-25.075
-9e+06	-24.979
-8.5e+06	-24.931
-8e+06	-24.902
-7.5e+06	-24.872
-7e+06	-24.858
-6.5e+06	-24.843
-6e+06	-24.83
-5.5e+06	-24.803
-5e+06	-24.801
-4.5e+06	-24.81
-4e+06	-24.806
-3.5e+06	-24.802
-3e+06	-24.799
-2.5e+06	-24.791
-2e+06	-24.794
-1.5e+06	-24.79
-1e+06	-24.787
-5e+05	-24.784
0	-24.664
5e+05	-24.796
1e+06	-24.807
1.5e+06	-24.818
2e+06	-24.83
2.5e+06	-24.837
3e+06	-24.854
3.5e+06	-24.866
4e+06	-24.878
4.5e+06	-24.89
5e+06	-24.9
5.5e+06	-24.922
6e+06	-24.941
6.5e+06	-24.96
7e+06	-24.985
7.5e+06	-24.985
8e+06	-25.048
8.5e+06	-25.087
9e+06	-25.144
9.5e+06	-25.247
1e+07	-25.457
1.05e+07	-25.878
1.1e+07	-26.603
1.15e+07	-27.743
1.2e+07	-29.417
1.25e+07	-31.781
1.3e+07	-34.844
1.35e+07	-38.863
1.4e+07	-44
1.45e+07	-50.551
1.5e+07	-58.901
1.55e+07	-70.132
1.6e+07	-84.287
1.65e+07	-84.276
1.7e+07	-83.776
