-1.7e+07	-80.753
-1.65e+07	-81.941
-1.6e+07	-80.551
-1.55e+07	-76.528
-1.5e+07	-65.895
-1.45e+07	-57.435
-1.4e+07	-51.03
-1.35e+07	-45.922
-1.3e+07	-41.887
-1.25e+07	-38.818
-1.2e+07	-36.482
-1.15e+07	-34.807
-1.1e+07	-33.661
-1.05e+07	-32.945
-1e+07	-32.515
-9.5e+06	-32.312
-9e+06	-32.199
-8.5e+06	-32.155
-8e+06	-32.123
-7.5e+06	-32.077
-7e+06	-32.057
-6.5e+06	-32.035
-6e+06	-32.011
-5.5e+06	-32
-5e+06	-31.983
-4.5e+06	-31.976
-4e+06	-31.962
-3.5e+06	-31.954
-3e+06	-31.949
-2.5e+06	-31.923
-2e+06	-31.929
-1.5e+06	-31.913
-1e+06	-31.911
-5e+05	-31.905
0	-31.682
5e+05	-31.905
1e+06	-31.913
1.5e+06	-31.923
2e+06	-31.932
2.5e+06	-31.937
3e+06	-31.948
3.5e+06	-31.953
4e+06	-31.959
4.5e+06	-31.518
5e+06	-31.535
5.5e+06	-32.006
6e+06	-32.018
6.5e+06	-32.033
7e+06	-32.056
7.5e+06	-32.078
8e+06	-32.115
8.5e+06	-32.146
9e+06	-32.209
9.5e+06	-32.297
1e+07	-32.51
1.05e+07	-32.938
1.1e+07	-33.662
1.15e+07	-34.805
1.2e+07	-36.464
1.25e+07	-38.825
1.3e+07	-41.895
1.35e+07	-45.92
1.4e+07	-51.045
1.45e+07	-57.544
1.5e+07	-66.076
1.55e+07	-76.027
1.6e+07	-80.962
1.65e+07	-81.493
1.7e+07	-80.705
