-1.7e+07	-83.928
-1.65e+07	-82.98
-1.6e+07	-80.014
-1.55e+07	-64.054
-1.5e+07	-52.434
-1.45e+07	-43.988
-1.4e+07	-37.436
-1.35e+07	-32.296
-1.3e+07	-28.263
-1.25e+07	-25.186
-1.2e+07	-22.831
-1.15e+07	-21.166
-1.1e+07	-20.043
-1.05e+07	-19.339
-1e+07	-18.929
-9.5e+06	-18.731
-9e+06	-18.635
-8.5e+06	-18.587
-8e+06	-18.557
-7.5e+06	-18.524
-7e+06	-18.511
-6.5e+06	-18.494
-6e+06	-18.482
-5.5e+06	-18.471
-5e+06	-18.457
-4.5e+06	-18.456
-4e+06	-18.451
-3.5e+06	-18.447
-3e+06	-18.443
-2.5e+06	-18.431
-2e+06	-18.435
-1.5e+06	-18.43
-1e+06	-18.426
-5e+05	-18.425
0	-18.319
5e+05	-18.433
1e+06	-18.443
1.5e+06	-18.453
2e+06	-18.464
2.5e+06	-18.469
3e+06	-18.489
3.5e+06	-18.499
4e+06	-18.512
4.5e+06	-18.525
5e+06	-18.533
5.5e+06	-18.555
6e+06	-18.572
6.5e+06	-18.588
7e+06	-18.61
7.5e+06	-18.632
8e+06	-18.669
8.5e+06	-18.708
9e+06	-18.762
9.5e+06	-18.863
1e+07	-19.068
1.05e+07	-19.484
1.1e+07	-20.195
1.15e+07	-21.327
1.2e+07	-23
1.25e+07	-25.368
1.3e+07	-28.447
1.35e+07	-32.491
1.4e+07	-37.647
1.45e+07	-44.212
1.5e+07	-52.638
1.55e+07	-64.102
1.6e+07	-79.52
1.65e+07	-82.06
1.7e+07	-84.227
