-1.7e+07	-83.252
-1.65e+07	-81.777
-1.6e+07	-67.77
-1.55e+07	-49.216
-1.5e+07	-37.732
-1.45e+07	-29.287
-1.4e+07	-22.739
-1.35e+07	-17.597
-1.3e+07	-13.56
-1.25e+07	-10.483
-1.2e+07	-8.1249
-1.15e+07	-6.4612
-1.1e+07	-5.338
-1.05e+07	-4.6343
-1e+07	-4.2274
-9.5e+06	-4.0291
-9e+06	-3.9339
-8.5e+06	-3.8862
-8e+06	-3.8553
-7.5e+06	-3.823
-7e+06	-3.8085
-6.5e+06	-3.7916
-6e+06	-3.7796
-5.5e+06	-3.7696
-5e+06	-3.7543
-4.5e+06	-3.753
-4e+06	-3.7475
-3.5e+06	-3.7429
-3e+06	-3.739
-2.5e+06	-3.7282
-2e+06	-3.7306
-1.5e+06	-3.7263
-1e+06	-3.7239
-5e+05	-3.7208
0	-3.6189
5e+05	-3.7294
1e+06	-3.7396
1.5e+06	-3.7495
2e+06	-3.7607
2.5e+06	-3.7655
3e+06	-3.7826
3.5e+06	-3.7936
4e+06	-3.8056
4.5e+06	-3.8184
5e+06	-3.8256
5.5e+06	-3.849
6e+06	-3.8654
6.5e+06	-3.8826
7e+06	-3.9039
7.5e+06	-3.9244
8e+06	-3.962
8.5e+06	-3.9988
9e+06	-4.0519
9.5e+06	-4.1535
1e+07	-4.3578
1.05e+07	-4.7713
1.1e+07	-5.482
1.15e+07	-6.6121
1.2e+07	-8.2842
1.25e+07	-10.656
1.3e+07	-13.734
1.35e+07	-17.778
1.4e+07	-22.933
1.45e+07	-29.487
1.5e+07	-37.954
1.55e+07	-49.434
1.6e+07	-67.755
1.65e+07	-82.093
1.7e+07	-83.393
