-1.7e+07	-82.256
-1.65e+07	-81.752
-1.6e+07	-65.458
-1.55e+07	-46.898
-1.5e+07	-35.314
-1.45e+07	-26.888
-1.4e+07	-20.329
-1.35e+07	-15.164
-1.3e+07	-11.118
-1.25e+07	-8.0175
-1.2e+07	-5.6805
-1.15e+07	-4.0185
-1.1e+07	-2.8929
-1.05e+07	-2.1838
-1e+07	-1.7825
-9.5e+06	-1.6013
-9e+06	-1.5127
-8.5e+06	-1.4649
-8e+06	-1.4333
-7.5e+06	-1.4015
-7e+06	-1.3857
-6.5e+06	-1.3691
-6e+06	-1.3562
-5.5e+06	-1.3454
-5e+06	-1.3291
-4.5e+06	-1.3272
-4e+06	-1.3199
-3.5e+06	-1.3107
-3e+06	-1.3108
-2.5e+06	-1.2985
-2e+06	-1.3008
-1.5e+06	-1.2958
-1e+06	-1.293
-5e+05	-1.2887
0	-1.1552
5e+05	-1.2928
1e+06	-1.2931
1.5e+06	-1.3081
2e+06	-1.3188
2.5e+06	-1.32
3e+06	-1.3367
3.5e+06	-1.345
4e+06	-1.3545
4.5e+06	-1.3641
5e+06	-1.3705
5.5e+06	-1.3905
6e+06	-1.4061
6.5e+06	-1.4222
7e+06	-1.4437
7.5e+06	-1.4633
8e+06	-1.5004
8.5e+06	-1.5352
9e+06	-1.5865
9.5e+06	-1.6851
1e+07	-1.8843
1.05e+07	-2.2908
1.1e+07	-2.9926
1.15e+07	-4.1158
1.2e+07	-5.7829
1.25e+07	-8.1277
1.3e+07	-11.231
1.35e+07	-15.284
1.4e+07	-20.456
1.45e+07	-27.034
1.5e+07	-35.466
1.55e+07	-47.029
1.6e+07	-65.513
1.65e+07	-81.639
1.7e+07	-82.297
