-1.7e+07	-84.26
-1.65e+07	-83.273
-1.6e+07	-81.641
-1.55e+07	-64.395
-1.5e+07	-53.085
-1.45e+07	-44.628
-1.4e+07	-38.076
-1.35e+07	-32.932
-1.3e+07	-28.904
-1.25e+07	-25.829
-1.2e+07	-23.467
-1.15e+07	-21.804
-1.1e+07	-20.675
-1.05e+07	-19.969
-1e+07	-19.56
-9.5e+06	-19.359
-9e+06	-19.262
-8.5e+06	-19.214
-8e+06	-19.181
-7.5e+06	-19.147
-7e+06	-19.133
-6.5e+06	-19.115
-6e+06	-19.103
-5.5e+06	-19.091
-5e+06	-19.076
-4.5e+06	-19.072
-4e+06	-19.068
-3.5e+06	-19.062
-3e+06	-19.059
-2.5e+06	-19.049
-2e+06	-19.05
-1.5e+06	-19.047
-1e+06	-19.043
-5e+05	-19.039
0	-18.929
5e+05	-19.045
1e+06	-19.054
1.5e+06	-19.06
2e+06	-19.069
2.5e+06	-19.061
3e+06	-19.084
3.5e+06	-19.093
4e+06	-19.103
4.5e+06	-19.113
5e+06	-19.12
5.5e+06	-19.141
6e+06	-19.155
6.5e+06	-19.172
7e+06	-19.194
7.5e+06	-19.215
8e+06	-19.252
8.5e+06	-19.291
9e+06	-19.344
9.5e+06	-19.446
1e+07	-19.65
1.05e+07	-20.067
1.1e+07	-20.777
1.15e+07	-21.91
1.2e+07	-23.582
1.25e+07	-25.951
1.3e+07	-29.031
1.35e+07	-33.071
1.4e+07	-38.22
1.45e+07	-44.787
1.5e+07	-53.246
1.55e+07	-64.641
1.6e+07	-81.87
1.65e+07	-84.752
1.7e+07	-84.962
