-1.7e+07	-80.554
-1.65e+07	-81.526
-1.6e+07	-78.226
-1.55e+07	-61.391
-1.5e+07	-49.898
-1.45e+07	-41.443
-1.4e+07	-34.913
-1.35e+07	-29.801
-1.3e+07	-25.806
-1.25e+07	-22.735
-1.2e+07	-20.406
-1.15e+07	-18.739
-1.1e+07	-17.604
-1.05e+07	-16.888
-1e+07	-16.473
-9.5e+06	-16.271
-9e+06	-16.176
-8.5e+06	-16.131
-8e+06	-16.101
-7.5e+06	-16.073
-7e+06	-16.06
-6.5e+06	-16.047
-6e+06	-16.039
-5.5e+06	-16.032
-5e+06	-16.021
-4.5e+06	-16.024
-4e+06	-16.023
-3.5e+06	-16.022
-3e+06	-16.023
-2.5e+06	-16.015
-2e+06	-16.022
-1.5e+06	-16.022
-1e+06	-16.024
-5e+05	-16.025
0	-15.781
5e+05	-16.045
1e+06	-16.06
1.5e+06	-16.074
2e+06	-16.089
2.5e+06	-16.096
3e+06	-16.118
3.5e+06	-16.132
4e+06	-16.149
4.5e+06	-16.166
5e+06	-16.178
5.5e+06	-16.203
6e+06	-16.224
6.5e+06	-16.247
7e+06	-16.274
7.5e+06	-16.302
8e+06	-16.121
8.5e+06	-16.163
9e+06	-16.453
9.5e+06	-16.562
1e+07	-16.775
1.05e+07	-17.202
1.1e+07	-17.93
1.15e+07	-19.079
1.2e+07	-20.756
1.25e+07	-23.105
1.3e+07	-26.179
1.35e+07	-30.187
1.4e+07	-35.299
1.45e+07	-41.825
1.5e+07	-50.279
1.55e+07	-61.534
1.6e+07	-78.67
1.65e+07	-79.427
1.7e+07	-80.942
