-1.7e+07	-82.867
-1.65e+07	-83.091
-1.6e+07	-81.758
-1.55e+07	-73.747
-1.5e+07	-62.582
-1.45e+07	-53.995
-1.4e+07	-47.513
-1.35e+07	-42.376
-1.3e+07	-38.374
-1.25e+07	-35.313
-1.2e+07	-32.962
-1.15e+07	-31.29
-1.1e+07	-30.154
-1.05e+07	-29.436
-1e+07	-29.021
-9.5e+06	-28.818
-9e+06	-28.721
-8.5e+06	-28.675
-8e+06	-28.641
-7.5e+06	-28.613
-7e+06	-28.594
-6.5e+06	-28.591
-6e+06	-28.58
-5.5e+06	-28.573
-5e+06	-28.556
-4.5e+06	-28.556
-4e+06	-28.558
-3.5e+06	-28.557
-3e+06	-28.551
-2.5e+06	-28.541
-2e+06	-28.55
-1.5e+06	-28.549
-1e+06	-28.55
-5e+05	-28.552
0	-28.36
5e+05	-28.569
1e+06	-28.58
1.5e+06	-28.596
2e+06	-28.61
2.5e+06	-28.616
3e+06	-28.633
3.5e+06	-28.653
4e+06	-28.666
4.5e+06	-28.688
5e+06	-28.696
5.5e+06	-28.724
6e+06	-28.729
6.5e+06	-28.755
7e+06	-28.793
7.5e+06	-28.818
8e+06	-28.864
8.5e+06	-28.904
9e+06	-28.966
9.5e+06	-29.071
1e+07	-29.282
1.05e+07	-29.714
1.1e+07	-30.443
1.15e+07	-31.59
1.2e+07	-33.266
1.25e+07	-35.63
1.3e+07	-38.711
1.35e+07	-42.723
1.4e+07	-47.872
1.45e+07	-54.355
1.5e+07	-62.723
1.55e+07	-74.057
1.6e+07	-82.514
1.65e+07	-82.92
1.7e+07	-84.162
