-1.7e+07	-83.008
-1.65e+07	-83.495
-1.6e+07	-82.528
-1.55e+07	-77.92
-1.5e+07	-65.8
-1.45e+07	-57.136
-1.4e+07	-50.72
-1.35e+07	-45.625
-1.3e+07	-41.62
-1.25e+07	-38.532
-1.2e+07	-36.219
-1.15e+07	-34.538
-1.1e+07	-33.401
-1.05e+07	-32.679
-1e+07	-32.263
-9.5e+06	-32.061
-9e+06	-31.964
-8.5e+06	-31.916
-8e+06	-31.881
-7.5e+06	-31.854
-7e+06	-31.838
-6.5e+06	-31.826
-6e+06	-31.814
-5.5e+06	-31.808
-5e+06	-31.795
-4.5e+06	-31.794
-4e+06	-31.796
-3.5e+06	-31.792
-3e+06	-31.788
-2.5e+06	-31.783
-2e+06	-31.789
-1.5e+06	-31.785
-1e+06	-31.792
-5e+05	-31.789
0	-31.559
5e+05	-31.8
1e+06	-31.811
1.5e+06	-31.82
2e+06	-31.836
2.5e+06	-31.833
3e+06	-31.853
3.5e+06	-31.855
4e+06	-31.866
4.5e+06	-31.892
5e+06	-31.894
5.5e+06	-31.919
6e+06	-31.932
6.5e+06	-31.951
7e+06	-31.976
7.5e+06	-31.994
8e+06	-32.033
8.5e+06	-32.072
9e+06	-32.129
9.5e+06	-32.23
1e+07	-32.444
1.05e+07	-32.863
1.1e+07	-33.593
1.15e+07	-34.73
1.2e+07	-36.411
1.25e+07	-38.739
1.3e+07	-41.824
1.35e+07	-45.836
1.4e+07	-50.935
1.45e+07	-57.45
1.5e+07	-65.822
1.55e+07	-77.268
1.6e+07	-84.176
1.65e+07	-82.387
1.7e+07	-83.186
