-1.7e+07	-84.037
-1.65e+07	-84.917
-1.6e+07	-83.223
-1.55e+07	-69.289
-1.5e+07	-57.934
-1.45e+07	-49.398
-1.4e+07	-42.86
-1.35e+07	-37.732
-1.3e+07	-33.735
-1.25e+07	-30.668
-1.2e+07	-28.319
-1.15e+07	-26.649
-1.1e+07	-25.52
-1.05e+07	-24.801
-1e+07	-24.385
-9.5e+06	-24.187
-9e+06	-24.089
-8.5e+06	-24.039
-8e+06	-24.009
-7.5e+06	-23.975
-7e+06	-23.958
-6.5e+06	-23.942
-6e+06	-23.93
-5.5e+06	-23.921
-5e+06	-23.906
-4.5e+06	-23.904
-4e+06	-23.901
-3.5e+06	-23.895
-3e+06	-23.892
-2.5e+06	-23.88
-2e+06	-23.884
-1.5e+06	-23.882
-1e+06	-23.879
-5e+05	-23.877
0	-23.762
5e+05	-23.886
1e+06	-23.897
1.5e+06	-23.907
2e+06	-23.918
2.5e+06	-23.923
3e+06	-23.942
3.5e+06	-23.952
4e+06	-23.966
4.5e+06	-23.977
5e+06	-23.986
5.5e+06	-24.008
6e+06	-24.028
6.5e+06	-24.047
7e+06	-24.074
7.5e+06	-24.096
8e+06	-24.137
8.5e+06	-24.176
9e+06	-24.234
9.5e+06	-24.34
1e+07	-24.531
1.05e+07	-24.955
1.1e+07	-25.699
1.15e+07	-26.837
1.2e+07	-28.513
1.25e+07	-30.879
1.3e+07	-33.947
1.35e+07	-37.976
1.4e+07	-43.12
1.45e+07	-49.642
1.5e+07	-58.06
1.55e+07	-69.636
1.6e+07	-82.947
1.65e+07	-84.301
1.7e+07	-85.375
