-1.7e+07	-83.095
-1.65e+07	-81.55
-1.6e+07	-69.025
-1.55e+07	-50.805
-1.5e+07	-39.263
-1.45e+07	-30.819
-1.4e+07	-24.286
-1.35e+07	-19.145
-1.3e+07	-15.111
-1.25e+07	-12.039
-1.2e+07	-9.6723
-1.15e+07	-8.0198
-1.1e+07	-6.8907
-1.05e+07	-6.1832
-1e+07	-5.7726
-9.5e+06	-5.574
-9e+06	-5.4779
-8.5e+06	-5.4295
-8e+06	-5.3981
-7.5e+06	-5.3652
-7e+06	-5.3486
-6.5e+06	-5.3319
-6e+06	-5.3206
-5.5e+06	-5.3098
-5e+06	-5.2947
-4.5e+06	-5.2935
-4e+06	-5.2837
-3.5e+06	-4.8768
-3e+06	-4.872
-2.5e+06	-4.8615
-2e+06	-4.8642
-1.5e+06	-4.861
-1e+06	-4.8594
-5e+05	-4.8558
0	-4.7275
5e+05	-4.8683
1e+06	-5.2719
1.5e+06	-5.2813
2e+06	-5.2917
2.5e+06	-5.295
3e+06	-5.3113
3.5e+06	-5.3207
4e+06	-5.3312
4.5e+06	-5.3424
5e+06	-5.3491
5.5e+06	-5.3698
6e+06	-5.3857
6.5e+06	-5.4023
7e+06	-5.4246
7.5e+06	-5.4489
8e+06	-5.4147
8.5e+06	-5.4486
9e+06	-5.5022
9.5e+06	-5.6023
1e+07	-5.8072
1.05e+07	-6.2218
1.1e+07	-6.9351
1.15e+07	-8.0666
1.2e+07	-9.7396
1.25e+07	-12.109
1.3e+07	-15.185
1.35e+07	-19.221
1.4e+07	-24.374
1.45e+07	-30.912
1.5e+07	-39.389
1.55e+07	-50.856
1.6e+07	-69.142
1.65e+07	-83.064
1.7e+07	-83.189
