-1.7e+07	-82.63
-1.65e+07	-84.017
-1.6e+07	-82.504
-1.55e+07	-74.826
-1.5e+07	-64.371
-1.45e+07	-56.03
-1.4e+07	-49.537
-1.35e+07	-44.415
-1.3e+07	-40.401
-1.25e+07	-37.327
-1.2e+07	-34.983
-1.15e+07	-33.316
-1.1e+07	-32.167
-1.05e+07	-31.439
-1e+07	-31.019
-9.5e+06	-30.809
-9e+06	-30.698
-8.5e+06	-30.631
-8e+06	-30.618
-7.5e+06	-30.579
-7e+06	-30.562
-6.5e+06	-30.543
-6e+06	-30.524
-5.5e+06	-30.512
-5e+06	-30.492
-4.5e+06	-30.494
-4e+06	-30.481
-3.5e+06	-30.475
-3e+06	-30.468
-2.5e+06	-30.458
-2e+06	-30.454
-1.5e+06	-30.391
-1e+06	-30.309
-5e+05	-30.375
0	-30.227
5e+05	-30.446
1e+06	-30.454
1.5e+06	-30.456
2e+06	-30.464
2.5e+06	-30.467
3e+06	-30.478
3.5e+06	-30.487
4e+06	-30.494
4.5e+06	-30.505
5e+06	-30.509
5.5e+06	-30.532
6e+06	-30.525
6.5e+06	-30.541
7e+06	-30.584
7.5e+06	-30.603
8e+06	-30.639
8.5e+06	-30.675
9e+06	-30.728
9.5e+06	-30.832
1e+07	-31.025
1.05e+07	-31.462
1.1e+07	-32.199
1.15e+07	-33.338
1.2e+07	-35.019
1.25e+07	-37.36
1.3e+07	-40.432
1.35e+07	-44.456
1.4e+07	-49.598
1.45e+07	-56.099
1.5e+07	-64.398
1.55e+07	-76.073
1.6e+07	-83.277
1.65e+07	-83.284
1.7e+07	-83.472
