-1.7e+07	-83.869
-1.65e+07	-85.112
-1.6e+07	-83.121
-1.55e+07	-71.751
-1.5e+07	-60.392
-1.45e+07	-51.96
-1.4e+07	-45.45
-1.35e+07	-40.323
-1.3e+07	-36.332
-1.25e+07	-33.297
-1.2e+07	-30.935
-1.15e+07	-29.27
-1.1e+07	-28.14
-1.05e+07	-27.422
-1e+07	-27.006
-9.5e+06	-26.805
-9e+06	-26.704
-8.5e+06	-26.658
-8e+06	-26.628
-7.5e+06	-26.594
-7e+06	-26.577
-6.5e+06	-26.566
-6e+06	-26.555
-5.5e+06	-26.543
-5e+06	-26.531
-4.5e+06	-26.528
-4e+06	-26.526
-3.5e+06	-26.52
-3e+06	-26.521
-2.5e+06	-26.512
-2e+06	-26.515
-1.5e+06	-26.511
-1e+06	-26.512
-5e+05	-26.363
0	-26.243
5e+05	-26.527
1e+06	-26.531
1.5e+06	-26.542
2e+06	-26.551
2.5e+06	-26.557
3e+06	-26.571
3.5e+06	-26.581
4e+06	-26.594
4.5e+06	-26.611
5e+06	-26.613
5.5e+06	-26.636
6e+06	-26.655
6.5e+06	-26.673
7e+06	-26.694
7.5e+06	-26.718
8e+06	-26.755
8.5e+06	-26.793
9e+06	-26.85
9.5e+06	-26.953
1e+07	-27.163
1.05e+07	-27.586
1.1e+07	-28.31
1.15e+07	-29.448
1.2e+07	-31.118
1.25e+07	-33.489
1.3e+07	-36.543
1.35e+07	-40.545
1.4e+07	-45.707
1.45e+07	-52.258
1.5e+07	-60.579
1.55e+07	-72.098
1.6e+07	-83.736
1.65e+07	-84.286
1.7e+07	-83.312
