-1.7e+07	-83.897
-1.65e+07	-83.63
-1.6e+07	-76.075
-1.55e+07	-58.866
-1.5e+07	-47.388
-1.45e+07	-38.941
-1.4e+07	-32.424
-1.35e+07	-27.304
-1.3e+07	-23.292
-1.25e+07	-20.222
-1.2e+07	-17.867
-1.15e+07	-16.19
-1.1e+07	-15.048
-1.05e+07	-14.323
-1e+07	-13.897
-9.5e+06	-13.685
-9e+06	-13.579
-8.5e+06	-13.522
-8e+06	-13.482
-7.5e+06	-13.44
-7e+06	-13.418
-6.5e+06	-13.393
-6e+06	-13.373
-5.5e+06	-13.354
-5e+06	-13.329
-4.5e+06	-13.321
-4e+06	-13.306
-3.5e+06	-13.294
-3e+06	-13.283
-2.5e+06	-13.263
-2e+06	-13.257
-1.5e+06	-13.244
-1e+06	-13.234
-5e+05	-13.222
0	-13.041
5e+05	-13.215
1e+06	-13.217
1.5e+06	-13.205
2e+06	-13.218
2.5e+06	-13.214
3e+06	-13.223
3.5e+06	-13.226
4e+06	-13.229
4.5e+06	-13.234
5e+06	-13.232
5.5e+06	-13.247
6e+06	-13.256
6.5e+06	-13.267
7e+06	-13.282
7.5e+06	-13.296
8e+06	-13.328
8.5e+06	-13.36
9e+06	-13.407
9.5e+06	-13.506
1e+07	-13.708
1.05e+07	-14.127
1.1e+07	-14.844
1.15e+07	-15.98
1.2e+07	-17.649
1.25e+07	-20.003
1.3e+07	-23.058
1.35e+07	-27.066
1.4e+07	-32.173
1.45e+07	-38.682
1.5e+07	-47.128
1.55e+07	-58.508
1.6e+07	-76.963
1.65e+07	-83.294
1.7e+07	-83.459
