-1.7e+07	-84.706
-1.65e+07	-82.284
-1.6e+07	-79.124
-1.55e+07	-61.488
-1.5e+07	-49.796
-1.45e+07	-41.339
-1.4e+07	-34.709
-1.35e+07	-29.501
-1.3e+07	-25.42
-1.25e+07	-22.217
-1.2e+07	-19.956
-1.15e+07	-18.297
-1.1e+07	-17.187
-1.05e+07	-16.499
-1e+07	-16.104
-9.5e+06	-15.911
-9e+06	-15.814
-8.5e+06	-15.76
-8e+06	-15.723
-7.5e+06	-15.684
-7e+06	-15.66
-6.5e+06	-15.636
-6e+06	-15.617
-5.5e+06	-15.598
-5e+06	-15.576
-4.5e+06	-15.564
-4e+06	-15.55
-3.5e+06	-15.537
-3e+06	-15.526
-2.5e+06	-15.341
-2e+06	-15.334
-1.5e+06	-15.322
-1e+06	-15.474
-5e+05	-15.46
0	-15.218
5e+05	-15.447
1e+06	-15.446
1.5e+06	-15.444
2e+06	-15.446
2.5e+06	-15.436
3e+06	-15.444
3.5e+06	-15.444
4e+06	-15.446
4.5e+06	-15.447
5e+06	-15.445
5.5e+06	-15.455
6e+06	-15.46
6.5e+06	-15.467
7e+06	-15.478
7.5e+06	-15.487
8e+06	-15.513
8.5e+06	-15.54
9e+06	-15.579
9.5e+06	-15.663
1e+07	-15.843
1.05e+07	-16.225
1.1e+07	-16.902
1.15e+07	-18
1.2e+07	-19.648
1.25e+07	-21.93
1.3e+07	-25.088
1.35e+07	-29.147
1.4e+07	-34.343
1.45e+07	-40.958
1.5e+07	-49.355
1.55e+07	-61.061
1.6e+07	-79.163
1.65e+07	-82.922
1.7e+07	-83.142
