-1.7e+07	-83.591
-1.65e+07	-81.931
-1.6e+07	-78.22
-1.55e+07	-60.418
-1.5e+07	-48.894
-1.45e+07	-40.497
-1.4e+07	-33.927
-1.35e+07	-28.758
-1.3e+07	-24.721
-1.25e+07	-21.622
-1.2e+07	-19.293
-1.15e+07	-17.634
-1.1e+07	-16.518
-1.05e+07	-15.822
-1e+07	-15.421
-9.5e+06	-15.228
-9e+06	-15.137
-8.5e+06	-15.091
-8e+06	-15.062
-7.5e+06	-15.032
-7e+06	-15.017
-6.5e+06	-15.002
-6e+06	-14.991
-5.5e+06	-14.982
-5e+06	-14.968
-4.5e+06	-14.966
-4e+06	-14.962
-3.5e+06	-14.958
-3e+06	-14.955
-2.5e+06	-14.944
-2e+06	-14.949
-1.5e+06	-14.945
-1e+06	-14.942
-5e+05	-14.939
0	-14.795
5e+05	-14.947
1e+06	-14.956
1.5e+06	-14.965
2e+06	-14.976
2.5e+06	-14.978
3e+06	-14.995
3.5e+06	-15.006
4e+06	-15.016
4.5e+06	-15.017
5e+06	-15.036
5.5e+06	-15.056
6e+06	-15.072
6.5e+06	-15.09
7e+06	-15.112
7.5e+06	-15.133
8e+06	-15.17
8.5e+06	-15.206
9e+06	-15.259
9.5e+06	-15.358
1e+07	-15.558
1.05e+07	-15.965
1.1e+07	-16.669
1.15e+07	-17.791
1.2e+07	-19.461
1.25e+07	-21.739
1.3e+07	-24.852
1.35e+07	-28.956
1.4e+07	-34.129
1.45e+07	-40.701
1.5e+07	-49.173
1.55e+07	-60.723
1.6e+07	-78.211
1.65e+07	-82.978
1.7e+07	-83.546
