-1.7e+07	-83.789
-1.65e+07	-82.918
-1.6e+07	-70.257
-1.55e+07	-52.426
-1.5e+07	-40.951
-1.45e+07	-32.536
-1.4e+07	-26.005
-1.35e+07	-20.869
-1.3e+07	-16.847
-1.25e+07	-13.771
-1.2e+07	-11.421
-1.15e+07	-9.7541
-1.1e+07	-8.6248
-1.05e+07	-7.9145
-1e+07	-7.404
-9.5e+06	-7.201
-9e+06	-7.2036
-8.5e+06	-7.1553
-8e+06	-7.1248
-7.5e+06	-7.0909
-7e+06	-7.0749
-6.5e+06	-7.0572
-6e+06	-7.0483
-5.5e+06	-7.1109
-5e+06	-7.093
-4.5e+06	-7.0906
-4e+06	-7.0838
-3.5e+06	-7.0788
-3e+06	-7.0751
-2.5e+06	-7.0626
-2e+06	-7.065
-1.5e+06	-7.0601
-1e+06	-7.057
-5e+05	-7.052
0	-6.9378
5e+05	-7.0584
1e+06	-7.0667
1.5e+06	-7.0753
2e+06	-7.0835
2.5e+06	-7.0868
3e+06	-7.0919
3.5e+06	-7.0909
4e+06	-7.1204
4.5e+06	-7.1318
5e+06	-7.1381
5.5e+06	-7.1577
6e+06	-7.1733
6.5e+06	-7.191
7e+06	-7.213
7.5e+06	-7.2319
8e+06	-7.2703
8.5e+06	-7.3065
9e+06	-7.3596
9.5e+06	-7.4612
1e+07	-7.6679
1.05e+07	-8.0849
1.1e+07	-8.8002
1.15e+07	-9.9349
1.2e+07	-11.606
1.25e+07	-13.978
1.3e+07	-17.044
1.35e+07	-21.072
1.4e+07	-26.211
1.45e+07	-32.741
1.5e+07	-41.186
1.55e+07	-52.636
1.6e+07	-70.756
1.65e+07	-83.068
1.7e+07	-83.242
