-1.7e+07	-83.618
-1.65e+07	-82.653
-1.6e+07	-81.431
-1.55e+07	-77.096
-1.5e+07	-67.011
-1.45e+07	-58.401
-1.4e+07	-51.93
-1.35e+07	-46.79
-1.3e+07	-42.777
-1.25e+07	-39.675
-1.2e+07	-37.354
-1.15e+07	-35.671
-1.1e+07	-34.538
-1.05e+07	-33.811
-1e+07	-33.392
-9.5e+06	-33.182
-9e+06	-33.078
-8.5e+06	-33.024
-8e+06	-32.982
-7.5e+06	-32.948
-7e+06	-32.931
-6.5e+06	-32.909
-6e+06	-32.894
-5.5e+06	-32.874
-5e+06	-32.85
-4.5e+06	-32.846
-4e+06	-32.834
-3.5e+06	-32.826
-3e+06	-32.818
-2.5e+06	-32.805
-2e+06	-32.798
-1.5e+06	-32.79
-1e+06	-32.783
-5e+05	-32.771
0	-32.36
5e+05	-32.776
1e+06	-32.774
1.5e+06	-32.78
2e+06	-32.788
2.5e+06	-32.782
3e+06	-32.786
3.5e+06	-32.797
4e+06	-32.805
4.5e+06	-32.809
5e+06	-32.804
5.5e+06	-32.825
6e+06	-32.832
6.5e+06	-32.846
7e+06	-32.856
7.5e+06	-32.874
8e+06	-32.911
8.5e+06	-32.941
9e+06	-32.996
9.5e+06	-33.087
1e+07	-33.291
1.05e+07	-33.712
1.1e+07	-34.432
1.15e+07	-35.563
1.2e+07	-37.24
1.25e+07	-39.578
1.3e+07	-42.659
1.35e+07	-46.667
1.4e+07	-51.708
1.45e+07	-58.137
1.5e+07	-66.665
1.55e+07	-77.713
1.6e+07	-82.714
1.65e+07	-82.537
1.7e+07	-82.958
