-1.7e+07	-82.74
-1.65e+07	-81.671
-1.6e+07	-66.956
-1.55e+07	-48.749
-1.5e+07	-37.297
-1.45e+07	-28.868
-1.4e+07	-22.312
-1.35e+07	-17.161
-1.3e+07	-13.122
-1.25e+07	-10.042
-1.2e+07	-7.689
-1.15e+07	-6.0262
-1.1e+07	-4.9053
-1.05e+07	-4.2037
-1e+07	-3.7994
-9.5e+06	-3.603
-9e+06	-3.5091
-8.5e+06	-3.463
-8e+06	-3.4334
-7.5e+06	-3.4022
-7e+06	-3.3878
-6.5e+06	-3.3729
-6e+06	-3.3615
-5.5e+06	-3.3524
-5e+06	-3.3383
-4.5e+06	-3.3379
-4e+06	-3.3335
-3.5e+06	-3.33
-3e+06	-3.3275
-2.5e+06	-3.3169
-2e+06	-3.3209
-1.5e+06	-3.3185
-1e+06	-3.3162
-5e+05	-3.3129
0	-3.2141
5e+05	-3.3221
1e+06	-3.3303
1.5e+06	-3.3383
2e+06	-3.3485
2.5e+06	-3.3512
3e+06	-3.3682
3.5e+06	-3.3772
4e+06	-3.3879
4.5e+06	-3.3983
5e+06	-3.4049
5.5e+06	-3.426
6e+06	-3.442
6.5e+06	-3.4587
7e+06	-3.4806
7.5e+06	-3.5007
8e+06	-3.5382
8.5e+06	-3.5744
9e+06	-3.6268
9.5e+06	-3.7269
1e+07	-3.929
1.05e+07	-4.3403
1.1e+07	-5.0481
1.15e+07	-6.1752
1.2e+07	-7.8455
1.25e+07	-10.21
1.3e+07	-13.294
1.35e+07	-17.339
1.4e+07	-22.499
1.45e+07	-29.054
1.5e+07	-37.527
1.55e+07	-48.965
1.6e+07	-67.131
1.65e+07	-82.702
1.7e+07	-82.775
