-1.7e+07	-83.661
-1.65e+07	-82.957
-1.6e+07	-78.949
-1.55e+07	-61.678
-1.5e+07	-50.303
-1.45e+07	-41.895
-1.4e+07	-35.329
-1.35e+07	-30.165
-1.3e+07	-26.136
-1.25e+07	-23.046
-1.2e+07	-20.703
-1.15e+07	-19.044
-1.1e+07	-17.923
-1.05e+07	-17.224
-1e+07	-16.818
-9.5e+06	-16.624
-9e+06	-16.53
-8.5e+06	-16.483
-8e+06	-16.453
-7.5e+06	-16.422
-7e+06	-16.406
-6.5e+06	-16.392
-6e+06	-16.382
-5.5e+06	-16.37
-5e+06	-16.356
-4.5e+06	-16.343
-4e+06	-16.35
-3.5e+06	-16.347
-3e+06	-16.344
-2.5e+06	-16.334
-2e+06	-16.337
-1.5e+06	-16.332
-1e+06	-16.331
-5e+05	-16.327
0	-16.203
5e+05	-16.335
1e+06	-16.345
1.5e+06	-16.354
2e+06	-16.366
2.5e+06	-16.369
3e+06	-16.385
3.5e+06	-16.395
4e+06	-16.407
4.5e+06	-16.419
5e+06	-16.426
5.5e+06	-16.448
6e+06	-16.465
6.5e+06	-16.483
7e+06	-16.505
7.5e+06	-16.527
8e+06	-16.565
8.5e+06	-16.602
9e+06	-16.656
9.5e+06	-16.757
1e+07	-16.959
1.05e+07	-17.371
1.1e+07	-18.078
1.15e+07	-19.205
1.2e+07	-20.874
1.25e+07	-23.229
1.3e+07	-26.322
1.35e+07	-30.37
1.4e+07	-35.532
1.45e+07	-42.107
1.5e+07	-50.534
1.55e+07	-61.956
1.6e+07	-79.241
1.65e+07	-83.457
1.7e+07	-83.579
