-1.7e+07	-84.135
-1.65e+07	-83.436
-1.6e+07	-71.051
-1.55e+07	-53.016
-1.5e+07	-41.509
-1.45e+07	-33.096
-1.4e+07	-26.566
-1.35e+07	-21.437
-1.3e+07	-17.413
-1.25e+07	-14.339
-1.2e+07	-11.984
-1.15e+07	-10.316
-1.1e+07	-9.1848
-1.05e+07	-8.472
-1e+07	-8.0559
-9.5e+06	-7.8535
-9e+06	-7.7555
-8.5e+06	-7.7044
-8e+06	-7.6707
-7.5e+06	-7.62
-7e+06	-7.6001
-6.5e+06	-7.6013
-6e+06	-7.5881
-5.5e+06	-7.5771
-5e+06	-7.5591
-4.5e+06	-7.5565
-4e+06	-7.5498
-3.5e+06	-7.5426
-3e+06	-7.5375
-2.5e+06	-7.5261
-2e+06	-7.5274
-1.5e+06	-7.5214
-1e+06	-7.5177
-5e+05	-7.5116
0	-7.3943
5e+05	-7.5171
1e+06	-7.5249
1.5e+06	-7.5316
2e+06	-7.5401
2.5e+06	-7.5428
3e+06	-7.5582
3.5e+06	-7.5661
4e+06	-7.5759
4.5e+06	-7.5869
5e+06	-7.5924
5.5e+06	-7.6125
6e+06	-7.6278
6.5e+06	-7.6449
7e+06	-7.6675
7.5e+06	-7.6878
8e+06	-7.7262
8.5e+06	-7.7632
9e+06	-7.8165
9.5e+06	-7.9192
1e+07	-8.1259
1.05e+07	-8.545
1.1e+07	-9.2628
1.15e+07	-10.398
1.2e+07	-12.071
1.25e+07	-14.443
1.3e+07	-17.509
1.35e+07	-21.535
1.4e+07	-26.671
1.45e+07	-33.201
1.5e+07	-41.666
1.55e+07	-53.098
1.6e+07	-71.054
1.65e+07	-83.565
1.7e+07	-83.792
