-1.7e+07	-82.99
-1.65e+07	-83.342
-1.6e+07	-77.26
-1.55e+07	-60.525
-1.5e+07	-49.157
-1.45e+07	-40.671
-1.4e+07	-34.173
-1.35e+07	-29.057
-1.3e+07	-25.054
-1.25e+07	-21.978
-1.2e+07	-19.634
-1.15e+07	-17.962
-1.1e+07	-16.821
-1.05e+07	-16.097
-1e+07	-15.672
-9.5e+06	-15.463
-9e+06	-15.351
-8.5e+06	-15.283
-8e+06	-15.272
-7.5e+06	-15.234
-7e+06	-15.215
-6.5e+06	-15.195
-6e+06	-15.18
-5.5e+06	-15.165
-5e+06	-15.146
-4.5e+06	-15.142
-4e+06	-15.133
-3.5e+06	-15.126
-3e+06	-15.12
-2.5e+06	-15.107
-2e+06	-15.107
-1.5e+06	-15.042
-1e+06	-14.962
-5e+05	-15.027
0	-14.871
5e+05	-15.101
1e+06	-15.106
1.5e+06	-15.11
2e+06	-15.118
2.5e+06	-15.117
3e+06	-15.132
3.5e+06	-15.139
4e+06	-15.148
4.5e+06	-15.156
5e+06	-15.161
5.5e+06	-15.181
6e+06	-15.172
6.5e+06	-15.19
7e+06	-15.235
7.5e+06	-15.255
8e+06	-15.293
8.5e+06	-15.329
9e+06	-15.384
9.5e+06	-15.489
1e+07	-15.677
1.05e+07	-16.114
1.1e+07	-16.849
1.15e+07	-17.992
1.2e+07	-19.665
1.25e+07	-22.012
1.3e+07	-25.086
1.35e+07	-29.087
1.4e+07	-34.203
1.45e+07	-40.727
1.5e+07	-49.179
1.55e+07	-60.607
1.6e+07	-79.466
1.65e+07	-83.334
1.7e+07	-83.529
