-4.8e+07	-80.826
-4.7e+07	-70.483
-4.6e+07	-60.447
-4.5e+07	-53.43
-4.4e+07	-48.938
-4.3e+07	-46.278
-4.2e+07	-45.133
-4.1e+07	-45.294
-4e+07	-46.733
-3.9e+07	-50.054
-3.8e+07	-58.732
-3.7e+07	-58.23
-3.6e+07	-48.63
-3.5e+07	-44.337
-3.4e+07	-41.921
-3.3e+07	-40.575
-3.2e+07	-39.769
-3.1e+07	-38.816
-3e+07	-36.935
-2.9e+07	-34.117
-2.8e+07	-30.824
-2.7e+07	-27.458
-2.6e+07	-24.174
-2.5e+07	-21.426
-2.4e+07	-17.835
-2.3e+07	-15.078
-2.2e+07	-12.644
-2.1e+07	-10.693
-2e+07	-9.414
-1.9e+07	-8.9456
-1.8e+07	-9.2061
-1.7e+07	-10.133
-1.6e+07	-11.71
-1.5e+07	-14.138
-1.4e+07	-18.401
-1.3e+07	-27.373
-1.2e+07	-27.114
-1.1e+07	-17.396
-1e+07	-12.872
-9e+06	-10.196
-8e+06	-8.1024
-7e+06	-6.525
-6e+06	-5.3103
-5e+06	-4.3679
-4e+06	-3.666
-3e+06	-3.1531
-2e+06	-2.8058
-1e+06	-2.604
0	-2.4278
1e+06	-2.6178
2e+06	-2.8374
3e+06	-3.2019
4e+06	-3.7332
5e+06	-4.452
6e+06	-5.4118
7e+06	-6.6451
8e+06	-8.2405
9e+06	-10.351
1e+07	-13.279
1.1e+07	-17.82
1.2e+07	-27.548
1.3e+07	-27.828
1.4e+07	-18.638
1.5e+07	-14.619
1.6e+07	-12.205
1.7e+07	-10.64
1.8e+07	-9.7237
1.9e+07	-9.4654
2e+07	-9.9531
2.1e+07	-11.244
2.2e+07	-13.208
2.3e+07	-15.654
2.4e+07	-18.422
2.5e+07	-21.809
2.6e+07	-24.558
2.7e+07	-27.843
2.8e+07	-31.177
2.9e+07	-34.383
3e+07	-37.051
3.1e+07	-38.813
3.2e+07	-39.661
3.3e+07	-40.36
3.4e+07	-41.665
3.5e+07	-44.055
3.6e+07	-48.389
3.7e+07	-58.232
3.8e+07	-58.678
3.9e+07	-50.097
4e+07	-46.834
4.1e+07	-45.436
4.2e+07	-45.29
4.3e+07	-46.435
4.4e+07	-49.117
4.5e+07	-53.748
4.6e+07	-60.551
4.7e+07	-70.661
4.8e+07	-82.997
