-4e+07	-83.364
-3.9e+07	-83.84
-3.8e+07	-80.751
-3.7e+07	-77.361
-3.6e+07	-72.435
-3.5e+07	-68.619
-3.4e+07	-64.977
-3.3e+07	-61.255
-3.2e+07	-57.817
-3.1e+07	-54.488
-3e+07	-51.193
-2.9e+07	-47.989
-2.8e+07	-44.838
-2.7e+07	-41.736
-2.6e+07	-38.641
-2.5e+07	-35.963
-2.4e+07	-32.432
-2.3e+07	-29.459
-2.2e+07	-26.647
-2.1e+07	-24.151
-2e+07	-22.138
-1.9e+07	-20.669
-1.8e+07	-19.773
-1.7e+07	-19.164
-1.6e+07	-18.729
-1.5e+07	-18.376
-1.4e+07	-18.172
-1.3e+07	-17.82
-1.2e+07	-17.595
-1.1e+07	-17.413
-1e+07	-17.266
-9e+06	-17.259
-8e+06	-17.188
-7e+06	-17.144
-6e+06	-17.119
-5e+06	-17.097
-4e+06	-17.094
-3e+06	-17.089
-2e+06	-17.086
-1e+06	-17.083
0	-16.975
1e+06	-17.101
2e+06	-17.124
3e+06	-17.146
4e+06	-17.17
5e+06	-17.191
6e+06	-17.232
7e+06	-17.276
8e+06	-17.338
9e+06	-17.424
1e+07	-17.538
1.1e+07	-17.704
1.2e+07	-17.903
1.3e+07	-18.145
1.4e+07	-18.425
1.5e+07	-18.735
1.6e+07	-19.107
1.7e+07	-19.559
1.8e+07	-20.186
1.9e+07	-21.142
2e+07	-22.582
2.1e+07	-24.614
2.2e+07	-27.129
2.3e+07	-29.95
2.4e+07	-32.937
2.5e+07	-36.402
2.6e+07	-39.088
2.7e+07	-42.203
2.8e+07	-45.325
2.9e+07	-48.468
3e+07	-51.677
3.1e+07	-54.993
3.2e+07	-58.409
3.3e+07	-62.022
3.4e+07	-65.288
3.5e+07	-69.285
3.6e+07	-73.117
3.7e+07	-78.125
3.8e+07	-81.573
3.9e+07	-83.053
4e+07	-83.318
