-4e+07	-84.379
-3.9e+07	-83.415
-3.8e+07	-80.704
-3.7e+07	-78.971
-3.6e+07	-74.606
-3.5e+07	-70.109
-3.4e+07	-66.084
-3.3e+07	-62.193
-3.2e+07	-58.746
-3.1e+07	-55.395
-3e+07	-52.154
-2.9e+07	-48.915
-2.8e+07	-45.781
-2.7e+07	-42.67
-2.6e+07	-39.546
-2.5e+07	-36.881
-2.4e+07	-33.449
-2.3e+07	-30.469
-2.2e+07	-27.663
-2.1e+07	-25.162
-2e+07	-23.145
-1.9e+07	-21.715
-1.8e+07	-20.774
-1.7e+07	-20.159
-1.6e+07	-19.724
-1.5e+07	-19.367
-1.4e+07	-19.074
-1.3e+07	-18.81
-1.2e+07	-18.582
-1.1e+07	-18.398
-1e+07	-18.25
-9e+06	-18.153
-8e+06	-18.083
-7e+06	-18.038
-6e+06	-18.011
-5e+06	-17.988
-4e+06	-17.983
-3e+06	-17.976
-2e+06	-17.97
-1e+06	-17.967
0	-17.86
1e+06	-17.98
2e+06	-18
3e+06	-18.019
4e+06	-18.04
5e+06	-18.055
6e+06	-18.093
7e+06	-18.132
8e+06	-18.19
9e+06	-18.275
1e+07	-18.384
1.1e+07	-18.544
1.2e+07	-18.74
1.3e+07	-18.979
1.4e+07	-19.255
1.5e+07	-19.559
1.6e+07	-19.926
1.7e+07	-20.372
1.8e+07	-20.994
1.9e+07	-21.946
2e+07	-23.382
2.1e+07	-25.406
2.2e+07	-27.913
2.3e+07	-30.725
2.4e+07	-33.716
2.5e+07	-37.162
2.6e+07	-39.851
2.7e+07	-42.957
2.8e+07	-46.086
2.9e+07	-49.219
3e+07	-52.444
3.1e+07	-55.785
3.2e+07	-59.124
3.3e+07	-62.606
3.4e+07	-66.352
3.5e+07	-70.156
3.6e+07	-73.972
3.7e+07	-78.618
3.8e+07	-81.905
3.9e+07	-82.436
4e+07	-82.542
