-4.8e+07	-82.61
-4.7e+07	-72.168
-4.6e+07	-61.483
-4.5e+07	-54.558
-4.4e+07	-49.974
-4.3e+07	-47.298
-4.2e+07	-46.18
-4.1e+07	-46.27
-4e+07	-47.738
-3.9e+07	-51.03
-3.8e+07	-59.929
-3.7e+07	-59.063
-3.6e+07	-49.683
-3.5e+07	-45.404
-3.4e+07	-43.02
-3.3e+07	-41.598
-3.2e+07	-40.787
-3.1e+07	-39.734
-3e+07	-37.827
-2.9e+07	-34.979
-2.8e+07	-31.687
-2.7e+07	-28.326
-2.6e+07	-25.049
-2.5e+07	-22.304
-2.4e+07	-18.943
-2.3e+07	-16.188
-2.2e+07	-13.754
-2.1e+07	-11.804
-2e+07	-10.522
-1.9e+07	-10.044
-1.8e+07	-10.308
-1.7e+07	-11.232
-1.6e+07	-12.81
-1.5e+07	-15.239
-1.4e+07	-19.274
-1.3e+07	-28.484
-1.2e+07	-28.227
-1.1e+07	-18.513
-1e+07	-13.99
-9e+06	-11.083
-8e+06	-8.9923
-7e+06	-7.416
-6e+06	-6.2029
-5e+06	-5.2638
-4e+06	-4.5623
-3e+06	-4.0477
-2e+06	-3.6998
-1e+06	-3.4972
0	-3.3285
1e+06	-3.5111
2e+06	-3.7273
3e+06	-4.0875
4e+06	-4.6158
5e+06	-5.3301
6e+06	-6.2855
7e+06	-7.5131
8e+06	-9.1033
9e+06	-11.209
1e+07	-14.131
1.1e+07	-18.663
1.2e+07	-28.394
1.3e+07	-28.658
1.4e+07	-19.462
1.5e+07	-15.436
1.6e+07	-13.016
1.7e+07	-11.446
1.8e+07	-10.527
1.9e+07	-10.267
2e+07	-10.753
2.1e+07	-12.04
2.2e+07	-13.997
2.3e+07	-16.438
2.4e+07	-19.201
2.5e+07	-22.582
2.6e+07	-25.328
2.7e+07	-28.599
2.8e+07	-31.932
2.9e+07	-35.126
3e+07	-37.786
3.1e+07	-39.608
3.2e+07	-40.473
3.3e+07	-41.202
3.4e+07	-42.508
3.5e+07	-44.786
3.6e+07	-49.078
3.7e+07	-58.969
3.8e+07	-59.406
3.9e+07	-50.647
4e+07	-47.396
4.1e+07	-46.027
4.2e+07	-45.875
4.3e+07	-47.023
4.4e+07	-49.632
4.5e+07	-54.222
4.6e+07	-61.539
4.7e+07	-70.933
4.8e+07	-82.536
