-4.8e+07	-82.811
-4.7e+07	-72.311
-4.6e+07	-62.767
-4.5e+07	-55.844
-4.4e+07	-51.172
-4.3e+07	-48.488
-4.2e+07	-47.279
-4.1e+07	-47.339
-4e+07	-48.702
-3.9e+07	-52.018
-3.8e+07	-60.811
-3.7e+07	-60.323
-3.6e+07	-50.717
-3.5e+07	-46.473
-3.4e+07	-44.121
-3.3e+07	-42.66
-3.2e+07	-41.615
-3.1e+07	-40.396
-3e+07	-38.333
-2.9e+07	-35.448
-2.8e+07	-32.142
-2.7e+07	-28.772
-2.6e+07	-25.495
-2.5e+07	-22.742
-2.4e+07	-19.38
-2.3e+07	-16.626
-2.2e+07	-14.192
-2.1e+07	-12.239
-2e+07	-10.958
-1.9e+07	-10.472
-1.8e+07	-10.732
-1.7e+07	-11.652
-1.6e+07	-13.225
-1.5e+07	-15.652
-1.4e+07	-19.688
-1.3e+07	-28.898
-1.2e+07	-28.639
-1.1e+07	-18.926
-1e+07	-14.402
-9e+06	-11.491
-8e+06	-9.3973
-7e+06	-7.82
-6e+06	-6.6042
-5e+06	-5.6616
-4e+06	-4.9586
-3e+06	-4.4412
-2e+06	-4.0885
-1e+06	-3.8819
0	-3.7082
1e+06	-3.8926
2e+06	-4.1107
3e+06	-4.4747
4e+06	-5.004
5e+06	-5.7192
6e+06	-6.6731
7e+06	-7.9001
8e+06	-9.4905
9e+06	-11.598
1e+07	-14.525
1.1e+07	-19.07
1.2e+07	-28.796
1.3e+07	-29.06
1.4e+07	-19.863
1.5e+07	-15.835
1.6e+07	-13.415
1.7e+07	-11.851
1.8e+07	-10.935
1.9e+07	-10.683
2e+07	-11.175
2.1e+07	-12.468
2.2e+07	-14.429
2.3e+07	-16.875
2.4e+07	-19.639
2.5e+07	-23.026
2.6e+07	-25.767
2.7e+07	-29.043
2.8e+07	-32.382
2.9e+07	-35.585
3e+07	-38.316
3.1e+07	-40.276
3.2e+07	-41.378
3.3e+07	-42.276
3.4e+07	-43.625
3.5e+07	-45.949
3.6e+07	-50.195
3.7e+07	-59.858
3.8e+07	-60.625
3.9e+07	-51.73
4e+07	-48.48
4.1e+07	-47.153
4.2e+07	-47.099
4.3e+07	-48.327
4.4e+07	-51.055
4.5e+07	-55.752
4.6e+07	-62.869
4.7e+07	-73.047
4.8e+07	-83.375
