-4e+07	-83.581
-3.9e+07	-82.774
-3.8e+07	-80.494
-3.7e+07	-77.551
-3.6e+07	-74.425
-3.5e+07	-70.306
-3.4e+07	-66.522
-3.3e+07	-62.647
-3.2e+07	-59.19
-3.1e+07	-55.826
-3e+07	-52.537
-2.9e+07	-49.338
-2.8e+07	-46.209
-2.7e+07	-43.094
-2.6e+07	-40.021
-2.5e+07	-37.315
-2.4e+07	-33.886
-2.3e+07	-30.919
-2.2e+07	-28.116
-2.1e+07	-25.621
-2e+07	-23.608
-1.9e+07	-22.183
-1.8e+07	-21.244
-1.7e+07	-20.631
-1.6e+07	-20.194
-1.5e+07	-19.835
-1.4e+07	-19.543
-1.3e+07	-19.279
-1.2e+07	-19.051
-1.1e+07	-18.865
-1e+07	-18.715
-9e+06	-18.616
-8e+06	-18.545
-7e+06	-18.499
-6e+06	-18.47
-5e+06	-18.446
-4e+06	-18.44
-3e+06	-18.431
-2e+06	-18.424
-1e+06	-18.416
0	-18.307
1e+06	-18.432
2e+06	-18.455
3e+06	-18.478
4e+06	-18.503
5e+06	-18.523
6e+06	-18.562
7e+06	-18.603
8e+06	-18.661
9e+06	-18.745
1e+07	-18.857
1.1e+07	-19.022
1.2e+07	-19.221
1.3e+07	-19.463
1.4e+07	-19.739
1.5e+07	-20.047
1.6e+07	-20.417
1.7e+07	-20.868
1.8e+07	-21.492
1.9e+07	-22.446
2e+07	-23.884
2.1e+07	-25.913
2.2e+07	-28.419
2.3e+07	-31.237
2.4e+07	-34.228
2.5e+07	-37.674
2.6e+07	-40.365
2.7e+07	-43.456
2.8e+07	-46.587
2.9e+07	-49.757
3e+07	-52.972
3.1e+07	-56.281
3.2e+07	-59.646
3.3e+07	-63.238
3.4e+07	-66.55
3.5e+07	-70.705
3.6e+07	-74.886
3.7e+07	-78.313
3.8e+07	-81.516
3.9e+07	-84.295
4e+07	-83.802
