-4e+07	-83.353
-3.9e+07	-84.652
-3.8e+07	-81.823
-3.7e+07	-79.306
-3.6e+07	-74.558
-3.5e+07	-70.812
-3.4e+07	-67.108
-3.3e+07	-63.326
-3.2e+07	-59.708
-3.1e+07	-56.343
-3e+07	-53.226
-2.9e+07	-50.045
-2.8e+07	-46.92
-2.7e+07	-43.79
-2.6e+07	-40.707
-2.5e+07	-38.013
-2.4e+07	-34.579
-2.3e+07	-31.6
-2.2e+07	-28.792
-2.1e+07	-26.296
-2e+07	-24.274
-1.9e+07	-22.845
-1.8e+07	-21.9
-1.7e+07	-21.284
-1.6e+07	-20.842
-1.5e+07	-20.482
-1.4e+07	-20.186
-1.3e+07	-19.917
-1.2e+07	-19.688
-1.1e+07	-19.498
-1e+07	-19.345
-9e+06	-19.244
-8e+06	-19.17
-7e+06	-19.123
-6e+06	-19.092
-5e+06	-19.064
-4e+06	-19.058
-3e+06	-19.049
-2e+06	-19.041
-1e+06	-19.035
0	-18.917
1e+06	-19.044
2e+06	-19.06
3e+06	-19.075
4e+06	-19.094
5e+06	-19.11
6e+06	-19.146
7e+06	-19.187
8e+06	-19.244
9e+06	-19.328
1e+07	-19.437
1.1e+07	-19.602
1.2e+07	-19.801
1.3e+07	-20.041
1.4e+07	-20.319
1.5e+07	-20.629
1.6e+07	-21.001
1.7e+07	-21.454
1.8e+07	-22.08
1.9e+07	-23.036
2e+07	-24.477
2.1e+07	-26.507
2.2e+07	-29.014
2.3e+07	-31.839
2.4e+07	-34.834
2.5e+07	-38.287
2.6e+07	-40.969
2.7e+07	-44.083
2.8e+07	-47.185
2.9e+07	-50.393
3e+07	-53.518
3.1e+07	-56.857
3.2e+07	-60.206
3.3e+07	-63.803
3.4e+07	-67.37
3.5e+07	-71.076
3.6e+07	-75.192
3.7e+07	-79.704
3.8e+07	-82.044
3.9e+07	-83.278
4e+07	-84.948
