-4e+07	-81.353
-3.9e+07	-76.17
-3.8e+07	-70.339
-3.7e+07	-65.101
-3.6e+07	-60.388
-3.5e+07	-56.216
-3.4e+07	-52.294
-3.3e+07	-48.656
-3.2e+07	-44.985
-3.1e+07	-41.608
-3e+07	-38.499
-2.9e+07	-35.291
-2.8e+07	-32.138
-2.7e+07	-29.031
-2.6e+07	-25.94
-2.5e+07	-23.259
-2.4e+07	-19.821
-2.3e+07	-16.846
-2.2e+07	-14.033
-2.1e+07	-11.535
-2e+07	-9.5175
-1.9e+07	-8.0873
-1.8e+07	-7.145
-1.7e+07	-6.5296
-1.6e+07	-6.0888
-1.5e+07	-5.7289
-1.4e+07	-5.431
-1.3e+07	-5.1628
-1.2e+07	-4.9329
-1.1e+07	-4.7444
-1e+07	-4.5913
-9e+06	-4.4903
-8e+06	-4.4156
-7e+06	-4.3677
-6e+06	-4.3366
-5e+06	-4.3096
-4e+06	-4.3027
-3e+06	-4.2923
-2e+06	-4.2847
-1e+06	-4.278
0	-4.1642
1e+06	-4.2874
2e+06	-4.3015
3e+06	-4.3174
4e+06	-4.337
5e+06	-4.3524
6e+06	-4.3871
7e+06	-4.4271
8e+06	-4.4842
9e+06	-4.5671
1e+07	-4.6766
1.1e+07	-4.8388
1.2e+07	-5.0374
1.3e+07	-5.277
1.4e+07	-5.5546
1.5e+07	-5.8631
1.6e+07	-6.2329
1.7e+07	-6.6839
1.8e+07	-7.3107
1.9e+07	-8.2634
2e+07	-9.7042
2.1e+07	-11.73
2.2e+07	-14.24
2.3e+07	-17.065
2.4e+07	-20.051
2.5e+07	-23.508
2.6e+07	-26.184
2.7e+07	-29.283
2.8e+07	-32.398
2.9e+07	-35.564
3e+07	-38.76
3.1e+07	-42.063
3.2e+07	-45.442
3.3e+07	-48.979
3.4e+07	-52.622
3.5e+07	-56.458
3.6e+07	-60.674
3.7e+07	-65.241
3.8e+07	-70.798
3.9e+07	-76.905
4e+07	-80.071
