-4e+07	-83.449
-3.9e+07	-83.855
-3.8e+07	-82.787
-3.7e+07	-80.188
-3.6e+07	-75.193
-3.5e+07	-71.772
-3.4e+07	-67.86
-3.3e+07	-64.181
-3.2e+07	-60.681
-3.1e+07	-57.219
-3e+07	-53.868
-2.9e+07	-50.744
-2.8e+07	-47.539
-2.7e+07	-44.302
-2.6e+07	-41.214
-2.5e+07	-38.489
-2.4e+07	-35.052
-2.3e+07	-32.086
-2.2e+07	-29.274
-2.1e+07	-26.783
-2e+07	-24.767
-1.9e+07	-23.339
-1.8e+07	-22.434
-1.7e+07	-21.866
-1.6e+07	-21.426
-1.5e+07	-21.068
-1.4e+07	-20.772
-1.3e+07	-20.506
-1.2e+07	-20.268
-1.1e+07	-20.092
-1e+07	-19.939
-9e+06	-19.84
-8e+06	-19.766
-7e+06	-19.72
-6e+06	-19.689
-5e+06	-19.664
-4e+06	-19.657
-3e+06	-19.247
-2e+06	-19.241
-1e+06	-19.234
0	-19.099
1e+06	-19.639
2e+06	-19.66
3e+06	-19.681
4e+06	-19.703
5e+06	-19.719
6e+06	-19.758
7e+06	-19.799
8e+06	-19.783
9e+06	-19.865
1e+07	-19.974
1.1e+07	-20.138
1.2e+07	-20.338
1.3e+07	-20.579
1.4e+07	-20.855
1.5e+07	-21.164
1.6e+07	-21.59
1.7e+07	-22.063
1.8e+07	-22.69
1.9e+07	-23.642
2e+07	-25.087
2.1e+07	-27.04
2.2e+07	-29.542
2.3e+07	-32.371
2.4e+07	-35.351
2.5e+07	-38.815
2.6e+07	-41.575
2.7e+07	-44.688
2.8e+07	-47.726
2.9e+07	-50.881
3e+07	-54.149
3.1e+07	-57.425
3.2e+07	-60.815
3.3e+07	-64.092
3.4e+07	-67.796
3.5e+07	-71.677
3.6e+07	-74.94
3.7e+07	-79.3
3.8e+07	-81.662
3.9e+07	-82.895
4e+07	-84.304
