-4e+07	-83.365
-3.9e+07	-75.965
-3.8e+07	-70.916
-3.7e+07	-65.95
-3.6e+07	-61.002
-3.5e+07	-56.873
-3.4e+07	-53.015
-3.3e+07	-49.358
-3.2e+07	-45.813
-3.1e+07	-42.423
-3e+07	-39.112
-2.9e+07	-35.897
-2.8e+07	-32.727
-2.7e+07	-29.523
-2.6e+07	-26.418
-2.5e+07	-23.719
-2.4e+07	-20.282
-2.3e+07	-17.309
-2.2e+07	-14.5
-2.1e+07	-12.003
-2e+07	-9.9907
-1.9e+07	-8.5639
-1.8e+07	-7.6588
-1.7e+07	-7.0885
-1.6e+07	-6.6513
-1.5e+07	-6.2936
-1.4e+07	-6.0007
-1.3e+07	-5.7341
-1.2e+07	-5.4989
-1.1e+07	-5.3199
-1e+07	-5.1678
-9e+06	-5.0689
-8e+06	-4.9967
-7e+06	-4.9492
-6e+06	-4.9197
-5e+06	-4.8939
-4e+06	-4.8859
-3e+06	-4.4733
-2e+06	-4.4658
-1e+06	-4.4599
0	-4.3267
1e+06	-4.8679
2e+06	-4.8896
3e+06	-4.91
4e+06	-4.931
5e+06	-4.9476
6e+06	-4.9849
7e+06	-5.0261
8e+06	-5.0116
9e+06	-5.0946
1e+07	-5.2041
1.1e+07	-5.3663
1.2e+07	-5.5639
1.3e+07	-5.8041
1.4e+07	-6.0815
1.5e+07	-6.3881
1.6e+07	-6.813
1.7e+07	-7.2848
1.8e+07	-7.9108
1.9e+07	-8.8635
2e+07	-10.304
2.1e+07	-12.257
2.2e+07	-14.765
2.3e+07	-17.587
2.4e+07	-20.571
2.5e+07	-24.025
2.6e+07	-26.786
2.7e+07	-29.891
2.8e+07	-32.928
2.9e+07	-36.097
3e+07	-39.296
3.1e+07	-42.602
3.2e+07	-45.994
3.3e+07	-49.527
3.4e+07	-53.167
3.5e+07	-56.96
3.6e+07	-61.374
3.7e+07	-66.093
3.8e+07	-71.23
3.9e+07	-76.099
4e+07	-80.666
