-4.8e+07	-83.456
-4.7e+07	-82.347
-4.6e+07	-81.599
-4.5e+07	-74.7
-4.4e+07	-70.063
-4.3e+07	-67.13
-4.2e+07	-65.814
-4.1e+07	-66.017
-4e+07	-67.415
-3.9e+07	-71.028
-3.8e+07	-79.946
-3.7e+07	-78.433
-3.6e+07	-69.517
-3.5e+07	-65.336
-3.4e+07	-62.87
-3.3e+07	-61.146
-3.2e+07	-59.362
-3.1e+07	-57.495
-3e+07	-55.201
-2.9e+07	-52.179
-2.8e+07	-48.858
-2.7e+07	-45.47
-2.6e+07	-42.201
-2.5e+07	-39.458
-2.4e+07	-36.088
-2.3e+07	-33.328
-2.2e+07	-30.892
-2.1e+07	-28.93
-2e+07	-27.638
-1.9e+07	-27.138
-1.8e+07	-27.383
-1.7e+07	-28.278
-1.6e+07	-29.858
-1.5e+07	-32.284
-1.4e+07	-36.33
-1.3e+07	-45.533
-1.2e+07	-45.313
-1.1e+07	-35.58
-1e+07	-31.063
-9e+06	-28.166
-8e+06	-26.077
-7e+06	-24.507
-6e+06	-23.294
-5e+06	-22.359
-4e+06	-21.659
-3e+06	-21.14
-2e+06	-20.789
-1e+06	-20.584
0	-20.373
1e+06	-20.605
2e+06	-20.83
3e+06	-21.201
4e+06	-21.735
5e+06	-22.454
6e+06	-23.412
7e+06	-24.639
8e+06	-26.23
9e+06	-28.339
1e+07	-31.263
1.1e+07	-35.784
1.2e+07	-45.509
1.3e+07	-45.777
1.4e+07	-36.481
1.5e+07	-32.57
1.6e+07	-30.158
1.7e+07	-28.602
1.8e+07	-27.71
1.9e+07	-27.477
2e+07	-27.99
2.1e+07	-29.299
2.2e+07	-31.268
2.3e+07	-33.724
2.4e+07	-36.501
2.5e+07	-39.885
2.6e+07	-42.616
2.7e+07	-45.927
2.8e+07	-49.267
2.9e+07	-52.606
3e+07	-55.359
3.1e+07	-57.665
3.2e+07	-59.581
3.3e+07	-60.968
3.4e+07	-62.574
3.5e+07	-65.046
3.6e+07	-69.468
3.7e+07	-77.674
3.8e+07	-78.787
3.9e+07	-70.845
4e+07	-67.603
4.1e+07	-66.463
4.2e+07	-66.293
4.3e+07	-67.891
4.4e+07	-70.452
4.5e+07	-75.127
4.6e+07	-80.745
4.7e+07	-83.41
4.8e+07	-83.706
