-4e+07	-81.173
-3.9e+07	-76.4
-3.8e+07	-70.951
-3.7e+07	-65.84
-3.6e+07	-61.406
-3.5e+07	-57.369
-3.4e+07	-53.52
-3.3e+07	-49.905
-3.2e+07	-46.314
-3.1e+07	-42.937
-3e+07	-39.69
-2.9e+07	-36.516
-2.8e+07	-33.376
-2.7e+07	-30.26
-2.6e+07	-27.176
-2.5e+07	-24.493
-2.4e+07	-21.059
-2.3e+07	-18.087
-2.2e+07	-15.274
-2.1e+07	-12.775
-2e+07	-10.759
-1.9e+07	-9.3283
-1.8e+07	-8.3862
-1.7e+07	-7.7498
-1.6e+07	-7.3197
-1.5e+07	-6.9716
-1.4e+07	-6.6757
-1.3e+07	-6.4085
-1.2e+07	-6.1804
-1.1e+07	-5.9946
-1e+07	-5.8437
-9e+06	-5.746
-8e+06	-5.675
-7e+06	-5.6294
-6e+06	-5.6019
-5e+06	-5.5782
-4e+06	-5.5747
-3e+06	-5.5682
-2e+06	-5.5631
-1e+06	-5.5604
0	-5.4148
1e+06	-5.5792
2e+06	-5.6005
3e+06	-5.6232
4e+06	-5.6478
5e+06	-5.6691
6e+06	-5.7105
7e+06	-5.7565
8e+06	-5.819
9e+06	-5.9073
1e+07	-6.0225
1.1e+07	-6.1707
1.2e+07	-6.3938
1.3e+07	-6.6385
1.4e+07	-6.8647
1.5e+07	-7.2381
1.6e+07	-7.612
1.7e+07	-8.0659
1.8e+07	-8.6962
1.9e+07	-9.6536
2e+07	-11.098
2.1e+07	-13.128
2.2e+07	-15.64
2.3e+07	-18.469
2.4e+07	-21.455
2.5e+07	-24.913
2.6e+07	-27.596
2.7e+07	-30.69
2.8e+07	-33.816
2.9e+07	-36.974
3e+07	-40.13
3.1e+07	-43.419
3.2e+07	-46.888
3.3e+07	-50.348
3.4e+07	-54.013
3.5e+07	-57.878
3.6e+07	-62.038
3.7e+07	-66.782
3.8e+07	-72.422
3.9e+07	-79.255
4e+07	-81.894
