-4e+07	-83.252
-3.9e+07	-83.408
-3.8e+07	-82.385
-3.7e+07	-80.125
-3.6e+07	-76.749
-3.5e+07	-73.174
-3.4e+07	-69.226
-3.3e+07	-65.478
-3.2e+07	-61.959
-3.1e+07	-58.636
-3e+07	-55.345
-2.9e+07	-52.171
-2.8e+07	-49.044
-2.7e+07	-45.961
-2.6e+07	-42.862
-2.5e+07	-40.167
-2.4e+07	-36.74
-2.3e+07	-33.781
-2.2e+07	-30.968
-2.1e+07	-28.486
-2e+07	-26.428
-1.9e+07	-24.999
-1.8e+07	-24.061
-1.7e+07	-23.492
-1.6e+07	-23.053
-1.5e+07	-22.696
-1.4e+07	-22.377
-1.3e+07	-22.133
-1.2e+07	-21.905
-1.1e+07	-21.718
-1e+07	-21.57
-9e+06	-21.471
-8e+06	-21.398
-7e+06	-21.353
-6e+06	-21.324
-5e+06	-21.301
-4e+06	-21.292
-3e+06	-21.283
-2e+06	-21.276
-1e+06	-21.269
0	-21.133
1e+06	-21.282
2e+06	-21.298
3e+06	-21.318
4e+06	-21.338
5e+06	-21.354
6e+06	-21.392
7e+06	-21.431
8e+06	-21.488
9e+06	-21.576
1e+07	-21.685
1.1e+07	-21.849
1.2e+07	-22.038
1.3e+07	-22.27
1.4e+07	-22.574
1.5e+07	-22.885
1.6e+07	-23.254
1.7e+07	-23.71
1.8e+07	-24.338
1.9e+07	-25.296
2e+07	-26.742
2.1e+07	-28.771
2.2e+07	-31.28
2.3e+07	-34.109
2.4e+07	-37.107
2.5e+07	-40.554
2.6e+07	-43.259
2.7e+07	-46.379
2.8e+07	-49.516
2.9e+07	-52.653
3e+07	-55.836
3.1e+07	-59.128
3.2e+07	-62.619
3.3e+07	-65.996
3.4e+07	-69.57
3.5e+07	-72.854
3.6e+07	-77.544
3.7e+07	-81.703
3.8e+07	-83.645
3.9e+07	-83.713
4e+07	-83.856
