-4e+07	-82.767
-3.9e+07	-77.567
-3.8e+07	-72.119
-3.7e+07	-66.905
-3.6e+07	-62.152
-3.5e+07	-58.145
-3.4e+07	-54.338
-3.3e+07	-50.656
-3.2e+07	-47.173
-3.1e+07	-43.771
-3e+07	-40.496
-2.9e+07	-37.305
-2.8e+07	-34.17
-2.7e+07	-31.062
-2.6e+07	-27.983
-2.5e+07	-25.299
-2.4e+07	-21.878
-2.3e+07	-18.912
-2.2e+07	-16.104
-2.1e+07	-13.611
-2e+07	-11.554
-1.9e+07	-10.125
-1.8e+07	-9.1865
-1.7e+07	-8.616
-1.6e+07	-8.1772
-1.5e+07	-7.8181
-1.4e+07	-7.5003
-1.3e+07	-7.2561
-1.2e+07	-7.0274
-1.1e+07	-6.8395
-1e+07	-6.6873
-9e+06	-6.5875
-8e+06	-6.515
-7e+06	-6.4677
-6e+06	-6.4368
-5e+06	-6.4108
-4e+06	-6.4033
-3e+06	-6.3928
-2e+06	-6.3841
-1e+06	-6.3767
0	-6.2407
1e+06	-6.3875
2e+06	-6.4031
3e+06	-6.4213
4e+06	-6.4409
5e+06	-6.4564
6e+06	-6.4931
7e+06	-6.5338
8e+06	-6.5917
9e+06	-6.6757
1e+07	-6.7855
1.1e+07	-6.9498
1.2e+07	-7.1381
1.3e+07	-7.3693
1.4e+07	-7.6717
1.5e+07	-7.9818
1.6e+07	-8.3527
1.7e+07	-8.8061
1.8e+07	-9.4347
1.9e+07	-10.39
2e+07	-11.833
2.1e+07	-13.864
2.2e+07	-16.376
2.3e+07	-19.204
2.4e+07	-22.193
2.5e+07	-25.656
2.6e+07	-28.335
2.7e+07	-31.433
2.8e+07	-34.556
2.9e+07	-37.723
3e+07	-40.921
3.1e+07	-44.23
3.2e+07	-47.593
3.3e+07	-51.108
3.4e+07	-54.723
3.5e+07	-58.617
3.6e+07	-63.01
3.7e+07	-67.155
3.8e+07	-72.931
3.9e+07	-78.769
4e+07	-83.033
