-4.8e+07	-84.331
-4.7e+07	-79.512
-4.6e+07	-69.617
-4.5e+07	-62.76
-4.4e+07	-58.094
-4.3e+07	-55.286
-4.2e+07	-53.955
-4.1e+07	-54.017
-4e+07	-55.345
-3.9e+07	-58.552
-3.8e+07	-67.592
-3.7e+07	-67.208
-3.6e+07	-57.293
-3.5e+07	-52.971
-3.4e+07	-50.348
-3.3e+07	-48.49
-3.2e+07	-46.676
-3.1e+07	-44.615
-3e+07	-41.999
-2.9e+07	-38.868
-2.8e+07	-35.498
-2.7e+07	-32.117
-2.6e+07	-28.844
-2.5e+07	-26.087
-2.4e+07	-22.509
-2.3e+07	-19.754
-2.2e+07	-17.313
-2.1e+07	-15.351
-2e+07	-14.052
-1.9e+07	-13.549
-1.8e+07	-13.789
-1.7e+07	-14.696
-1.6e+07	-16.261
-1.5e+07	-18.69
-1.4e+07	-22.732
-1.3e+07	-31.95
-1.2e+07	-31.702
-1.1e+07	-21.99
-1e+07	-17.628
-9e+06	-14.649
-8e+06	-12.522
-7e+06	-10.907
-6e+06	-9.6991
-5e+06	-8.9973
-4e+06	-8.2954
-3e+06	-7.7756
-2e+06	-7.4191
-1e+06	-7.2078
0	-7.0211
1e+06	-7.2186
2e+06	-7.438
3e+06	-7.8008
4e+06	-8.3324
5e+06	-9.0457
6e+06	-9.994
7e+06	-11.214
8e+06	-12.798
9e+06	-14.897
1e+07	-17.814
1.1e+07	-22.34
1.2e+07	-32.057
1.3e+07	-32.319
1.4e+07	-23.113
1.5e+07	-19.082
1.6e+07	-16.663
1.7e+07	-15.105
1.8e+07	-14.206
1.9e+07	-13.973
2e+07	-14.484
2.1e+07	-15.792
2.2e+07	-17.766
2.3e+07	-20.218
2.4e+07	-22.983
2.5e+07	-26.374
2.6e+07	-29.111
2.7e+07	-32.388
2.8e+07	-35.753
2.9e+07	-39.062
3e+07	-42.13
3.1e+07	-44.693
3.2e+07	-46.683
3.3e+07	-48.307
3.4e+07	-50.056
3.5e+07	-52.666
3.6e+07	-56.932
3.7e+07	-66.91
3.8e+07	-66.911
3.9e+07	-58.475
4e+07	-55.183
4.1e+07	-54.034
4.2e+07	-54.102
4.3e+07	-55.341
4.4e+07	-58.171
4.5e+07	-63.028
4.6e+07	-70.468
4.7e+07	-79.44
4.8e+07	-83.278
