-4e+07	-84.065
-3.9e+07	-82.988
-3.8e+07	-82.254
-3.7e+07	-81
-3.6e+07	-77.306
-3.5e+07	-73.773
-3.4e+07	-69.971
-3.3e+07	-66.146
-3.2e+07	-62.753
-3.1e+07	-59.379
-3e+07	-56.108
-2.9e+07	-52.941
-2.8e+07	-49.775
-2.7e+07	-46.68
-2.6e+07	-43.598
-2.5e+07	-40.906
-2.4e+07	-37.415
-2.3e+07	-34.44
-2.2e+07	-31.632
-2.1e+07	-29.139
-2e+07	-27.124
-1.9e+07	-25.694
-1.8e+07	-24.749
-1.7e+07	-24.135
-1.6e+07	-23.698
-1.5e+07	-23.342
-1.4e+07	-23.045
-1.3e+07	-22.782
-1.2e+07	-22.556
-1.1e+07	-22.371
-1e+07	-22.12
-9e+06	-22.122
-8e+06	-22.05
-7e+06	-22.006
-6e+06	-21.977
-5e+06	-22.023
-4e+06	-22.018
-3e+06	-22.007
-2e+06	-21.999
-1e+06	-21.993
0	-21.873
1e+06	-22.003
2e+06	-22.018
3e+06	-22.026
4e+06	-22.056
5e+06	-22.073
6e+06	-22.108
7e+06	-22.148
8e+06	-22.204
9e+06	-22.287
1e+07	-22.396
1.1e+07	-22.559
1.2e+07	-22.758
1.3e+07	-22.998
1.4e+07	-23.276
1.5e+07	-23.583
1.6e+07	-23.951
1.7e+07	-24.4
1.8e+07	-25.025
1.9e+07	-25.979
2e+07	-27.42
2.1e+07	-29.44
2.2e+07	-31.95
2.3e+07	-34.771
2.4e+07	-37.75
2.5e+07	-41.232
2.6e+07	-43.903
2.7e+07	-46.996
2.8e+07	-50.146
2.9e+07	-53.252
3e+07	-56.539
3.1e+07	-59.707
3.2e+07	-63.152
3.3e+07	-66.826
3.4e+07	-70.34
3.5e+07	-74.178
3.6e+07	-77.085
3.7e+07	-81.293
3.8e+07	-83.504
3.9e+07	-82.887
4e+07	-84.299
