-4.8e+07	-83.74
-4.7e+07	-79.985
-4.6e+07	-71.328
-4.5e+07	-64.275
-4.4e+07	-59.54
-4.3e+07	-56.735
-4.2e+07	-55.288
-4.1e+07	-55.214
-4e+07	-56.57
-3.9e+07	-59.733
-3.8e+07	-68.367
-3.7e+07	-68.073
-3.6e+07	-58.57
-3.5e+07	-54.21
-3.4e+07	-51.504
-3.3e+07	-49.512
-3.2e+07	-47.572
-3.1e+07	-45.389
-3e+07	-42.67
-2.9e+07	-39.475
-2.8e+07	-36.099
-2.7e+07	-32.621
-2.6e+07	-29.174
-2.5e+07	-26.417
-2.4e+07	-23.058
-2.3e+07	-20.299
-2.2e+07	-17.855
-2.1e+07	-15.978
-2e+07	-14.659
-1.9e+07	-14.068
-1.8e+07	-14.304
-1.7e+07	-15.488
-1.6e+07	-17.051
-1.5e+07	-19.474
-1.4e+07	-23.51
-1.3e+07	-32.73
-1.2e+07	-32.473
-1.1e+07	-22.767
-1e+07	-18.247
-9e+06	-15.342
-8e+06	-13.249
-7e+06	-11.665
-6e+06	-10.461
-5e+06	-9.5189
-4e+06	-8.8138
-3e+06	-8.291
-2e+06	-7.9314
-1e+06	-7.7161
0	-7.5243
1e+06	-7.7231
2e+06	-7.9427
3e+06	-8.3058
4e+06	-8.8349
5e+06	-9.5457
6e+06	-10.492
7e+06	-11.711
8e+06	-13.292
9e+06	-15.39
1e+07	-18.304
1.1e+07	-22.826
1.2e+07	-32.535
1.3e+07	-32.802
1.4e+07	-23.595
1.5e+07	-19.562
1.6e+07	-17.146
1.7e+07	-15.589
1.8e+07	-14.694
1.9e+07	-14.463
2e+07	-14.978
2.1e+07	-16.289
2.2e+07	-18.265
2.3e+07	-20.718
2.4e+07	-23.488
2.5e+07	-26.88
2.6e+07	-29.62
2.7e+07	-32.909
2.8e+07	-36.282
2.9e+07	-39.621
3e+07	-42.742
3.1e+07	-45.421
3.2e+07	-47.5
3.3e+07	-49.23
3.4e+07	-51.15
3.5e+07	-53.883
3.6e+07	-58.071
3.7e+07	-67.911
3.8e+07	-68.24
3.9e+07	-59.708
4e+07	-56.527
4.1e+07	-55.189
4.2e+07	-55.241
4.3e+07	-56.561
4.4e+07	-59.567
4.5e+07	-64.19
4.6e+07	-71.401
4.7e+07	-81.554
4.8e+07	-83.858
