-4e+07	-84.22
-3.9e+07	-84.226
-3.8e+07	-82.313
-3.7e+07	-81.142
-3.6e+07	-78.482
-3.5e+07	-73.829
-3.4e+07	-70.729
-3.3e+07	-66.524
-3.2e+07	-63.301
-3.1e+07	-59.883
-3e+07	-56.766
-2.9e+07	-53.502
-2.8e+07	-50.376
-2.7e+07	-47.234
-2.6e+07	-44.068
-2.5e+07	-41.366
-2.4e+07	-37.948
-2.3e+07	-34.975
-2.2e+07	-32.155
-2.1e+07	-29.602
-2e+07	-27.636
-1.9e+07	-26.203
-1.8e+07	-25.257
-1.7e+07	-24.752
-1.6e+07	-24.306
-1.5e+07	-23.943
-1.4e+07	-23.641
-1.3e+07	-23.37
-1.2e+07	-23.135
-1.1e+07	-22.944
-1e+07	-22.789
-9e+06	-22.685
-8e+06	-22.605
-7e+06	-22.536
-6e+06	-22.525
-5e+06	-22.497
-4e+06	-22.487
-3e+06	-22.474
-2e+06	-22.465
-1e+06	-22.456
0	-22.329
1e+06	-22.464
2e+06	-22.481
3e+06	-22.498
4e+06	-22.52
5e+06	-22.535
6e+06	-22.573
7e+06	-22.611
8e+06	-22.671
9e+06	-22.755
1e+07	-22.867
1.1e+07	-23.031
1.2e+07	-23.234
1.3e+07	-23.476
1.4e+07	-23.754
1.5e+07	-24.063
1.6e+07	-24.439
1.7e+07	-24.891
1.8e+07	-25.524
1.9e+07	-26.477
2e+07	-27.926
2.1e+07	-29.951
2.2e+07	-32.458
2.3e+07	-35.285
2.4e+07	-38.277
2.5e+07	-41.737
2.6e+07	-44.411
2.7e+07	-47.567
2.8e+07	-50.656
2.9e+07	-53.83
3e+07	-56.948
3.1e+07	-60.327
3.2e+07	-63.759
3.3e+07	-66.938
3.4e+07	-70.759
3.5e+07	-74.641
3.6e+07	-79.155
3.7e+07	-81.246
3.8e+07	-83.365
3.9e+07	-84.157
4e+07	-84.269
