-4.8e+07	-83.164
-4.7e+07	-83.552
-4.6e+07	-83.299
-4.5e+07	-80.26
-4.4e+07	-75.401
-4.3e+07	-73.008
-4.2e+07	-71.73
-4.1e+07	-71.715
-4e+07	-72.738
-3.9e+07	-75.946
-3.8e+07	-82.776
-3.7e+07	-82.522
-3.6e+07	-74.695
-3.5e+07	-70.759
-3.4e+07	-67.754
-3.3e+07	-65.466
-3.2e+07	-63.61
-3.1e+07	-61.191
-3e+07	-58.202
-2.9e+07	-54.95
-2.8e+07	-51.598
-2.7e+07	-48.193
-2.6e+07	-44.89
-2.5e+07	-42.149
-2.4e+07	-38.794
-2.3e+07	-36.046
-2.2e+07	-33.597
-2.1e+07	-31.636
-2e+07	-30.329
-1.9e+07	-29.824
-1.8e+07	-30.064
-1.7e+07	-30.963
-1.6e+07	-32.531
-1.5e+07	-34.963
-1.4e+07	-39.019
-1.3e+07	-48.214
-1.2e+07	-47.976
-1.1e+07	-38.284
-1e+07	-33.772
-9e+06	-30.875
-8e+06	-28.793
-7e+06	-27.098
-6e+06	-25.861
-5e+06	-25.09
-4e+06	-24.391
-3e+06	-23.874
-2e+06	-23.519
-1e+06	-23.312
0	-23.131
1e+06	-22.994
2e+06	-23.215
3e+06	-23.587
4e+06	-24.204
5e+06	-24.855
6e+06	-26.121
7e+06	-27.341
8e+06	-28.925
9e+06	-31.025
1e+07	-33.936
1.1e+07	-38.47
1.2e+07	-48.17
1.3e+07	-48.444
1.4e+07	-39.251
1.5e+07	-35.214
1.6e+07	-32.803
1.7e+07	-31.263
1.8e+07	-30.37
1.9e+07	-30.15
2e+07	-30.674
2.1e+07	-31.99
2.2e+07	-33.967
2.3e+07	-36.439
2.4e+07	-39.212
2.5e+07	-42.607
2.6e+07	-45.347
2.7e+07	-48.642
2.8e+07	-52.035
2.9e+07	-55.384
3e+07	-58.535
3.1e+07	-61.399
3.2e+07	-63.845
3.3e+07	-65.643
3.4e+07	-67.621
3.5e+07	-70.31
3.6e+07	-75.239
3.7e+07	-82.359
3.8e+07	-82.212
3.9e+07	-75.592
4e+07	-73.416
4.1e+07	-71.98
4.2e+07	-72.205
4.3e+07	-73.744
4.4e+07	-75.992
4.5e+07	-79.894
4.6e+07	-84.371
4.7e+07	-85.55
4.8e+07	-85.647
