-4.8e+07	-83.66
-4.7e+07	-82.672
-4.6e+07	-72.22
-4.5e+07	-65.366
-4.4e+07	-60.68
-4.3e+07	-57.58
-4.2e+07	-56.427
-4.1e+07	-56.316
-4e+07	-57.55
-3.9e+07	-60.848
-3.8e+07	-69.373
-3.7e+07	-68.752
-3.6e+07	-59.621
-3.5e+07	-55.164
-3.4e+07	-52.479
-3.3e+07	-50.343
-3.2e+07	-48.222
-3.1e+07	-45.955
-3e+07	-43.137
-2.9e+07	-39.885
-2.8e+07	-36.5
-2.7e+07	-33.112
-2.6e+07	-29.844
-2.5e+07	-27.094
-2.4e+07	-23.736
-2.3e+07	-20.98
-2.2e+07	-18.542
-2.1e+07	-16.578
-2e+07	-15.275
-1.9e+07	-14.769
-1.8e+07	-15.008
-1.7e+07	-15.914
-1.6e+07	-17.481
-1.5e+07	-19.912
-1.4e+07	-23.956
-1.3e+07	-33.183
-1.2e+07	-32.933
-1.1e+07	-23.228
-1e+07	-18.717
-9e+06	-15.819
-8e+06	-13.734
-7e+06	-12.038
-6e+06	-10.803
-5e+06	-10.031
-4e+06	-9.3314
-3e+06	-8.8141
-2e+06	-8.4601
-1e+06	-8.2517
0	-8.07
1e+06	-7.9326
2e+06	-8.1568
3e+06	-8.5266
4e+06	-9.144
5e+06	-9.7951
6e+06	-11.061
7e+06	-12.282
8e+06	-13.866
9e+06	-15.966
1e+07	-18.883
1.1e+07	-23.411
1.2e+07	-33.134
1.3e+07	-33.391
1.4e+07	-24.181
1.5e+07	-20.153
1.6e+07	-17.739
1.7e+07	-16.187
1.8e+07	-15.295
1.9e+07	-15.068
2e+07	-15.587
2.1e+07	-16.904
2.2e+07	-18.883
2.3e+07	-21.339
2.4e+07	-24.109
2.5e+07	-27.504
2.6e+07	-30.241
2.7e+07	-33.52
2.8e+07	-36.913
2.9e+07	-40.256
3e+07	-43.389
3.1e+07	-46.232
3.2e+07	-48.515
3.3e+07	-50.338
3.4e+07	-52.29
3.5e+07	-54.968
3.6e+07	-59.202
3.7e+07	-69.225
3.8e+07	-69.49
3.9e+07	-60.92
4e+07	-57.854
4.1e+07	-56.489
4.2e+07	-56.536
4.3e+07	-58.035
4.4e+07	-60.866
4.5e+07	-65.78
4.6e+07	-72.52
4.7e+07	-81.549
4.8e+07	-83.971
