-4.8e+07	-84.865
-4.7e+07	-81.761
-4.6e+07	-73.938
-4.5e+07	-67.068
-4.4e+07	-62.179
-4.3e+07	-59.275
-4.2e+07	-57.903
-4.1e+07	-58.08
-4e+07	-59.169
-3.9e+07	-62.582
-3.8e+07	-71.581
-3.7e+07	-70.76
-3.6e+07	-61.093
-3.5e+07	-56.717
-3.4e+07	-53.969
-3.3e+07	-51.735
-3.2e+07	-49.449
-3.1e+07	-46.979
-3e+07	-44.036
-2.9e+07	-40.764
-2.8e+07	-37.355
-2.7e+07	-33.962
-2.6e+07	-30.683
-2.5e+07	-27.94
-2.4e+07	-24.576
-2.3e+07	-21.818
-2.2e+07	-19.372
-2.1e+07	-17.401
-2e+07	-16.091
-1.9e+07	-15.58
-1.8e+07	-15.811
-1.7e+07	-16.711
-1.6e+07	-18.269
-1.5e+07	-20.693
-1.4e+07	-24.726
-1.3e+07	-33.956
-1.2e+07	-33.682
-1.1e+07	-23.993
-1e+07	-19.478
-9e+06	-16.574
-8e+06	-14.489
-7e+06	-12.917
-6e+06	-11.709
-5e+06	-10.772
-4e+06	-10.069
-3e+06	-9.5479
-2e+06	-9.191
-1e+06	-8.9797
0	-8.7939
1e+06	-8.9922
2e+06	-9.2134
3e+06	-9.5827
4e+06	-10.114
5e+06	-10.827
6e+06	-11.777
7e+06	-12.996
8e+06	-14.578
9e+06	-16.677
1e+07	-19.584
1.1e+07	-24.118
1.2e+07	-33.831
1.3e+07	-34.096
1.4e+07	-24.889
1.5e+07	-20.862
1.6e+07	-18.45
1.7e+07	-16.901
1.8e+07	-16.012
1.9e+07	-15.792
2e+07	-16.315
2.1e+07	-17.636
2.2e+07	-19.619
2.3e+07	-22.077
2.4e+07	-24.851
2.5e+07	-28.248
2.6e+07	-30.986
2.7e+07	-34.278
2.8e+07	-37.664
2.9e+07	-41.054
3e+07	-44.298
3.1e+07	-47.212
3.2e+07	-49.566
3.3e+07	-51.673
3.4e+07	-53.813
3.5e+07	-56.65
3.6e+07	-60.865
3.7e+07	-70.274
3.8e+07	-72.314
3.9e+07	-62.787
4e+07	-59.417
4.1e+07	-58.214
4.2e+07	-58.36
4.3e+07	-59.762
4.4e+07	-62.573
4.5e+07	-67.288
4.6e+07	-74.151
4.7e+07	-82.215
4.8e+07	-84.28
