-4e+07	-84.017
-3.9e+07	-83.673
-3.8e+07	-84.788
-3.7e+07	-81.498
-3.6e+07	-79.986
-3.5e+07	-75.225
-3.4e+07	-72.045
-3.3e+07	-68.103
-3.2e+07	-64.709
-3.1e+07	-61.313
-3e+07	-58.005
-2.9e+07	-54.939
-2.8e+07	-51.776
-2.7e+07	-48.643
-2.6e+07	-45.543
-2.5e+07	-42.86
-2.4e+07	-39.43
-2.3e+07	-36.456
-2.2e+07	-33.641
-2.1e+07	-31.14
-2e+07	-29.125
-1.9e+07	-27.688
-1.8e+07	-26.743
-1.7e+07	-26.123
-1.6e+07	-25.679
-1.5e+07	-25.316
-1.4e+07	-24.996
-1.3e+07	-24.746
-1.2e+07	-24.513
-1.1e+07	-24.326
-1e+07	-24.172
-9e+06	-24.073
-8e+06	-23.996
-7e+06	-23.95
-6e+06	-23.918
-5e+06	-23.896
-4e+06	-23.889
-3e+06	-23.88
-2e+06	-23.873
-1e+06	-23.868
0	-23.748
1e+06	-23.886
2e+06	-23.906
3e+06	-23.926
4e+06	-23.952
5e+06	-23.972
6e+06	-24.012
7e+06	-24.058
8e+06	-24.12
9e+06	-24.211
1e+07	-24.306
1.1e+07	-24.5
1.2e+07	-24.706
1.3e+07	-24.955
1.4e+07	-25.243
1.5e+07	-25.56
1.6e+07	-25.939
1.7e+07	-26.399
1.8e+07	-27.034
1.9e+07	-28
2e+07	-29.447
2.1e+07	-31.479
2.2e+07	-34.003
2.3e+07	-36.832
2.4e+07	-39.835
2.5e+07	-43.299
2.6e+07	-45.981
2.7e+07	-49.074
2.8e+07	-52.227
2.9e+07	-55.339
3e+07	-58.517
3.1e+07	-61.952
3.2e+07	-65.206
3.3e+07	-68.815
3.4e+07	-72.206
3.5e+07	-75.677
3.6e+07	-78.725
3.7e+07	-82.392
3.8e+07	-82.427
3.9e+07	-83.375
4e+07	-85.016
