-4.8e+07	-84.991
-4.7e+07	-84.585
-4.6e+07	-83.565
-4.5e+07	-81.082
-4.4e+07	-78.574
-4.3e+07	-75.864
-4.2e+07	-74.5
-4.1e+07	-75.185
-4e+07	-75.566
-3.9e+07	-79.15
-3.8e+07	-84.805
-3.7e+07	-83.976
-3.6e+07	-77.357
-3.5e+07	-73.934
-3.4e+07	-70.385
-3.3e+07	-68.16
-3.2e+07	-65.713
-3.1e+07	-62.988
-3e+07	-60.023
-2.9e+07	-56.687
-2.8e+07	-53.208
-2.7e+07	-49.827
-2.6e+07	-46.555
-2.5e+07	-43.809
-2.4e+07	-40.468
-2.3e+07	-37.716
-2.2e+07	-35.268
-2.1e+07	-33.305
-2e+07	-31.997
-1.9e+07	-31.494
-1.8e+07	-31.726
-1.7e+07	-32.624
-1.6e+07	-34.19
-1.5e+07	-36.634
-1.4e+07	-40.668
-1.3e+07	-49.899
-1.2e+07	-49.64
-1.1e+07	-39.967
-1e+07	-35.451
-9e+06	-32.551
-8e+06	-30.471
-7e+06	-28.911
-6e+06	-27.713
-5e+06	-26.779
-4e+06	-26.08
-3e+06	-25.563
-2e+06	-25.207
-1e+06	-24.997
0	-24.806
1e+06	-25.019
2e+06	-25.245
3e+06	-25.616
4e+06	-26.153
5e+06	-26.867
6e+06	-27.82
7e+06	-29.036
8e+06	-30.616
9e+06	-32.713
1e+07	-35.63
1.1e+07	-40.15
1.2e+07	-49.817
1.3e+07	-50.103
1.4e+07	-40.912
1.5e+07	-36.895
1.6e+07	-34.468
1.7e+07	-32.917
1.8e+07	-32.033
1.9e+07	-31.81
2e+07	-32.335
2.1e+07	-33.656
2.2e+07	-35.634
2.3e+07	-38.099
2.4e+07	-40.871
2.5e+07	-44.245
2.6e+07	-47.003
2.7e+07	-50.299
2.8e+07	-53.644
2.9e+07	-57.153
3e+07	-60.357
3.1e+07	-63.299
3.2e+07	-66
3.3e+07	-68.105
3.4e+07	-70.496
3.5e+07	-72.933
3.6e+07	-78.013
3.7e+07	-82.12
3.8e+07	-83.358
3.9e+07	-78.983
4e+07	-76.892
4.1e+07	-75.416
4.2e+07	-75.102
4.3e+07	-76.995
4.4e+07	-79.794
4.5e+07	-82.756
4.6e+07	-84.688
4.7e+07	-83.956
4.8e+07	-85.473
