-4e+07	-83.294
-3.9e+07	-81.001
-3.8e+07	-75.475
-3.7e+07	-70.263
-3.6e+07	-65.222
-3.5e+07	-61.196
-3.4e+07	-57.514
-3.3e+07	-53.834
-3.2e+07	-50.426
-3.1e+07	-47.091
-3e+07	-43.785
-2.9e+07	-40.601
-2.8e+07	-37.439
-2.7e+07	-34.362
-2.6e+07	-31.275
-2.5e+07	-28.601
-2.4e+07	-25.174
-2.3e+07	-22.206
-2.2e+07	-19.4
-2.1e+07	-16.906
-2e+07	-14.891
-1.9e+07	-13.463
-1.8e+07	-12.521
-1.7e+07	-11.907
-1.6e+07	-11.469
-1.5e+07	-11.112
-1.4e+07	-10.817
-1.3e+07	-10.552
-1.2e+07	-10.324
-1.1e+07	-10.139
-1e+07	-9.9889
-9e+06	-9.8913
-8e+06	-9.8204
-7e+06	-9.7761
-6e+06	-9.7484
-5e+06	-9.714
-4e+06	-9.7214
-3e+06	-9.7137
-2e+06	-9.708
-1e+06	-9.7024
0	-9.5791
1e+06	-9.7199
2e+06	-9.7423
3e+06	-9.7635
4e+06	-9.7872
5e+06	-9.8074
6e+06	-9.8471
7e+06	-9.8907
8e+06	-9.952
9e+06	-10.04
1e+07	-10.154
1.1e+07	-10.32
1.2e+07	-10.524
1.3e+07	-10.769
1.4e+07	-11.052
1.5e+07	-11.365
1.6e+07	-11.741
1.7e+07	-12.196
1.8e+07	-12.829
1.9e+07	-13.788
2e+07	-15.235
2.1e+07	-17.267
2.2e+07	-19.782
2.3e+07	-22.609
2.4e+07	-25.598
2.5e+07	-29.06
2.6e+07	-31.733
2.7e+07	-34.836
2.8e+07	-37.948
2.9e+07	-41.104
3e+07	-44.322
3.1e+07	-47.597
3.2e+07	-50.909
3.3e+07	-54.503
3.4e+07	-58.163
3.5e+07	-61.746
3.6e+07	-66.279
3.7e+07	-71.093
3.8e+07	-76.506
3.9e+07	-80.735
4e+07	-83.695
