-4.8e+07	-86.357
-4.7e+07	-85.903
-4.6e+07	-84.129
-4.5e+07	-83.567
-4.4e+07	-80.57
-4.3e+07	-77.553
-4.2e+07	-77.147
-4.1e+07	-76.416
-4e+07	-77.942
-3.9e+07	-80.68
-3.8e+07	-83.361
-3.7e+07	-84.449
-3.6e+07	-79.069
-3.5e+07	-75.078
-3.4e+07	-71.938
-3.3e+07	-69.532
-3.2e+07	-66.791
-3.1e+07	-64.076
-3e+07	-60.966
-2.9e+07	-57.609
-2.8e+07	-53.814
-2.7e+07	-50.736
-2.6e+07	-47.447
-2.5e+07	-44.725
-2.4e+07	-41.371
-2.3e+07	-38.62
-2.2e+07	-36.175
-2.1e+07	-34.199
-2e+07	-32.885
-1.9e+07	-32.374
-1.8e+07	-32.606
-1.7e+07	-33.508
-1.6e+07	-35.07
-1.5e+07	-37.51
-1.4e+07	-41.543
-1.3e+07	-50.776
-1.2e+07	-50.513
-1.1e+07	-40.838
-1e+07	-36.328
-9e+06	-33.432
-8e+06	-31.355
-7e+06	-29.794
-6e+06	-28.596
-5e+06	-27.67
-4e+06	-26.973
-3e+06	-26.461
-2e+06	-26.109
-1e+06	-25.904
0	-25.717
1e+06	-25.929
2e+06	-26.159
3e+06	-26.537
4e+06	-27.077
5e+06	-27.799
6e+06	-28.756
7e+06	-29.976
8e+06	-31.562
9e+06	-33.66
1e+07	-36.581
1.1e+07	-41.112
1.2e+07	-50.811
1.3e+07	-51.071
1.4e+07	-41.909
1.5e+07	-37.879
1.6e+07	-35.475
1.7e+07	-33.933
1.8e+07	-33.051
1.9e+07	-32.843
2e+07	-33.373
2.1e+07	-34.7
2.2e+07	-36.702
2.3e+07	-39.173
2.4e+07	-41.947
2.5e+07	-45.344
2.6e+07	-48.049
2.7e+07	-51.342
2.8e+07	-54.781
2.9e+07	-58.164
3e+07	-61.544
3.1e+07	-64.617
3.2e+07	-67.274
3.3e+07	-69.523
3.4e+07	-72.389
3.5e+07	-75.075
3.6e+07	-79.814
3.7e+07	-83.214
3.8e+07	-85.15
3.9e+07	-81.175
4e+07	-78.264
4.1e+07	-76.475
4.2e+07	-76.649
4.3e+07	-78.661
4.4e+07	-80.924
4.5e+07	-83.812
4.6e+07	-86.049
4.7e+07	-85.441
4.8e+07	-84.127
