-4.8e+07	-83.815
-4.7e+07	-82.6
-4.6e+07	-76.762
-4.5e+07	-70.29
-4.4e+07	-65.217
-4.3e+07	-62.237
-4.2e+07	-60.855
-4.1e+07	-60.951
-4e+07	-62.168
-3.9e+07	-65.336
-3.8e+07	-73.987
-3.7e+07	-73.727
-3.6e+07	-64.123
-3.5e+07	-59.534
-3.4e+07	-56.56
-3.3e+07	-54.063
-3.2e+07	-51.593
-3.1e+07	-48.843
-3e+07	-45.736
-2.9e+07	-42.375
-2.8e+07	-38.653
-2.7e+07	-35.542
-2.6e+07	-32.26
-2.5e+07	-29.515
-2.4e+07	-26.155
-2.3e+07	-23.396
-2.2e+07	-20.952
-2.1e+07	-18.983
-2e+07	-17.671
-1.9e+07	-17.157
-1.8e+07	-17.389
-1.7e+07	-18.289
-1.6e+07	-19.851
-1.5e+07	-22.277
-1.4e+07	-26.32
-1.3e+07	-35.549
-1.2e+07	-35.303
-1.1e+07	-25.606
-1e+07	-21.098
-9e+06	-18.204
-8e+06	-16.125
-7e+06	-14.562
-6e+06	-13.362
-5e+06	-12.431
-4e+06	-11.735
-3e+06	-11.22
-2e+06	-10.87
-1e+06	-10.663
0	-10.475
1e+06	-10.689
2e+06	-10.918
3e+06	-11.295
4e+06	-11.833
5e+06	-12.554
6e+06	-13.508
7e+06	-14.732
8e+06	-16.318
9e+06	-18.421
1e+07	-21.339
1.1e+07	-25.87
1.2e+07	-35.59
1.3e+07	-35.85
1.4e+07	-26.654
1.5e+07	-22.627
1.6e+07	-20.225
1.7e+07	-18.683
1.8e+07	-17.802
1.9e+07	-17.59
2e+07	-18.123
2.1e+07	-19.454
2.2e+07	-21.446
2.3e+07	-23.911
2.4e+07	-26.69
2.5e+07	-30.077
2.6e+07	-32.823
2.7e+07	-36.118
2.8e+07	-39.512
2.9e+07	-42.929
3e+07	-46.23
3.1e+07	-49.329
3.2e+07	-51.963
3.3e+07	-54.244
3.4e+07	-56.607
3.5e+07	-59.419
3.6e+07	-64.071
3.7e+07	-73.887
3.8e+07	-73.804
3.9e+07	-65.438
4e+07	-62.443
4.1e+07	-61.178
4.2e+07	-61.363
4.3e+07	-62.643
4.4e+07	-65.45
4.5e+07	-70.279
4.6e+07	-77.984
4.7e+07	-84.18
4.8e+07	-85.511
