-4.8e+07	-84.827
-4.7e+07	-84.804
-4.6e+07	-85.547
-4.5e+07	-82.688
-4.4e+07	-80.599
-4.3e+07	-78.742
-4.2e+07	-78.017
-4.1e+07	-77.819
-4e+07	-79.039
-3.9e+07	-81.994
-3.8e+07	-85.85
-3.7e+07	-83.216
-3.6e+07	-80.24
-3.5e+07	-75.518
-3.4e+07	-73.407
-3.3e+07	-70.648
-3.2e+07	-67.974
-3.1e+07	-65.223
-3e+07	-61.959
-2.9e+07	-58.545
-2.8e+07	-55.095
-2.7e+07	-51.675
-2.6e+07	-48.389
-2.5e+07	-45.621
-2.4e+07	-42.264
-2.3e+07	-39.509
-2.2e+07	-37.044
-2.1e+07	-35.061
-2e+07	-33.733
-1.9e+07	-33.212
-1.8e+07	-33.429
-1.7e+07	-34.319
-1.6e+07	-35.867
-1.5e+07	-38.308
-1.4e+07	-42.31
-1.3e+07	-51.498
-1.2e+07	-51.234
-1.1e+07	-41.573
-1e+07	-37.056
-9e+06	-34.16
-8e+06	-32.097
-7e+06	-30.553
-6e+06	-29.375
-5e+06	-28.465
-4e+06	-27.787
-3e+06	-27.285
-2e+06	-26.941
-1e+06	-26.739
0	-26.512
1e+06	-26.763
2e+06	-26.842
3e+06	-27.131
4e+06	-27.661
5e+06	-28.371
6e+06	-29.31
7e+06	-30.521
8e+06	-32.094
9e+06	-34.186
1e+07	-37.32
1.1e+07	-41.835
1.2e+07	-51.516
1.3e+07	-51.78
1.4e+07	-42.586
1.5e+07	-38.555
1.6e+07	-36.129
1.7e+07	-34.57
1.8e+07	-33.681
1.9e+07	-33.458
2e+07	-33.985
2.1e+07	-35.304
2.2e+07	-37.286
2.3e+07	-39.749
2.4e+07	-42.518
2.5e+07	-45.901
2.6e+07	-48.65
2.7e+07	-51.908
2.8e+07	-55.345
2.9e+07	-58.8
3e+07	-62.059
3.1e+07	-65.358
3.2e+07	-68.179
3.3e+07	-70.599
3.4e+07	-72.937
3.5e+07	-75.794
3.6e+07	-79.559
3.7e+07	-85.031
3.8e+07	-84.371
3.9e+07	-81.008
4e+07	-79.288
4.1e+07	-77.484
4.2e+07	-78.18
4.3e+07	-78.904
4.4e+07	-81.107
4.5e+07	-82.971
4.6e+07	-84.459
4.7e+07	-84.199
4.8e+07	-85.143
