-4.8e+07	-85.141
-4.7e+07	-84.483
-4.6e+07	-78.466
-4.5e+07	-71.613
-4.4e+07	-66.352
-4.3e+07	-63.447
-4.2e+07	-62.355
-4.1e+07	-62.32
-4e+07	-63.328
-3.9e+07	-66.817
-3.8e+07	-75.239
-3.7e+07	-74.929
-3.6e+07	-65.327
-3.5e+07	-60.857
-3.4e+07	-57.751
-3.3e+07	-55.245
-3.2e+07	-52.664
-3.1e+07	-49.892
-3e+07	-46.729
-2.9e+07	-43.334
-2.8e+07	-39.863
-2.7e+07	-36.465
-2.6e+07	-33.178
-2.5e+07	-30.435
-2.4e+07	-27.076
-2.3e+07	-24.313
-2.2e+07	-21.868
-2.1e+07	-19.897
-2e+07	-18.583
-1.9e+07	-18.065
-1.8e+07	-18.29
-1.7e+07	-19.191
-1.6e+07	-20.751
-1.5e+07	-23.171
-1.4e+07	-27.214
-1.3e+07	-36.435
-1.2e+07	-36.187
-1.1e+07	-26.486
-1e+07	-21.974
-9e+06	-19.076
-8e+06	-16.991
-7e+06	-15.426
-6e+06	-14.219
-5e+06	-13.281
-4e+06	-12.578
-3e+06	-12.055
-2e+06	-11.693
-1e+06	-11.477
0	-11.271
1e+06	-11.483
2e+06	-11.558
3e+06	-11.843
4e+06	-12.372
5e+06	-13.08
6e+06	-14.023
7e+06	-15.235
8e+06	-16.81
9e+06	-18.901
1e+07	-22.027
1.1e+07	-26.545
1.2e+07	-36.248
1.3e+07	-36.516
1.4e+07	-27.306
1.5e+07	-23.27
1.6e+07	-20.856
1.7e+07	-19.308
1.8e+07	-18.419
1.9e+07	-18.199
2e+07	-18.725
2.1e+07	-20.051
2.2e+07	-22.032
2.3e+07	-24.493
2.4e+07	-27.267
2.5e+07	-30.656
2.6e+07	-33.386
2.7e+07	-36.68
2.8e+07	-40.07
2.9e+07	-43.495
3e+07	-46.807
3.1e+07	-49.929
3.2e+07	-52.637
3.3e+07	-54.967
3.4e+07	-57.4
3.5e+07	-60.321
3.6e+07	-64.814
3.7e+07	-74.662
3.8e+07	-74.655
3.9e+07	-66.51
4e+07	-63.283
4.1e+07	-62.033
4.2e+07	-62.104
4.3e+07	-63.577
4.4e+07	-66.553
4.5e+07	-70.941
4.6e+07	-78.941
4.7e+07	-84.672
4.8e+07	-85.665
