-4e+07	-82.791
-3.9e+07	-84.607
-3.8e+07	-83.022
-3.7e+07	-83.44
-3.6e+07	-81.675
-3.5e+07	-77.501
-3.4e+07	-74.8
-3.3e+07	-70.477
-3.2e+07	-67.386
-3.1e+07	-64.055
-3e+07	-60.687
-2.9e+07	-57.522
-2.8e+07	-54.345
-2.7e+07	-51.237
-2.6e+07	-48.171
-2.5e+07	-45.492
-2.4e+07	-42.089
-2.3e+07	-39.103
-2.2e+07	-36.287
-2.1e+07	-33.779
-2e+07	-31.754
-1.9e+07	-30.319
-1.8e+07	-29.369
-1.7e+07	-28.749
-1.6e+07	-28.155
-1.5e+07	-27.892
-1.4e+07	-27.593
-1.3e+07	-27.347
-1.2e+07	-27.14
-1.1e+07	-26.948
-1e+07	-26.793
-9e+06	-26.691
-8e+06	-26.623
-7e+06	-26.574
-6e+06	-26.544
-5e+06	-26.523
-4e+06	-26.519
-3e+06	-26.513
-2e+06	-26.508
-1e+06	-26.506
0	-26.232
1e+06	-26.525
2e+06	-26.545
3e+06	-26.565
4e+06	-26.589
5e+06	-26.605
6e+06	-26.648
7e+06	-26.688
8e+06	-26.749
9e+06	-26.835
1e+07	-26.948
1.1e+07	-27.118
1.2e+07	-27.318
1.3e+07	-27.562
1.4e+07	-27.841
1.5e+07	-28.154
1.6e+07	-28.53
1.7e+07	-28.984
1.8e+07	-29.611
1.9e+07	-30.567
2e+07	-32.009
2.1e+07	-34.041
2.2e+07	-36.558
2.3e+07	-39.376
2.4e+07	-42.356
2.5e+07	-45.809
2.6e+07	-48.489
2.7e+07	-51.577
2.8e+07	-54.655
2.9e+07	-57.79
3e+07	-61.047
3.1e+07	-64.336
3.2e+07	-67.484
3.3e+07	-71.402
3.4e+07	-74.341
3.5e+07	-77.668
3.6e+07	-81.083
3.7e+07	-82.775
3.8e+07	-84.626
3.9e+07	-83.253
4e+07	-84.649
