-4.8e+07	-85.849
-4.7e+07	-83.989
-4.6e+07	-79.597
-4.5e+07	-71.638
-4.4e+07	-66.874
-4.3e+07	-63.964
-4.2e+07	-62.701
-4.1e+07	-62.566
-4e+07	-64.031
-3.9e+07	-67.288
-3.8e+07	-75.517
-3.7e+07	-75.033
-3.6e+07	-65.513
-3.5e+07	-61.146
-3.4e+07	-58.065
-3.3e+07	-55.467
-3.2e+07	-52.81
-3.1e+07	-49.888
-3e+07	-46.581
-2.9e+07	-43.086
-2.8e+07	-39.625
-2.7e+07	-36.204
-2.6e+07	-32.914
-2.5e+07	-30.165
-2.4e+07	-27.001
-2.3e+07	-24.236
-2.2e+07	-21.782
-2.1e+07	-19.807
-2e+07	-18.487
-1.9e+07	-17.968
-1.8e+07	-18.193
-1.7e+07	-19.09
-1.6e+07	-20.458
-1.5e+07	-22.865
-1.4e+07	-26.907
-1.3e+07	-36.231
-1.2e+07	-36.091
-1.1e+07	-26.389
-1e+07	-21.877
-9e+06	-18.983
-8e+06	-16.901
-7e+06	-15.336
-6e+06	-14.134
-5e+06	-13.2
-4e+06	-12.5
-3e+06	-11.984
-2e+06	-11.625
-1e+06	-11.418
0	-11.015
1e+06	-11.436
2e+06	-11.661
3e+06	-12.034
4e+06	-12.569
5e+06	-13.284
6e+06	-14.233
7e+06	-15.452
8e+06	-17.031
9e+06	-19.128
1e+07	-22.037
1.1e+07	-26.56
1.2e+07	-36.275
1.3e+07	-36.523
1.4e+07	-27.32
1.5e+07	-23.289
1.6e+07	-20.878
1.7e+07	-19.33
1.8e+07	-18.444
1.9e+07	-18.224
2e+07	-18.75
2.1e+07	-20.074
2.2e+07	-22.056
2.3e+07	-24.519
2.4e+07	-27.292
2.5e+07	-30.678
2.6e+07	-33.412
2.7e+07	-36.646
2.8e+07	-39.889
2.9e+07	-43.323
3e+07	-46.867
3.1e+07	-50.093
3.2e+07	-52.896
3.3e+07	-55.356
3.4e+07	-57.656
3.5e+07	-60.415
3.6e+07	-65.015
3.7e+07	-75.1
3.8e+07	-75.58
3.9e+07	-67.025
4e+07	-63.756
4.1e+07	-62.498
4.2e+07	-62.775
4.3e+07	-63.94
4.4e+07	-66.509
4.5e+07	-71.402
4.6e+07	-78.648
4.7e+07	-82.908
4.8e+07	-83.364
