-4e+07	-83.138
-3.9e+07	-80.579
-3.8e+07	-77.755
-3.7e+07	-72.31
-3.6e+07	-67.966
-3.5e+07	-63.562
-3.4e+07	-59.817
-3.3e+07	-56.163
-3.2e+07	-52.72
-3.1e+07	-49.391
-3e+07	-46.074
-2.9e+07	-42.883
-2.8e+07	-39.744
-2.7e+07	-36.636
-2.6e+07	-33.566
-2.5e+07	-30.883
-2.4e+07	-27.458
-2.3e+07	-24.485
-2.2e+07	-21.675
-2.1e+07	-19.175
-2e+07	-17.155
-1.9e+07	-15.719
-1.8e+07	-14.77
-1.7e+07	-14.15
-1.6e+07	-13.706
-1.5e+07	-13.321
-1.4e+07	-13.043
-1.3e+07	-12.772
-1.2e+07	-12.538
-1.1e+07	-12.349
-1e+07	-12.193
-9e+06	-12.092
-8e+06	-12.017
-7e+06	-11.969
-6e+06	-11.939
-5e+06	-11.913
-4e+06	-11.907
-3e+06	-11.897
-2e+06	-11.889
-1e+06	-11.884
0	-11.762
1e+06	-11.882
2e+06	-11.88
3e+06	-11.955
4e+06	-11.981
5e+06	-12.004
6e+06	-12.048
7e+06	-12.096
8e+06	-12.162
9e+06	-12.252
1e+07	-12.374
1.1e+07	-12.547
1.2e+07	-12.757
1.3e+07	-13.01
1.4e+07	-13.3
1.5e+07	-13.62
1.6e+07	-14.003
1.7e+07	-14.466
1.8e+07	-15.106
1.9e+07	-16.075
2e+07	-17.52
2.1e+07	-19.571
2.2e+07	-22.093
2.3e+07	-24.927
2.4e+07	-27.921
2.5e+07	-31.379
2.6e+07	-34.072
2.7e+07	-37.17
2.8e+07	-40.291
2.9e+07	-43.453
3e+07	-46.661
3.1e+07	-49.961
3.2e+07	-53.362
3.3e+07	-56.779
3.4e+07	-60.595
3.5e+07	-64.2
3.6e+07	-68.609
3.7e+07	-72.663
3.8e+07	-77.225
3.9e+07	-81.108
4e+07	-82.564
