-4.8e+07	-83.493
-4.7e+07	-84.145
-4.6e+07	-83.31
-4.5e+07	-82.927
-4.4e+07	-80.979
-4.3e+07	-79.742
-4.2e+07	-80.034
-4.1e+07	-79.327
-4e+07	-81.169
-3.9e+07	-81.966
-3.8e+07	-83.328
-3.7e+07	-82.25
-3.6e+07	-81.498
-3.5e+07	-77.098
-3.4e+07	-74.421
-3.3e+07	-72.136
-3.2e+07	-69.196
-3.1e+07	-66
-3e+07	-62.613
-2.9e+07	-59.413
-2.8e+07	-55.853
-2.7e+07	-52.469
-2.6e+07	-49.204
-2.5e+07	-46.447
-2.4e+07	-43.097
-2.3e+07	-40.353
-2.2e+07	-37.913
-2.1e+07	-35.929
-2e+07	-34.623
-1.9e+07	-34.101
-1.8e+07	-34.331
-1.7e+07	-35.229
-1.6e+07	-36.79
-1.5e+07	-39.214
-1.4e+07	-43.26
-1.3e+07	-52.453
-1.2e+07	-52.25
-1.1e+07	-42.549
-1e+07	-38.041
-9e+06	-35.138
-8e+06	-33.054
-7e+06	-31.495
-6e+06	-30.293
-5e+06	-29.354
-4e+06	-28.656
-3e+06	-28.134
-2e+06	-27.777
-1e+06	-27.566
0	-27.385
1e+06	-27.505
2e+06	-27.656
3e+06	-28.187
4e+06	-28.718
5e+06	-29.435
6e+06	-30.389
7e+06	-31.6
8e+06	-33.184
9e+06	-35.28
1e+07	-38.194
1.1e+07	-42.719
1.2e+07	-52.477
1.3e+07	-52.706
1.4e+07	-43.496
1.5e+07	-39.466
1.6e+07	-37.062
1.7e+07	-35.516
1.8e+07	-34.651
1.9e+07	-34.438
2e+07	-34.98
2.1e+07	-36.299
2.2e+07	-38.312
2.3e+07	-40.789
2.4e+07	-43.55
2.5e+07	-46.909
2.6e+07	-49.667
2.7e+07	-52.933
2.8e+07	-56.362
2.9e+07	-59.903
3e+07	-63.367
3.1e+07	-66.657
3.2e+07	-69.905
3.3e+07	-72.378
3.4e+07	-74.683
3.5e+07	-77.555
3.6e+07	-80.751
3.7e+07	-82.873
3.8e+07	-82.744
3.9e+07	-81.461
4e+07	-80.398
4.1e+07	-79.875
4.2e+07	-79.526
4.3e+07	-79.756
4.4e+07	-80.637
4.5e+07	-81.857
4.6e+07	-83.903
4.7e+07	-83.573
4.8e+07	-83.818
