-4.8e+07	-84.489
-4.7e+07	-84.161
-4.6e+07	-84.946
-4.5e+07	-83.408
-4.4e+07	-82.485
-4.3e+07	-81.627
-4.2e+07	-80.418
-4.1e+07	-80.651
-4e+07	-81.598
-3.9e+07	-82.03
-3.8e+07	-82.241
-3.7e+07	-83.403
-3.6e+07	-81.785
-3.5e+07	-79.923
-3.4e+07	-76.096
-3.3e+07	-73.223
-3.2e+07	-70.06
-3.1e+07	-67.383
-3e+07	-64.178
-2.9e+07	-60.636
-2.8e+07	-57.081
-2.7e+07	-53.659
-2.6e+07	-50.393
-2.5e+07	-47.649
-2.4e+07	-44.306
-2.3e+07	-41.538
-2.2e+07	-39.115
-2.1e+07	-37.129
-2e+07	-35.826
-1.9e+07	-35.301
-1.8e+07	-35.539
-1.7e+07	-36.433
-1.6e+07	-37.995
-1.5e+07	-40.437
-1.4e+07	-44.461
-1.3e+07	-53.692
-1.2e+07	-53.457
-1.1e+07	-43.772
-1e+07	-39.272
-9e+06	-36.386
-8e+06	-34.302
-7e+06	-32.748
-6e+06	-31.553
-5e+06	-30.623
-4e+06	-29.925
-3e+06	-29.407
-2e+06	-29.051
-1e+06	-28.842
0	-28.666
1e+06	-28.866
2e+06	-29.096
3e+06	-29.471
4e+06	-30.007
5e+06	-30.725
6e+06	-31.668
7e+06	-32.891
8e+06	-34.465
9e+06	-36.567
1e+07	-39.486
1.1e+07	-44.001
1.2e+07	-53.699
1.3e+07	-53.952
1.4e+07	-44.751
1.5e+07	-40.726
1.6e+07	-38.323
1.7e+07	-36.78
1.8e+07	-35.888
1.9e+07	-35.678
2e+07	-36.207
2.1e+07	-37.547
2.2e+07	-39.53
2.3e+07	-41.997
2.4e+07	-44.751
2.5e+07	-48.146
2.6e+07	-50.918
2.7e+07	-54.212
2.8e+07	-57.585
2.9e+07	-61.063
3e+07	-64.59
3.1e+07	-67.756
3.2e+07	-70.831
3.3e+07	-73.468
3.4e+07	-75.273
3.5e+07	-78.519
3.6e+07	-81.278
3.7e+07	-84.103
3.8e+07	-83.237
3.9e+07	-83.204
4e+07	-80.998
4.1e+07	-79.925
4.2e+07	-80.435
4.3e+07	-80.985
4.4e+07	-82.624
4.5e+07	-84.361
4.6e+07	-83.725
4.7e+07	-82.771
4.8e+07	-84.253
