-4.8e+07	-83.449
-4.7e+07	-83.512
-4.6e+07	-80.502
-4.5e+07	-73.865
-4.4e+07	-68.588
-4.3e+07	-66.244
-4.2e+07	-64.971
-4.1e+07	-64.772
-4e+07	-66.058
-3.9e+07	-68.827
-3.8e+07	-76.454
-3.7e+07	-77.364
-3.6e+07	-68.265
-3.5e+07	-63.462
-3.4e+07	-60.125
-3.3e+07	-57.439
-3.2e+07	-54.615
-3.1e+07	-51.69
-3e+07	-48.538
-2.9e+07	-45.119
-2.8e+07	-41.636
-2.7e+07	-38.231
-2.6e+07	-34.946
-2.5e+07	-32.189
-2.4e+07	-28.838
-2.3e+07	-26.086
-2.2e+07	-23.643
-2.1e+07	-21.668
-2e+07	-20.358
-1.9e+07	-19.843
-1.8e+07	-20.075
-1.7e+07	-20.973
-1.6e+07	-22.538
-1.5e+07	-24.969
-1.4e+07	-29.016
-1.3e+07	-38.252
-1.2e+07	-38.002
-1.1e+07	-28.319
-1e+07	-23.811
-9e+06	-20.918
-8e+06	-18.844
-7e+06	-17.282
-6e+06	-16.084
-5e+06	-15.157
-4e+06	-14.458
-3e+06	-13.939
-2e+06	-13.584
-1e+06	-13.375
0	-13.181
1e+06	-13.399
2e+06	-13.627
3e+06	-14.004
4e+06	-14.542
5e+06	-15.259
6e+06	-16.209
7e+06	-17.428
8e+06	-19.01
9e+06	-21.102
1e+07	-24.015
1.1e+07	-28.539
1.2e+07	-38.254
1.3e+07	-38.504
1.4e+07	-29.303
1.5e+07	-25.274
1.6e+07	-22.862
1.7e+07	-21.315
1.8e+07	-20.435
1.9e+07	-20.219
2e+07	-20.75
2.1e+07	-22.082
2.2e+07	-24.068
2.3e+07	-26.532
2.4e+07	-29.306
2.5e+07	-32.69
2.6e+07	-35.444
2.7e+07	-38.73
2.8e+07	-42.13
2.9e+07	-45.575
3e+07	-49.006
3.1e+07	-52.191
3.2e+07	-55.085
3.3e+07	-57.665
3.4e+07	-60.099
3.5e+07	-63.12
3.6e+07	-67.613
3.7e+07	-76.616
3.8e+07	-77.901
3.9e+07	-69.328
4e+07	-66.33
4.1e+07	-65.01
4.2e+07	-65.273
4.3e+07	-66.49
4.4e+07	-69.271
4.5e+07	-73.682
4.6e+07	-80.513
4.7e+07	-84.753
4.8e+07	-83.96
