-4.8e+07	-85.139
-4.7e+07	-83.841
-4.6e+07	-81.408
-4.5e+07	-75.473
-4.4e+07	-70.18
-4.3e+07	-67.212
-4.2e+07	-66.085
-4.1e+07	-66.118
-4e+07	-67.349
-3.9e+07	-70.309
-3.8e+07	-80.283
-3.7e+07	-78.197
-3.6e+07	-69.065
-3.5e+07	-64.699
-3.4e+07	-61.239
-3.3e+07	-58.596
-3.2e+07	-55.748
-3.1e+07	-52.816
-3e+07	-49.488
-2.9e+07	-46.036
-2.8e+07	-42.57
-2.7e+07	-39.16
-2.6e+07	-35.877
-2.5e+07	-33.112
-2.4e+07	-29.751
-2.3e+07	-26.99
-2.2e+07	-24.536
-2.1e+07	-22.552
-2e+07	-21.229
-1.9e+07	-20.705
-1.8e+07	-20.928
-1.7e+07	-21.813
-1.6e+07	-23.368
-1.5e+07	-25.786
-1.4e+07	-29.825
-1.3e+07	-39.042
-1.2e+07	-38.791
-1.1e+07	-29.092
-1e+07	-24.581
-9e+06	-21.677
-8e+06	-19.594
-7e+06	-18.024
-6e+06	-16.818
-5e+06	-15.879
-4e+06	-15.177
-3e+06	-14.651
-2e+06	-14.288
-1e+06	-14.072
0	-13.843
1e+06	-14.077
2e+06	-14.296
3e+06	-14.663
4e+06	-15.193
5e+06	-15.901
6e+06	-16.843
7e+06	-18.054
8e+06	-19.625
9e+06	-21.711
1e+07	-24.617
1.1e+07	-29.131
1.2e+07	-38.832
1.3e+07	-39.093
1.4e+07	-29.87
1.5e+07	-25.835
1.6e+07	-23.418
1.7e+07	-21.865
1.8e+07	-20.973
1.9e+07	-20.75
2e+07	-21.275
2.1e+07	-22.595
2.2e+07	-24.576
2.3e+07	-27.034
2.4e+07	-29.797
2.5e+07	-33.174
2.6e+07	-35.908
2.7e+07	-39.185
2.8e+07	-42.597
2.9e+07	-46.035
3e+07	-49.416
3.1e+07	-52.652
3.2e+07	-55.632
3.3e+07	-58.203
3.4e+07	-60.72
3.5e+07	-63.737
3.6e+07	-68.165
3.7e+07	-77.716
3.8e+07	-78.603
3.9e+07	-69.637
4e+07	-66.447
4.1e+07	-65.276
4.2e+07	-65.393
4.3e+07	-66.783
4.4e+07	-69.254
4.5e+07	-73.982
4.6e+07	-81.341
4.7e+07	-83.271
4.8e+07	-83.756
