-4.8e+07	-83.575
-4.7e+07	-83.896
-4.6e+07	-83.663
-4.5e+07	-83.151
-4.4e+07	-83.195
-4.3e+07	-82.27
-4.2e+07	-82.016
-4.1e+07	-80.422
-4e+07	-81.054
-3.9e+07	-83.726
-3.8e+07	-84.446
-3.7e+07	-83.273
-3.6e+07	-82.175
-3.5e+07	-80.077
-3.4e+07	-77.909
-3.3e+07	-74.774
-3.2e+07	-71.653
-3.1e+07	-68.279
-3e+07	-65.107
-2.9e+07	-61.458
-2.8e+07	-57.949
-2.7e+07	-54.625
-2.6e+07	-51.284
-2.5e+07	-48.553
-2.4e+07	-45.201
-2.3e+07	-42.428
-2.2e+07	-39.964
-2.1e+07	-37.997
-2e+07	-36.67
-1.9e+07	-36.14
-1.8e+07	-36.365
-1.7e+07	-37.24
-1.6e+07	-38.808
-1.5e+07	-41.217
-1.4e+07	-45.265
-1.3e+07	-54.43
-1.2e+07	-54.265
-1.1e+07	-44.508
-1e+07	-40.006
-9e+06	-37.104
-8e+06	-35.021
-7e+06	-33.45
-6e+06	-32.243
-5e+06	-31.309
-4e+06	-30.606
-3e+06	-30.077
-2e+06	-29.717
-1e+06	-29.5
0	-29.288
1e+06	-29.503
2e+06	-29.719
3e+06	-30.087
4e+06	-30.618
5e+06	-31.328
6e+06	-32.262
7e+06	-33.471
8e+06	-35.044
9e+06	-37.136
1e+07	-40.048
1.1e+07	-44.537
1.2e+07	-54.229
1.3e+07	-54.427
1.4e+07	-45.262
1.5e+07	-41.26
1.6e+07	-38.829
1.7e+07	-37.291
1.8e+07	-36.392
1.9e+07	-36.177
2e+07	-36.704
2.1e+07	-38.03
2.2e+07	-39.997
2.3e+07	-42.467
2.4e+07	-45.216
2.5e+07	-48.592
2.6e+07	-51.374
2.7e+07	-54.568
2.8e+07	-58.002
2.9e+07	-61.517
3e+07	-64.997
3.1e+07	-68.35
3.2e+07	-71.355
3.3e+07	-74.177
3.4e+07	-76.58
3.5e+07	-79.572
3.6e+07	-82.172
3.7e+07	-83.531
3.8e+07	-85.175
3.9e+07	-82.068
4e+07	-81.729
4.1e+07	-81.336
4.2e+07	-81.314
4.3e+07	-81.8
4.4e+07	-83.052
4.5e+07	-83.216
4.6e+07	-83.679
4.7e+07	-82.867
4.8e+07	-84.315
