-4.8e+07	-84.762
-4.7e+07	-84.289
-4.6e+07	-80.715
-4.5e+07	-75.464
-4.4e+07	-70.882
-4.3e+07	-68.015
-4.2e+07	-66.744
-4.1e+07	-66.615
-4e+07	-67.621
-3.9e+07	-71.102
-3.8e+07	-80.733
-3.7e+07	-78.553
-3.6e+07	-69.933
-3.5e+07	-64.817
-3.4e+07	-61.8
-3.3e+07	-58.85
-3.2e+07	-55.929
-3.1e+07	-52.759
-3e+07	-49.475
-2.9e+07	-45.949
-2.8e+07	-42.45
-2.7e+07	-39.026
-2.6e+07	-35.728
-2.5e+07	-32.959
-2.4e+07	-29.596
-2.3e+07	-26.824
-2.2e+07	-24.361
-2.1e+07	-22.374
-2e+07	-21.044
-1.9e+07	-20.513
-1.8e+07	-20.729
-1.7e+07	-21.609
-1.6e+07	-23.154
-1.5e+07	-25.566
-1.4e+07	-29.597
-1.3e+07	-38.806
-1.2e+07	-38.552
-1.1e+07	-28.841
-1e+07	-24.318
-9e+06	-21.407
-8e+06	-19.312
-7e+06	-17.734
-6e+06	-16.517
-5e+06	-15.569
-4e+06	-14.853
-3e+06	-14.317
-2e+06	-13.943
-1e+06	-13.716
0	-13.455
1e+06	-13.701
2e+06	-13.914
3e+06	-14.269
4e+06	-14.786
5e+06	-15.484
6e+06	-16.414
7e+06	-17.616
8e+06	-19.176
9e+06	-21.255
1e+07	-24.146
1.1e+07	-28.655
1.2e+07	-38.351
1.3e+07	-38.6
1.4e+07	-29.369
1.5e+07	-25.322
1.6e+07	-22.899
1.7e+07	-21.341
1.8e+07	-20.449
1.9e+07	-20.225
2e+07	-20.745
2.1e+07	-22.062
2.2e+07	-24.04
2.3e+07	-26.495
2.4e+07	-29.257
2.5e+07	-32.626
2.6e+07	-35.369
2.7e+07	-38.643
2.8e+07	-42.033
2.9e+07	-45.491
3e+07	-48.94
3.1e+07	-52.256
3.2e+07	-55.249
3.3e+07	-57.969
3.4e+07	-60.625
3.5e+07	-63.435
3.6e+07	-68.337
3.7e+07	-77.519
3.8e+07	-78.538
3.9e+07	-69.862
4e+07	-66.885
4.1e+07	-65.684
4.2e+07	-65.743
4.3e+07	-67.25
4.4e+07	-70.122
4.5e+07	-74.487
4.6e+07	-80.191
4.7e+07	-84.198
4.8e+07	-85.089
