-4e+07	-83.332
-3.9e+07	-83.528
-3.8e+07	-83.635
-3.7e+07	-82.574
-3.6e+07	-81.73
-3.5e+07	-79.569
-3.4e+07	-76.038
-3.3e+07	-73.882
-3.2e+07	-69.536
-3.1e+07	-66.701
-3e+07	-63.299
-2.9e+07	-60.104
-2.8e+07	-56.938
-2.7e+07	-53.682
-2.6e+07	-50.7
-2.5e+07	-47.986
-2.4e+07	-44.544
-2.3e+07	-41.555
-2.2e+07	-38.72
-2.1e+07	-36.196
-2e+07	-34.153
-1.9e+07	-32.695
-1.8e+07	-31.727
-1.7e+07	-31.086
-1.6e+07	-30.624
-1.5e+07	-30.239
-1.4e+07	-29.92
-1.3e+07	-29.626
-1.2e+07	-29.376
-1.1e+07	-29.163
-1e+07	-28.99
-9e+06	-28.871
-8e+06	-28.779
-7e+06	-28.714
-6e+06	-28.668
-5e+06	-28.624
-4e+06	-28.606
-3e+06	-28.581
-2e+06	-28.565
-1e+06	-28.543
0	-28.429
1e+06	-28.534
2e+06	-28.545
3e+06	-28.555
4e+06	-28.563
5e+06	-28.571
6e+06	-28.6
7e+06	-28.632
8e+06	-28.686
9e+06	-28.758
1e+07	-28.862
1.1e+07	-29.021
1.2e+07	-29.208
1.3e+07	-29.446
1.4e+07	-29.72
1.5e+07	-30.019
1.6e+07	-30.389
1.7e+07	-30.835
1.8e+07	-31.461
1.9e+07	-32.417
2e+07	-33.854
2.1e+07	-35.875
2.2e+07	-38.395
2.3e+07	-41.219
2.4e+07	-44.193
2.5e+07	-47.647
2.6e+07	-50.377
2.7e+07	-53.418
2.8e+07	-56.434
2.9e+07	-59.586
3e+07	-62.83
3.1e+07	-66.005
3.2e+07	-69.116
3.3e+07	-72.912
3.4e+07	-76.112
3.5e+07	-79.832
3.6e+07	-81.668
3.7e+07	-83.21
3.8e+07	-83.364
3.9e+07	-84.191
4e+07	-83.923
