-4.8e+07	-83.272
-4.7e+07	-83.707
-4.6e+07	-83.27
-4.5e+07	-84.201
-4.4e+07	-82.423
-4.3e+07	-81.563
-4.2e+07	-81.038
-4.1e+07	-81.487
-4e+07	-81.76
-3.9e+07	-82.474
-3.8e+07	-84.191
-3.7e+07	-84.075
-3.6e+07	-83.096
-3.5e+07	-79.211
-3.4e+07	-77.401
-3.3e+07	-74.679
-3.2e+07	-71.127
-3.1e+07	-67.617
-3e+07	-64.22
-2.9e+07	-60.733
-2.8e+07	-57.206
-2.7e+07	-53.703
-2.6e+07	-50.453
-2.5e+07	-47.664
-2.4e+07	-44.322
-2.3e+07	-41.575
-2.2e+07	-39.122
-2.1e+07	-37.128
-2e+07	-35.818
-1.9e+07	-35.282
-1.8e+07	-35.505
-1.7e+07	-36.393
-1.6e+07	-37.955
-1.5e+07	-40.362
-1.4e+07	-44.414
-1.3e+07	-53.6
-1.2e+07	-53.343
-1.1e+07	-43.7
-1e+07	-39.189
-9e+06	-36.29
-8e+06	-34.211
-7e+06	-32.652
-6e+06	-31.465
-5e+06	-30.53
-4e+06	-29.839
-3e+06	-29.325
-2e+06	-28.974
-1e+06	-28.77
0	-28.515
1e+06	-28.809
2e+06	-29.044
3e+06	-29.426
4e+06	-29.977
5e+06	-30.7
6e+06	-31.654
7e+06	-32.882
8e+06	-34.472
9e+06	-36.579
1e+07	-39.487
1.1e+07	-44.018
1.2e+07	-53.706
1.3e+07	-53.955
1.4e+07	-44.808
1.5e+07	-40.785
1.6e+07	-38.4
1.7e+07	-36.863
1.8e+07	-35.99
1.9e+07	-35.788
2e+07	-36.33
2.1e+07	-37.671
2.2e+07	-39.68
2.3e+07	-42.153
2.4e+07	-44.9
2.5e+07	-48.286
2.6e+07	-51.052
2.7e+07	-54.398
2.8e+07	-57.8
2.9e+07	-61.417
3e+07	-64.744
3.1e+07	-67.951
3.2e+07	-71.579
3.3e+07	-74.118
3.4e+07	-76.731
3.5e+07	-79.009
3.6e+07	-82.446
3.7e+07	-84.249
3.8e+07	-83.524
3.9e+07	-82.9
4e+07	-82.166
4.1e+07	-80.819
4.2e+07	-81.783
4.3e+07	-81.908
4.4e+07	-82.76
4.5e+07	-84.227
4.6e+07	-83.938
4.7e+07	-83.706
4.8e+07	-83.692
