-4.8e+07	-83.808
-4.7e+07	-83.867
-4.6e+07	-81.683
-4.5e+07	-75.211
-4.4e+07	-70.477
-4.3e+07	-67.551
-4.2e+07	-66.252
-4.1e+07	-66.522
-4e+07	-67.768
-3.9e+07	-70.699
-3.8e+07	-79.125
-3.7e+07	-78.694
-3.6e+07	-69.126
-3.5e+07	-64.851
-3.4e+07	-61.311
-3.3e+07	-58.387
-3.2e+07	-55.363
-3.1e+07	-52.201
-3e+07	-48.787
-2.9e+07	-45.305
-2.8e+07	-41.811
-2.7e+07	-38.388
-2.6e+07	-35.096
-2.5e+07	-32.334
-2.4e+07	-28.975
-2.3e+07	-26.215
-2.2e+07	-23.758
-2.1e+07	-21.778
-2e+07	-20.455
-1.9e+07	-19.929
-1.8e+07	-20.154
-1.7e+07	-21.041
-1.6e+07	-22.6
-1.5e+07	-25.02
-1.4e+07	-29.056
-1.3e+07	-38.277
-1.2e+07	-38.037
-1.1e+07	-28.341
-1e+07	-23.833
-9e+06	-20.942
-8e+06	-18.863
-7e+06	-17.304
-6e+06	-16.11
-5e+06	-15.181
-4e+06	-14.486
-3e+06	-13.969
-2e+06	-13.616
-1e+06	-13.41
0	-13.146
1e+06	-13.44
2e+06	-13.675
3e+06	-14.056
4e+06	-14.601
5e+06	-15.323
6e+06	-16.276
7e+06	-17.506
8e+06	-19.093
9e+06	-21.195
1e+07	-24.116
1.1e+07	-28.647
1.2e+07	-38.364
1.3e+07	-38.632
1.4e+07	-29.43
1.5e+07	-25.408
1.6e+07	-23.009
1.7e+07	-21.471
1.8e+07	-20.601
1.9e+07	-20.398
2e+07	-20.939
2.1e+07	-22.276
2.2e+07	-24.272
2.3e+07	-26.743
2.4e+07	-29.519
2.5e+07	-32.904
2.6e+07	-35.664
2.7e+07	-38.955
2.8e+07	-42.368
2.9e+07	-45.834
3e+07	-49.324
3.1e+07	-52.684
3.2e+07	-55.739
3.3e+07	-58.591
3.4e+07	-61.302
3.5e+07	-64.505
3.6e+07	-69.428
3.7e+07	-77.625
3.8e+07	-79.408
3.9e+07	-70.659
4e+07	-67.706
4.1e+07	-66.69
4.2e+07	-66.77
4.3e+07	-67.958
4.4e+07	-70.748
4.5e+07	-75.731
4.6e+07	-80.013
4.7e+07	-83.94
4.8e+07	-85.355
