-4e+07	-84.231
-3.9e+07	-84.712
-3.8e+07	-84.479
-3.7e+07	-81.536
-3.6e+07	-81.536
-3.5e+07	-79.321
-3.4e+07	-76.746
-3.3e+07	-73.8
-3.2e+07	-70.194
-3.1e+07	-66.992
-3e+07	-63.486
-2.9e+07	-60.614
-2.8e+07	-57.48
-2.7e+07	-54.401
-2.6e+07	-51.322
-2.5e+07	-48.631
-2.4e+07	-45.214
-2.3e+07	-42.242
-2.2e+07	-39.422
-2.1e+07	-36.913
-2e+07	-34.899
-1.9e+07	-33.473
-1.8e+07	-32.531
-1.7e+07	-31.913
-1.6e+07	-31.475
-1.5e+07	-31.114
-1.4e+07	-30.813
-1.3e+07	-30.552
-1.2e+07	-30.324
-1.1e+07	-30.14
-1e+07	-29.989
-9e+06	-29.894
-8e+06	-29.822
-7e+06	-29.782
-6e+06	-29.751
-5e+06	-29.73
-4e+06	-29.728
-3e+06	-29.722
-2e+06	-29.718
-1e+06	-29.72
0	-29.507
1e+06	-29.737
2e+06	-29.759
3e+06	-29.784
4e+06	-29.803
5e+06	-29.826
6e+06	-29.865
7e+06	-29.914
8e+06	-29.973
9e+06	-30.065
1e+07	-30.183
1.1e+07	-30.337
1.2e+07	-30.56
1.3e+07	-30.811
1.4e+07	-31.101
1.5e+07	-31.416
1.6e+07	-31.803
1.7e+07	-32.268
1.8e+07	-32.901
1.9e+07	-33.875
2e+07	-35.335
2.1e+07	-37.366
2.2e+07	-39.892
2.3e+07	-42.729
2.4e+07	-45.74
2.5e+07	-49.178
2.6e+07	-51.871
2.7e+07	-55.016
2.8e+07	-58.004
2.9e+07	-61.118
3e+07	-64.399
3.1e+07	-67.713
3.2e+07	-71.229
3.3e+07	-73.903
3.4e+07	-77.83
3.5e+07	-81.437
3.6e+07	-82.068
3.7e+07	-83.616
3.8e+07	-83.687
3.9e+07	-84.013
4e+07	-85.066
