-4.8e+07	-83.549
-4.7e+07	-82.218
-4.6e+07	-81.177
-4.5e+07	-76.301
-4.4e+07	-71.569
-4.3e+07	-68.82
-4.2e+07	-67.621
-4.1e+07	-67.462
-4e+07	-68.753
-3.9e+07	-71.929
-3.8e+07	-80.029
-3.7e+07	-78.764
-3.6e+07	-70.821
-3.5e+07	-65.865
-3.4e+07	-62.342
-3.3e+07	-59.354
-3.2e+07	-56.385
-3.1e+07	-53.123
-3e+07	-49.688
-2.9e+07	-46.252
-2.8e+07	-42.753
-2.7e+07	-39.333
-2.6e+07	-36.075
-2.5e+07	-33.322
-2.4e+07	-29.987
-2.3e+07	-27.239
-2.2e+07	-24.797
-2.1e+07	-22.83
-2e+07	-21.522
-1.9e+07	-21.01
-1.8e+07	-21.245
-1.7e+07	-22.149
-1.6e+07	-23.717
-1.5e+07	-26.153
-1.4e+07	-30.2
-1.3e+07	-39.449
-1.2e+07	-39.197
-1.1e+07	-29.517
-1e+07	-25.018
-9e+06	-22.131
-8e+06	-20.06
-7e+06	-18.507
-6e+06	-17.311
-5e+06	-16.384
-4e+06	-15.69
-3e+06	-15.178
-2e+06	-14.826
-1e+06	-14.62
0	-14.336
1e+06	-14.65
2e+06	-14.881
3e+06	-15.261
4e+06	-15.801
5e+06	-16.522
6e+06	-17.477
7e+06	-18.698
8e+06	-20.282
9e+06	-22.385
1e+07	-25.303
1.1e+07	-29.817
1.2e+07	-39.556
1.3e+07	-39.814
1.4e+07	-30.61
1.5e+07	-26.594
1.6e+07	-24.191
1.7e+07	-22.658
1.8e+07	-21.784
1.9e+07	-21.583
2e+07	-22.13
2.1e+07	-23.471
2.2e+07	-25.471
2.3e+07	-27.949
2.4e+07	-30.732
2.5e+07	-34.125
2.6e+07	-36.881
2.7e+07	-40.18
2.8e+07	-43.606
2.9e+07	-47.118
3e+07	-50.582
3.1e+07	-53.991
3.2e+07	-57.113
3.3e+07	-59.937
3.4e+07	-62.833
3.5e+07	-65.796
3.6e+07	-70.928
3.7e+07	-79.375
3.8e+07	-79.292
3.9e+07	-72.81
4e+07	-69.474
4.1e+07	-68.617
4.2e+07	-68.339
4.3e+07	-70.376
4.4e+07	-73.097
4.5e+07	-76.954
4.6e+07	-81.605
4.7e+07	-83.14
4.8e+07	-84.658
