-4e+07	-85.615
-3.9e+07	-84.326
-3.8e+07	-84.825
-3.7e+07	-81.73
-3.6e+07	-81.8
-3.5e+07	-80.973
-3.4e+07	-78.198
-3.3e+07	-74.396
-3.2e+07	-71.348
-3.1e+07	-68.153
-3e+07	-64.656
-2.9e+07	-61.41
-2.8e+07	-58.325
-2.7e+07	-55.282
-2.6e+07	-52.121
-2.5e+07	-49.415
-2.4e+07	-46.025
-2.3e+07	-43.046
-2.2e+07	-40.205
-2.1e+07	-37.71
-2e+07	-35.678
-1.9e+07	-34.248
-1.8e+07	-33.281
-1.7e+07	-32.656
-1.6e+07	-32.209
-1.5e+07	-31.837
-1.4e+07	-31.538
-1.3e+07	-31.26
-1.2e+07	-31.021
-1.1e+07	-30.825
-1e+07	-30.659
-9e+06	-30.559
-8e+06	-30.481
-7e+06	-30.428
-6e+06	-30.398
-5e+06	-30.363
-4e+06	-30.356
-3e+06	-30.32
-2e+06	-30.319
-1e+06	-30.307
0	-30.078
1e+06	-30.306
2e+06	-30.324
3e+06	-30.331
4e+06	-30.346
5e+06	-30.354
6e+06	-30.387
7e+06	-30.419
8e+06	-30.47
9e+06	-30.546
1e+07	-30.562
1.1e+07	-30.716
1.2e+07	-30.909
1.3e+07	-31.147
1.4e+07	-31.511
1.5e+07	-31.815
1.6e+07	-32.182
1.7e+07	-32.625
1.8e+07	-33.243
1.9e+07	-34.198
2e+07	-35.63
2.1e+07	-37.655
2.2e+07	-40.165
2.3e+07	-42.982
2.4e+07	-45.953
2.5e+07	-49.398
2.6e+07	-52.087
2.7e+07	-55.196
2.8e+07	-58.196
2.9e+07	-61.395
3e+07	-64.611
3.1e+07	-67.693
3.2e+07	-71.27
3.3e+07	-74.564
3.4e+07	-78.03
3.5e+07	-80.417
3.6e+07	-81.98
3.7e+07	-82.264
3.8e+07	-83.872
3.9e+07	-83.261
4e+07	-84.308
