-4e+07	-83.864
-3.9e+07	-82.274
-3.8e+07	-79.596
-3.7e+07	-75.606
-3.6e+07	-70.878
-3.5e+07	-66.874
-3.4e+07	-63.055
-3.3e+07	-59.344
-3.2e+07	-55.873
-3.1e+07	-52.583
-3e+07	-49.329
-2.9e+07	-46.142
-2.8e+07	-42.974
-2.7e+07	-39.867
-2.6e+07	-36.769
-2.5e+07	-34.079
-2.4e+07	-30.653
-2.3e+07	-27.68
-2.2e+07	-24.86
-2.1e+07	-22.355
-2e+07	-20.327
-1.9e+07	-18.889
-1.8e+07	-17.937
-1.7e+07	-17.311
-1.6e+07	-16.863
-1.5e+07	-16.496
-1.4e+07	-16.191
-1.3e+07	-15.917
-1.2e+07	-15.679
-1.1e+07	-15.485
-1e+07	-15.325
-9e+06	-15.22
-8e+06	-15.141
-7e+06	-15.088
-6e+06	-15.052
-5e+06	-15.02
-4e+06	-15.008
-3e+06	-14.982
-2e+06	-14.978
-1e+06	-14.963
0	-14.721
1e+06	-14.965
2e+06	-14.976
3e+06	-14.987
4e+06	-15.002
5e+06	-15.01
6e+06	-15.039
7e+06	-15.072
8e+06	-15.124
9e+06	-15.199
1e+07	-15.212
1.1e+07	-15.368
1.2e+07	-15.56
1.3e+07	-15.797
1.4e+07	-16.161
1.5e+07	-16.461
1.6e+07	-16.826
1.7e+07	-17.269
1.8e+07	-17.891
1.9e+07	-18.839
2e+07	-20.274
2.1e+07	-22.295
2.2e+07	-24.797
2.3e+07	-27.609
2.4e+07	-30.58
2.5e+07	-34.013
2.6e+07	-36.691
2.7e+07	-39.784
2.8e+07	-42.892
2.9e+07	-45.981
3e+07	-49.204
3.1e+07	-52.474
3.2e+07	-55.752
3.3e+07	-59.21
3.4e+07	-63.101
3.5e+07	-66.559
3.6e+07	-70.542
3.7e+07	-75.473
3.8e+07	-79.17
3.9e+07	-82.454
4e+07	-83.273
