-4.8e+07	-83.286
-4.7e+07	-83.978
-4.6e+07	-82.547
-4.5e+07	-83.538
-4.4e+07	-81.299
-4.3e+07	-83.167
-4.2e+07	-82.623
-4.1e+07	-82.412
-4e+07	-80.812
-3.9e+07	-82.499
-3.8e+07	-83.756
-3.7e+07	-83.915
-3.6e+07	-83.033
-3.5e+07	-81.099
-3.4e+07	-78.976
-3.3e+07	-76.107
-3.2e+07	-73.765
-3.1e+07	-69.818
-3e+07	-66.33
-2.9e+07	-62.826
-2.8e+07	-59.178
-2.7e+07	-55.738
-2.6e+07	-52.32
-2.5e+07	-49.472
-2.4e+07	-46.12
-2.3e+07	-43.337
-2.2e+07	-40.865
-2.1e+07	-39.019
-2e+07	-37.676
-1.9e+07	-37.122
-1.8e+07	-37.326
-1.7e+07	-38.197
-1.6e+07	-39.728
-1.5e+07	-42.146
-1.4e+07	-46.149
-1.3e+07	-55.353
-1.2e+07	-55.093
-1.1e+07	-45.383
-1e+07	-40.856
-9e+06	-37.935
-8e+06	-35.837
-7e+06	-34.255
-6e+06	-33.028
-5e+06	-32.081
-4e+06	-31.362
-3e+06	-30.819
-2e+06	-30.452
-1e+06	-30.208
0	-29.892
1e+06	-30.197
2e+06	-30.417
3e+06	-30.622
4e+06	-31.14
5e+06	-31.844
6e+06	-32.774
7e+06	-34.131
8e+06	-35.694
9e+06	-37.771
1e+07	-40.68
1.1e+07	-45.166
1.2e+07	-54.868
1.3e+07	-55.187
1.4e+07	-45.89
1.5e+07	-41.861
1.6e+07	-39.458
1.7e+07	-37.884
1.8e+07	-36.997
1.9e+07	-36.786
2e+07	-37.31
2.1e+07	-38.663
2.2e+07	-40.643
2.3e+07	-43.087
2.4e+07	-45.86
2.5e+07	-49.219
2.6e+07	-51.957
2.7e+07	-55.227
2.8e+07	-58.615
2.9e+07	-62.157
3e+07	-65.651
3.1e+07	-69.368
3.2e+07	-72.557
3.3e+07	-75.295
3.4e+07	-78.752
3.5e+07	-79.771
3.6e+07	-81.664
3.7e+07	-84.001
3.8e+07	-83.436
3.9e+07	-83.003
4e+07	-80.92
4.1e+07	-82.138
4.2e+07	-81.24
4.3e+07	-82.927
4.4e+07	-83.143
4.5e+07	-83.273
4.6e+07	-83.135
4.7e+07	-82.869
4.8e+07	-84.163
