-4e+07	-84.245
-3.9e+07	-82.786
-3.8e+07	-79.141
-3.7e+07	-74.546
-3.6e+07	-71.333
-3.5e+07	-66.703
-3.4e+07	-62.758
-3.3e+07	-59.072
-3.2e+07	-55.751
-3.1e+07	-52.339
-3e+07	-49.038
-2.9e+07	-45.834
-2.8e+07	-42.677
-2.7e+07	-39.551
-2.6e+07	-36.246
-2.5e+07	-33.525
-2.4e+07	-30.095
-2.3e+07	-27.102
-2.2e+07	-24.273
-2.1e+07	-21.945
-2e+07	-19.904
-1.9e+07	-18.448
-1.8e+07	-17.478
-1.7e+07	-16.838
-1.6e+07	-16.373
-1.5e+07	-15.991
-1.4e+07	-15.672
-1.3e+07	-15.383
-1.2e+07	-15.132
-1.1e+07	-14.926
-1e+07	-14.755
-9e+06	-14.637
-8e+06	-14.548
-7e+06	-14.486
-6e+06	-14.443
-5e+06	-14.403
-4e+06	-14.384
-3e+06	-14.364
-2e+06	-14.344
-1e+06	-14.306
0	-14.07
1e+06	-14.321
2e+06	-14.331
3e+06	-14.15
4e+06	-14.161
5e+06	-14.171
6e+06	-14.199
7e+06	-14.426
8e+06	-14.478
9e+06	-14.554
1e+07	-14.661
1.1e+07	-14.818
1.2e+07	-15.014
1.3e+07	-15.251
1.4e+07	-15.525
1.5e+07	-15.83
1.6e+07	-16.198
1.7e+07	-16.646
1.8e+07	-17.269
1.9e+07	-18.222
2e+07	-19.662
2.1e+07	-21.689
2.2e+07	-24.195
2.3e+07	-27.016
2.4e+07	-29.986
2.5e+07	-33.42
2.6e+07	-36.101
2.7e+07	-39.182
2.8e+07	-42.288
2.9e+07	-45.451
3e+07	-48.595
3.1e+07	-51.826
3.2e+07	-55.177
3.3e+07	-58.664
3.4e+07	-62.426
3.5e+07	-66.198
3.6e+07	-70.134
3.7e+07	-74.64
3.8e+07	-79.743
3.9e+07	-83.662
4e+07	-83.419
