-4e+07	-83.399
-3.9e+07	-83.073
-3.8e+07	-83.351
-3.7e+07	-82.606
-3.6e+07	-82.335
-3.5e+07	-78.925
-3.4e+07	-76.336
-3.3e+07	-73.98
-3.2e+07	-70.405
-3.1e+07	-67.068
-3e+07	-63.765
-2.9e+07	-60.444
-2.8e+07	-57.46
-2.7e+07	-54.288
-2.6e+07	-51.23
-2.5e+07	-48.561
-2.4e+07	-45.118
-2.3e+07	-42.15
-2.2e+07	-39.318
-2.1e+07	-36.821
-2e+07	-34.791
-1.9e+07	-33.352
-1.8e+07	-32.403
-1.7e+07	-31.784
-1.6e+07	-31.329
-1.5e+07	-30.967
-1.4e+07	-30.669
-1.3e+07	-30.394
-1.2e+07	-30.156
-1.1e+07	-29.967
-1e+07	-29.807
-9e+06	-29.708
-8e+06	-29.628
-7e+06	-29.579
-6e+06	-29.544
-5e+06	-29.517
-4e+06	-29.509
-3e+06	-29.496
-2e+06	-29.481
-1e+06	-29.475
0	-29.249
1e+06	-29.477
2e+06	-29.491
3e+06	-29.483
4e+06	-29.522
5e+06	-29.533
6e+06	-29.565
7e+06	-29.602
8e+06	-29.657
9e+06	-29.736
1e+07	-29.845
1.1e+07	-30.006
1.2e+07	-30.209
1.3e+07	-30.447
1.4e+07	-30.727
1.5e+07	-31.039
1.6e+07	-31.41
1.7e+07	-31.849
1.8e+07	-32.498
1.9e+07	-33.464
2e+07	-34.897
2.1e+07	-36.935
2.2e+07	-39.446
2.3e+07	-42.289
2.4e+07	-45.261
2.5e+07	-48.734
2.6e+07	-51.478
2.7e+07	-54.509
2.8e+07	-57.593
2.9e+07	-60.837
3e+07	-64.074
3.1e+07	-67.346
3.2e+07	-70.423
3.3e+07	-73.566
3.4e+07	-76.488
3.5e+07	-81.173
3.6e+07	-83.887
3.7e+07	-82.038
3.8e+07	-83.28
3.9e+07	-82.613
4e+07	-84.426
