-4.8e+07	-82.446
-4.7e+07	-83.979
-4.6e+07	-81.406
-4.5e+07	-77.439
-4.4e+07	-73.549
-4.3e+07	-70.423
-4.2e+07	-69.101
-4.1e+07	-69.44
-4e+07	-70.044
-3.9e+07	-73.564
-3.8e+07	-80.961
-3.7e+07	-80.887
-3.6e+07	-71.584
-3.5e+07	-66.898
-3.4e+07	-63.43
-3.3e+07	-60.173
-3.2e+07	-56.957
-3.1e+07	-53.563
-3e+07	-50.105
-2.9e+07	-46.499
-2.8e+07	-42.977
-2.7e+07	-39.554
-2.6e+07	-36.279
-2.5e+07	-33.511
-2.4e+07	-30.165
-2.3e+07	-27.402
-2.2e+07	-24.948
-2.1e+07	-22.969
-2e+07	-21.647
-1.9e+07	-21.119
-1.8e+07	-21.343
-1.7e+07	-22.235
-1.6e+07	-23.787
-1.5e+07	-26.216
-1.4e+07	-30.248
-1.3e+07	-39.474
-1.2e+07	-39.24
-1.1e+07	-29.533
-1e+07	-25.022
-9e+06	-22.125
-8e+06	-20.041
-7e+06	-18.477
-6e+06	-17.271
-5e+06	-16.334
-4e+06	-15.627
-3e+06	-15.1
-2e+06	-14.733
-1e+06	-14.514
0	-14.202
1e+06	-14.515
2e+06	-14.732
3e+06	-15.084
4e+06	-15.622
5e+06	-16.329
6e+06	-17.268
7e+06	-18.473
8e+06	-20.039
9e+06	-22.124
1e+07	-25.025
1.1e+07	-29.532
1.2e+07	-39.238
1.3e+07	-39.485
1.4e+07	-30.268
1.5e+07	-26.234
1.6e+07	-23.821
1.7e+07	-22.26
1.8e+07	-21.387
1.9e+07	-21.173
2e+07	-21.707
2.1e+07	-23.038
2.2e+07	-25.03
2.3e+07	-27.495
2.4e+07	-30.269
2.5e+07	-33.651
2.6e+07	-36.409
2.7e+07	-39.709
2.8e+07	-43.124
2.9e+07	-46.635
3e+07	-50.231
3.1e+07	-53.696
3.2e+07	-56.976
3.3e+07	-60.087
3.4e+07	-63.202
3.5e+07	-66.578
3.6e+07	-71.355
3.7e+07	-79.721
3.8e+07	-80.152
3.9e+07	-73.846
4e+07	-70.36
4.1e+07	-69.095
4.2e+07	-69.128
4.3e+07	-70.581
4.4e+07	-73.27
4.5e+07	-77.652
4.6e+07	-82.509
4.7e+07	-83.812
4.8e+07	-83.281
