-4.8e+07	-82.048
-4.7e+07	-83.122
-4.6e+07	-81.058
-4.5e+07	-77.826
-4.4e+07	-74.103
-4.3e+07	-71.448
-4.2e+07	-69.771
-4.1e+07	-69.77
-4e+07	-71.361
-3.9e+07	-75.172
-3.8e+07	-80.558
-3.7e+07	-81.425
-3.6e+07	-72.286
-3.5e+07	-67.947
-3.4e+07	-64.233
-3.3e+07	-60.822
-3.2e+07	-57.71
-3.1e+07	-54.187
-3e+07	-50.653
-2.9e+07	-47.062
-2.8e+07	-43.511
-2.7e+07	-40.086
-2.6e+07	-36.806
-2.5e+07	-34.03
-2.4e+07	-30.684
-2.3e+07	-27.919
-2.2e+07	-25.467
-2.1e+07	-23.488
-2e+07	-22.314
-1.9e+07	-21.788
-1.8e+07	-22.007
-1.7e+07	-22.894
-1.6e+07	-24.451
-1.5e+07	-26.87
-1.4e+07	-30.912
-1.3e+07	-40.142
-1.2e+07	-39.89
-1.1e+07	-30.201
-1e+07	-25.702
-9e+06	-22.805
-8e+06	-20.728
-7e+06	-19.167
-6e+06	-17.969
-5e+06	-17.04
-4e+06	-16.342
-3e+06	-15.825
-2e+06	-15.469
-1e+06	-15.261
0	-14.967
1e+06	-15.285
2e+06	-15.514
3e+06	-15.89
4e+06	-16.429
5e+06	-17.146
6e+06	-18.094
7e+06	-19.311
8e+06	-20.887
9e+06	-22.982
1e+07	-25.889
1.1e+07	-30.409
1.2e+07	-40.116
1.3e+07	-40.377
1.4e+07	-31.156
1.5e+07	-27.128
1.6e+07	-24.723
1.7e+07	-23.18
1.8e+07	-22.298
1.9e+07	-22.085
2e+07	-22.621
2.1e+07	-23.953
2.2e+07	-25.939
2.3e+07	-28.404
2.4e+07	-31.17
2.5e+07	-34.538
2.6e+07	-37.292
2.7e+07	-40.591
2.8e+07	-43.999
2.9e+07	-47.515
3e+07	-50.978
3.1e+07	-54.504
3.2e+07	-57.97
3.3e+07	-61.055
3.4e+07	-64.038
3.5e+07	-67.451
3.6e+07	-71.821
3.7e+07	-80.606
3.8e+07	-79.301
3.9e+07	-74.126
4e+07	-71.673
4.1e+07	-70.25
4.2e+07	-69.87
4.3e+07	-71.943
4.4e+07	-73.698
4.5e+07	-79.092
4.6e+07	-82.069
4.7e+07	-82.435
4.8e+07	-82.965
