-4.8e+07	-82.701
-4.7e+07	-82.165
-4.6e+07	-82.953
-4.5e+07	-83.532
-4.4e+07	-82.875
-4.3e+07	-82.39
-4.2e+07	-81.776
-4.1e+07	-81.53
-4e+07	-81.565
-3.9e+07	-82.804
-3.8e+07	-81.926
-3.7e+07	-82.881
-3.6e+07	-82.126
-3.5e+07	-81.269
-3.4e+07	-79.128
-3.3e+07	-76.079
-3.2e+07	-73.103
-3.1e+07	-69.77
-3e+07	-66.05
-2.9e+07	-62.491
-2.8e+07	-58.879
-2.7e+07	-55.487
-2.6e+07	-52.122
-2.5e+07	-49.406
-2.4e+07	-46.015
-2.3e+07	-43.262
-2.2e+07	-40.819
-2.1e+07	-38.843
-2e+07	-37.663
-1.9e+07	-37.138
-1.8e+07	-37.362
-1.7e+07	-38.247
-1.6e+07	-39.798
-1.5e+07	-42.213
-1.4e+07	-46.245
-1.3e+07	-55.417
-1.2e+07	-55.235
-1.1e+07	-45.516
-1e+07	-41.039
-9e+06	-38.156
-8e+06	-36.068
-7e+06	-34.515
-6e+06	-33.307
-5e+06	-32.384
-4e+06	-31.685
-3e+06	-31.17
-2e+06	-30.811
-1e+06	-30.603
0	-30.318
1e+06	-30.625
2e+06	-30.855
3e+06	-31.237
4e+06	-31.769
5e+06	-32.49
6e+06	-33.446
7e+06	-34.656
8e+06	-36.242
9e+06	-38.334
1e+07	-41.224
1.1e+07	-45.734
1.2e+07	-55.47
1.3e+07	-55.746
1.4e+07	-46.452
1.5e+07	-42.465
1.6e+07	-40.066
1.7e+07	-38.525
1.8e+07	-37.649
1.9e+07	-37.438
2e+07	-37.971
2.1e+07	-39.305
2.2e+07	-41.298
2.3e+07	-43.755
2.4e+07	-46.509
2.5e+07	-49.897
2.6e+07	-52.648
2.7e+07	-55.849
2.8e+07	-59.298
2.9e+07	-62.842
3e+07	-66.521
3.1e+07	-70.183
3.2e+07	-73.616
3.3e+07	-76.603
3.4e+07	-78.299
3.5e+07	-81.151
3.6e+07	-81.985
3.7e+07	-82.342
3.8e+07	-83.415
3.9e+07	-82.581
4e+07	-82.572
4.1e+07	-81.803
4.2e+07	-82.039
4.3e+07	-81.176
4.4e+07	-82.503
4.5e+07	-82.318
4.6e+07	-83.392
4.7e+07	-83.121
4.8e+07	-83.019
