-4e+07	-83.197
-3.9e+07	-81.9
-3.8e+07	-79.333
-3.7e+07	-75.876
-3.6e+07	-70.986
-3.5e+07	-67.069
-3.4e+07	-63.388
-3.3e+07	-59.622
-3.2e+07	-56.251
-3.1e+07	-52.895
-3e+07	-49.54
-2.9e+07	-46.386
-2.8e+07	-43.241
-2.7e+07	-40.123
-2.6e+07	-37.041
-2.5e+07	-34.32
-2.4e+07	-30.902
-2.3e+07	-27.897
-2.2e+07	-25.095
-2.1e+07	-22.582
-2e+07	-20.547
-1.9e+07	-19.096
-1.8e+07	-18.135
-1.7e+07	-17.501
-1.6e+07	-17.044
-1.5e+07	-16.669
-1.4e+07	-16.356
-1.3e+07	-16.074
-1.2e+07	-15.829
-1.1e+07	-15.628
-1e+07	-15.463
-9e+06	-15.343
-8e+06	-15.27
-7e+06	-15.213
-6e+06	-15.176
-5e+06	-15.144
-4e+06	-15.133
-3e+06	-15.117
-2e+06	-15.105
-1e+06	-14.957
0	-14.863
1e+06	-15.1
2e+06	-15.112
3e+06	-15.127
4e+06	-15.144
5e+06	-15.157
6e+06	-15.168
7e+06	-15.232
8e+06	-15.289
9e+06	-15.374
1e+07	-15.464
1.1e+07	-15.654
1.2e+07	-15.857
1.3e+07	-16.103
1.4e+07	-16.387
1.5e+07	-16.7
1.6e+07	-17.078
1.7e+07	-17.534
1.8e+07	-18.169
1.9e+07	-19.131
2e+07	-20.579
2.1e+07	-22.615
2.2e+07	-25.132
2.3e+07	-27.958
2.4e+07	-30.94
2.5e+07	-34.384
2.6e+07	-37.072
2.7e+07	-40.162
2.8e+07	-43.267
2.9e+07	-46.409
3e+07	-49.568
3.1e+07	-52.818
3.2e+07	-56.237
3.3e+07	-59.663
3.4e+07	-63.057
3.5e+07	-67.219
3.6e+07	-71.061
3.7e+07	-75.339
3.8e+07	-79.022
3.9e+07	-82.613
4e+07	-82.287
