-4.8e+07	-82.81
-4.7e+07	-82.829
-4.6e+07	-83.467
-4.5e+07	-82.797
-4.4e+07	-83.047
-4.3e+07	-81.633
-4.2e+07	-82.4
-4.1e+07	-82.129
-4e+07	-81.751
-3.9e+07	-82.836
-3.8e+07	-83.157
-3.7e+07	-83.704
-3.6e+07	-82.715
-3.5e+07	-81.203
-3.4e+07	-79.767
-3.3e+07	-76.752
-3.2e+07	-74.334
-3.1e+07	-70.692
-3e+07	-66.94
-2.9e+07	-63.141
-2.8e+07	-59.582
-2.7e+07	-56.16
-2.6e+07	-52.888
-2.5e+07	-50.094
-2.4e+07	-46.74
-2.3e+07	-43.981
-2.2e+07	-41.528
-2.1e+07	-39.548
-2e+07	-38.224
-1.9e+07	-37.681
-1.8e+07	-37.894
-1.7e+07	-38.765
-1.6e+07	-40.308
-1.5e+07	-42.732
-1.4e+07	-46.746
-1.3e+07	-55.966
-1.2e+07	-55.663
-1.1e+07	-46.003
-1e+07	-41.489
-9e+06	-38.585
-8e+06	-36.499
-7e+06	-34.92
-6e+06	-33.715
-5e+06	-32.766
-4e+06	-32.064
-3e+06	-31.531
-2e+06	-31.167
-1e+06	-30.792
0	-30.657
1e+06	-30.946
2e+06	-31.167
3e+06	-31.524
4e+06	-32.053
5e+06	-32.755
6e+06	-33.683
7e+06	-34.909
8e+06	-36.489
9e+06	-38.57
1e+07	-41.455
1.1e+07	-45.97
1.2e+07	-55.713
1.3e+07	-55.896
1.4e+07	-46.707
1.5e+07	-42.694
1.6e+07	-40.293
1.7e+07	-38.753
1.8e+07	-37.873
1.9e+07	-37.675
2e+07	-38.206
2.1e+07	-39.543
2.2e+07	-41.535
2.3e+07	-44.002
2.4e+07	-46.798
2.5e+07	-50.127
2.6e+07	-52.866
2.7e+07	-56.208
2.8e+07	-59.573
2.9e+07	-63.22
3e+07	-66.675
3.1e+07	-70.325
3.2e+07	-72.962
3.3e+07	-76.498
3.4e+07	-77.681
3.5e+07	-80.055
3.6e+07	-81.089
3.7e+07	-81.605
3.8e+07	-81.326
3.9e+07	-82.739
4e+07	-80.911
4.1e+07	-81.398
4.2e+07	-81.542
4.3e+07	-81.792
4.4e+07	-81.576
4.5e+07	-82.32
4.6e+07	-82.176
4.7e+07	-82.063
4.8e+07	-81.622
