-4e+07	-82.981
-3.9e+07	-81.856
-3.8e+07	-80.419
-3.7e+07	-76.88
-3.6e+07	-71.298
-3.5e+07	-66.959
-3.4e+07	-63.194
-3.3e+07	-59.529
-3.2e+07	-56.065
-3.1e+07	-52.745
-3e+07	-49.443
-2.9e+07	-46.266
-2.8e+07	-43.137
-2.7e+07	-40.048
-2.6e+07	-36.952
-2.5e+07	-34.259
-2.4e+07	-30.81
-2.3e+07	-27.8
-2.2e+07	-24.949
-2.1e+07	-22.406
-2e+07	-20.344
-1.9e+07	-18.865
-1.8e+07	-17.877
-1.7e+07	-17.196
-1.6e+07	-16.733
-1.5e+07	-16.327
-1.4e+07	-15.985
-1.3e+07	-15.672
-1.2e+07	-15.397
-1.1e+07	-16.07
-1e+07	-15.938
-9e+06	-15.797
-8e+06	-15.626
-7e+06	-15.588
-6e+06	-15.512
-5e+06	-15.44
-4e+06	-15.386
-3e+06	-15.331
-2e+06	-15.274
-1e+06	-15.218
0	-14.944
1e+06	-15.178
2e+06	-15.189
3e+06	-15.201
4e+06	-15.215
5e+06	-15.223
6e+06	-15.253
7e+06	-15.288
8e+06	-15.341
9e+06	-15.419
1e+07	-15.462
1.1e+07	-15.684
1.2e+07	-15.881
1.3e+07	-16.12
1.4e+07	-16.395
1.5e+07	-16.703
1.6e+07	-17.074
1.7e+07	-17.523
1.8e+07	-18.153
1.9e+07	-19.115
2e+07	-20.489
2.1e+07	-22.596
2.2e+07	-25.109
2.3e+07	-27.928
2.4e+07	-30.915
2.5e+07	-34.364
2.6e+07	-37.057
2.7e+07	-40.17
2.8e+07	-43.285
2.9e+07	-46.429
3e+07	-49.646
3.1e+07	-52.943
3.2e+07	-56.168
3.3e+07	-59.615
3.4e+07	-63.363
3.5e+07	-67.085
3.6e+07	-71.147
3.7e+07	-74.485
3.8e+07	-79.073
3.9e+07	-79.718
4e+07	-81.096
