-4.8e+07	-81.177
-4.7e+07	-82.132
-4.6e+07	-82.829
-4.5e+07	-82.344
-4.4e+07	-81.22
-4.3e+07	-81.472
-4.2e+07	-81.068
-4.1e+07	-81.056
-4e+07	-81.554
-3.9e+07	-80.805
-3.8e+07	-82.337
-3.7e+07	-82.719
-3.6e+07	-80.785
-3.5e+07	-81.513
-3.4e+07	-78.11
-3.3e+07	-76.762
-3.2e+07	-73.347
-3.1e+07	-69.673
-3e+07	-66.796
-2.9e+07	-62.78
-2.8e+07	-59.251
-2.7e+07	-55.808
-2.6e+07	-52.566
-2.5e+07	-49.822
-2.4e+07	-46.576
-2.3e+07	-43.894
-2.2e+07	-41.524
-2.1e+07	-39.622
-2e+07	-38.385
-1.9e+07	-37.919
-1.8e+07	-38.207
-1.7e+07	-39.175
-1.6e+07	-40.808
-1.5e+07	-43.316
-1.4e+07	-47.394
-1.3e+07	-56.685
-1.2e+07	-56.6
-1.1e+07	-44.921
-1e+07	-40.721
-9e+06	-37.903
-8e+06	-35.79
-7e+06	-34.424
-6e+06	-33.29
-5e+06	-32.426
-4e+06	-31.807
-3e+06	-31.358
-2e+06	-31.074
-1e+06	-30.927
0	-30.71
1e+06	-31.014
2e+06	-31.231
3e+06	-31.604
4e+06	-32.134
5e+06	-32.838
6e+06	-33.767
7e+06	-34.985
8e+06	-36.566
9e+06	-38.639
1e+07	-41.454
1.1e+07	-46.033
1.2e+07	-55.717
1.3e+07	-55.992
1.4e+07	-46.758
1.5e+07	-42.753
1.6e+07	-40.34
1.7e+07	-38.775
1.8e+07	-37.914
1.9e+07	-37.696
2e+07	-38.064
2.1e+07	-39.564
2.2e+07	-41.551
2.3e+07	-44.01
2.4e+07	-46.792
2.5e+07	-50.152
2.6e+07	-52.937
2.7e+07	-56.185
2.8e+07	-59.512
2.9e+07	-63.316
3e+07	-66.813
3.1e+07	-70.148
3.2e+07	-73.27
3.3e+07	-76.059
3.4e+07	-77.878
3.5e+07	-80.432
3.6e+07	-81.978
3.7e+07	-82.786
3.8e+07	-82.4
3.9e+07	-82.523
4e+07	-81.06
4.1e+07	-81.728
4.2e+07	-82.323
4.3e+07	-81.722
4.4e+07	-81.593
4.5e+07	-81.804
4.6e+07	-83.106
4.7e+07	-82.322
4.8e+07	-82.864
