-4.8e+07	-82.131
-4.7e+07	-82.008
-4.6e+07	-81.506
-4.5e+07	-79.535
-4.4e+07	-75.629
-4.3e+07	-72.272
-4.2e+07	-71.476
-4.1e+07	-71.83
-4e+07	-72.778
-3.9e+07	-75.179
-3.8e+07	-80.792
-3.7e+07	-81.17
-3.6e+07	-74.155
-3.5e+07	-68.979
-3.4e+07	-65.731
-3.3e+07	-62.309
-3.2e+07	-58.967
-3.1e+07	-55.515
-3e+07	-51.868
-2.9e+07	-48.229
-2.8e+07	-44.766
-2.7e+07	-41.358
-2.6e+07	-38.061
-2.5e+07	-35.278
-2.4e+07	-31.939
-2.3e+07	-29.179
-2.2e+07	-26.722
-2.1e+07	-24.747
-2e+07	-23.421
-1.9e+07	-22.881
-1.8e+07	-23.112
-1.7e+07	-24.005
-1.6e+07	-25.562
-1.5e+07	-27.985
-1.4e+07	-32.027
-1.3e+07	-41.262
-1.2e+07	-41.022
-1.1e+07	-31.322
-1e+07	-26.823
-9e+06	-23.938
-8e+06	-21.865
-7e+06	-20.309
-6e+06	-19.111
-5e+06	-18.186
-4e+06	-17.491
-3e+06	-16.976
-2e+06	-16.621
-1e+06	-16.414
0	-16.101
1e+06	-16.448
2e+06	-16.685
3e+06	-17.069
4e+06	-17.61
5e+06	-18.334
6e+06	-19.288
7e+06	-20.512
8e+06	-21.908
9e+06	-24.201
1e+07	-27.112
1.1e+07	-31.631
1.2e+07	-41.341
1.3e+07	-41.605
1.4e+07	-32.399
1.5e+07	-28.38
1.6e+07	-25.972
1.7e+07	-24.434
1.8e+07	-23.557
1.9e+07	-23.348
2e+07	-23.889
2.1e+07	-25.222
2.2e+07	-27.215
2.3e+07	-29.677
2.4e+07	-32.454
2.5e+07	-35.813
2.6e+07	-38.577
2.7e+07	-41.873
2.8e+07	-45.277
2.9e+07	-48.776
3e+07	-52.378
3.1e+07	-55.92
3.2e+07	-59.455
3.3e+07	-62.553
3.4e+07	-65.475
3.5e+07	-69.081
3.6e+07	-73.47
3.7e+07	-80.969
3.8e+07	-81.204
3.9e+07	-75.559
4e+07	-72.857
4.1e+07	-71.431
4.2e+07	-71.704
4.3e+07	-72.516
4.4e+07	-74.908
4.5e+07	-79.079
4.6e+07	-81.292
4.7e+07	-82.209
4.8e+07	-81.746
