-4e+07	-81.116
-3.9e+07	-79.355
-3.8e+07	-81.358
-3.7e+07	-80.234
-3.6e+07	-79.502
-3.5e+07	-79.77
-3.4e+07	-78.533
-3.3e+07	-75.251
-3.2e+07	-71.536
-3.1e+07	-68.749
-3e+07	-65.316
-2.9e+07	-62.336
-2.8e+07	-59.077
-2.7e+07	-55.893
-2.6e+07	-52.854
-2.5e+07	-50.153
-2.4e+07	-46.769
-2.3e+07	-43.801
-2.2e+07	-40.962
-2.1e+07	-38.453
-2e+07	-36.42
-1.9e+07	-34.962
-1.8e+07	-34.024
-1.7e+07	-33.403
-1.6e+07	-32.952
-1.5e+07	-32.592
-1.4e+07	-32.294
-1.3e+07	-32.018
-1.2e+07	-31.786
-1.1e+07	-31.606
-1e+07	-31.454
-9e+06	-31.353
-8e+06	-31.284
-7e+06	-31.242
-6e+06	-31.22
-5e+06	-31.204
-4e+06	-31.203
-3e+06	-31.21
-2e+06	-31.197
-1e+06	-31.198
0	-30.848
1e+06	-31.233
2e+06	-31.264
3e+06	-31.296
4e+06	-31.32
5e+06	-31.358
6e+06	-31.394
7e+06	-31.45
8e+06	-31.279
9e+06	-31.617
1e+07	-31.729
1.1e+07	-31.902
1.2e+07	-32.113
1.3e+07	-32.364
1.4e+07	-32.648
1.5e+07	-32.966
1.6e+07	-33.353
1.7e+07	-33.807
1.8e+07	-34.434
1.9e+07	-35.401
2e+07	-36.847
2.1e+07	-38.898
2.2e+07	-41.394
2.3e+07	-44.241
2.4e+07	-47.257
2.5e+07	-50.587
2.6e+07	-53.351
2.7e+07	-56.298
2.8e+07	-59.551
2.9e+07	-62.722
3e+07	-66.031
3.1e+07	-68.899
3.2e+07	-72.349
3.3e+07	-76.486
3.4e+07	-78.437
3.5e+07	-79.199
3.6e+07	-79.726
3.7e+07	-80.484
3.8e+07	-80.482
3.9e+07	-80.21
4e+07	-79.417
