-4.8e+07	-81.959
-4.7e+07	-82.454
-4.6e+07	-82.179
-4.5e+07	-80.915
-4.4e+07	-82.793
-4.3e+07	-81.434
-4.2e+07	-81.226
-4.1e+07	-81.403
-4e+07	-81.657
-3.9e+07	-80.984
-3.8e+07	-81.893
-3.7e+07	-82.643
-3.6e+07	-82.555
-3.5e+07	-81.459
-3.4e+07	-79.432
-3.3e+07	-77.906
-3.2e+07	-74.701
-3.1e+07	-71.441
-3e+07	-68.317
-2.9e+07	-64.754
-2.8e+07	-61.34
-2.7e+07	-57.847
-2.6e+07	-54.383
-2.5e+07	-51.627
-2.4e+07	-48.274
-2.3e+07	-45.557
-2.2e+07	-43.107
-2.1e+07	-41.12
-2e+07	-39.774
-1.9e+07	-39.248
-1.8e+07	-39.457
-1.7e+07	-40.322
-1.6e+07	-41.869
-1.5e+07	-44.283
-1.4e+07	-48.277
-1.3e+07	-57.446
-1.2e+07	-57.223
-1.1e+07	-47.547
-1e+07	-43.029
-9e+06	-40.123
-8e+06	-38.034
-7e+06	-36.448
-6e+06	-35.242
-5e+06	-34.293
-4e+06	-33.575
-3e+06	-33.036
-2e+06	-32.657
-1e+06	-32.43
0	-32.127
1e+06	-32.428
2e+06	-32.646
3e+06	-33.008
4e+06	-33.535
5e+06	-33.643
6e+06	-35.181
7e+06	-36.394
8e+06	-37.958
9e+06	-40.057
1e+07	-42.939
1.1e+07	-47.452
1.2e+07	-57.12
1.3e+07	-57.372
1.4e+07	-48.171
1.5e+07	-44.123
1.6e+07	-41.726
1.7e+07	-40.18
1.8e+07	-39.299
1.9e+07	-39.087
2e+07	-39.611
2.1e+07	-40.931
2.2e+07	-42.919
2.3e+07	-45.354
2.4e+07	-48.121
2.5e+07	-51.538
2.6e+07	-54.276
2.7e+07	-57.53
2.8e+07	-60.985
2.9e+07	-64.626
3e+07	-68.002
3.1e+07	-71.62
3.2e+07	-73.982
3.3e+07	-78.204
3.4e+07	-79.902
3.5e+07	-80.71
3.6e+07	-82.927
3.7e+07	-81.76
3.8e+07	-82.84
3.9e+07	-82.158
4e+07	-81.476
4.1e+07	-82.883
4.2e+07	-81.821
4.3e+07	-82.09
4.4e+07	-82.307
4.5e+07	-83.48
4.6e+07	-82.88
4.7e+07	-82.666
4.8e+07	-83.719
