-4.8e+07	-81.767
-4.7e+07	-83.065
-4.6e+07	-82.366
-4.5e+07	-80.027
-4.4e+07	-75.566
-4.3e+07	-73.96
-4.2e+07	-72.513
-4.1e+07	-72.829
-4e+07	-74.194
-3.9e+07	-75.837
-3.8e+07	-81.662
-3.7e+07	-80.701
-3.6e+07	-75.733
-3.5e+07	-70.848
-3.4e+07	-66.896
-3.3e+07	-63.548
-3.2e+07	-60.203
-3.1e+07	-56.718
-3e+07	-53.058
-2.9e+07	-49.396
-2.8e+07	-45.865
-2.7e+07	-42.421
-2.6e+07	-39.152
-2.5e+07	-36.372
-2.4e+07	-33.013
-2.3e+07	-30.252
-2.2e+07	-27.792
-2.1e+07	-25.806
-2e+07	-24.473
-1.9e+07	-23.938
-1.8e+07	-24.146
-1.7e+07	-25.024
-1.6e+07	-26.562
-1.5e+07	-28.973
-1.4e+07	-33.002
-1.3e+07	-42.217
-1.2e+07	-41.936
-1.1e+07	-32.243
-1e+07	-27.729
-9e+06	-24.825
-8e+06	-22.733
-7e+06	-21.151
-6e+06	-19.936
-5e+06	-18.987
-4e+06	-18.272
-3e+06	-17.735
-2e+06	-17.36
-1e+06	-17.13
0	-16.813
1e+06	-17.125
2e+06	-17.34
3e+06	-17.706
4e+06	-18.237
5e+06	-18.342
6e+06	-19.88
7e+06	-21.085
8e+06	-22.653
9e+06	-24.739
1e+07	-27.634
1.1e+07	-32.142
1.2e+07	-41.842
1.3e+07	-42.094
1.4e+07	-32.871
1.5e+07	-28.836
1.6e+07	-26.428
1.7e+07	-24.877
1.8e+07	-23.993
1.9e+07	-23.78
2e+07	-24.309
2.1e+07	-25.64
2.2e+07	-27.623
2.3e+07	-30.083
2.4e+07	-32.849
2.5e+07	-36.211
2.6e+07	-38.975
2.7e+07	-42.248
2.8e+07	-45.648
2.9e+07	-49.188
3e+07	-52.778
3.1e+07	-56.467
3.2e+07	-59.315
3.3e+07	-62.949
3.4e+07	-66.043
3.5e+07	-69.431
3.6e+07	-74.125
3.7e+07	-80.916
3.8e+07	-81.751
3.9e+07	-76.132
4e+07	-73.364
4.1e+07	-72.123
4.2e+07	-72.435
4.3e+07	-73.1
4.4e+07	-75.897
4.5e+07	-79.498
4.6e+07	-83.177
4.7e+07	-83.562
4.8e+07	-82.792
