-4e+07	-82.447
-3.9e+07	-81.882
-3.8e+07	-80.108
-3.7e+07	-76.582
-3.6e+07	-72.768
-3.5e+07	-68.18
-3.4e+07	-64.626
-3.3e+07	-60.845
-3.2e+07	-57.352
-3.1e+07	-54.051
-3e+07	-50.742
-2.9e+07	-47.558
-2.8e+07	-44.407
-2.7e+07	-41.309
-2.6e+07	-38.202
-2.5e+07	-35.491
-2.4e+07	-32.079
-2.3e+07	-29.094
-2.2e+07	-26.272
-2.1e+07	-23.764
-2e+07	-21.731
-1.9e+07	-20.282
-1.8e+07	-19.32
-1.7e+07	-18.691
-1.6e+07	-18.236
-1.5e+07	-17.866
-1.4e+07	-17.555
-1.3e+07	-17.272
-1.2e+07	-17.031
-1.1e+07	-16.83
-1e+07	-16.665
-9e+06	-16.554
-8e+06	-16.47
-7e+06	-16.412
-6e+06	-16.373
-5e+06	-16.337
-4e+06	-16.322
-3e+06	-16.301
-2e+06	-16.282
-1e+06	-16.264
0	-15.993
1e+06	-16.257
2e+06	-16.264
3e+06	-16.272
4e+06	-16.282
5e+06	-16.287
6e+06	-16.313
7e+06	-16.344
8e+06	-16.39
9e+06	-16.464
1e+07	-16.566
1.1e+07	-16.722
1.2e+07	-16.912
1.3e+07	-17.137
1.4e+07	-17.419
1.5e+07	-17.721
1.6e+07	-18.086
1.7e+07	-18.531
1.8e+07	-19.154
1.9e+07	-20.105
2e+07	-21.543
2.1e+07	-23.568
2.2e+07	-26.076
2.3e+07	-28.883
2.4e+07	-31.869
2.5e+07	-35.287
2.6e+07	-37.984
2.7e+07	-41.069
2.8e+07	-44.181
2.9e+07	-47.324
3e+07	-50.512
3.1e+07	-53.747
3.2e+07	-57.129
3.3e+07	-60.584
3.4e+07	-64.026
3.5e+07	-67.747
3.6e+07	-71.881
3.7e+07	-76.057
3.8e+07	-79.352
3.9e+07	-82.112
4e+07	-83.013
