-4.8e+07	-83.221
-4.7e+07	-83.601
-4.6e+07	-81.431
-4.5e+07	-83.178
-4.4e+07	-82.539
-4.3e+07	-82.492
-4.2e+07	-82.553
-4.1e+07	-82.716
-4e+07	-82.594
-3.9e+07	-82.361
-3.8e+07	-83.331
-3.7e+07	-82.965
-3.6e+07	-83.075
-3.5e+07	-82.496
-3.4e+07	-79.945
-3.3e+07	-77.913
-3.2e+07	-74.872
-3.1e+07	-71.15
-3e+07	-67.966
-2.9e+07	-64.189
-2.8e+07	-60.629
-2.7e+07	-57.217
-2.6e+07	-53.921
-2.5e+07	-51.131
-2.4e+07	-47.792
-2.3e+07	-45.015
-2.2e+07	-42.591
-2.1e+07	-40.579
-2e+07	-39.248
-1.9e+07	-38.721
-1.8e+07	-38.936
-1.7e+07	-39.817
-1.6e+07	-41.351
-1.5e+07	-43.795
-1.4e+07	-47.818
-1.3e+07	-57.049
-1.2e+07	-56.762
-1.1e+07	-47.049
-1e+07	-42.573
-9e+06	-39.687
-8e+06	-37.591
-7e+06	-36.03
-6e+06	-34.822
-5e+06	-33.885
-4e+06	-33.173
-3e+06	-32.641
-2e+06	-32.277
-1e+06	-32.057
0	-31.712
1e+06	-32.05
2e+06	-32.262
3e+06	-32.623
4e+06	-33.145
5e+06	-33.848
6e+06	-34.767
7e+06	-35.973
8e+06	-37.534
9e+06	-39.616
1e+07	-42.497
1.1e+07	-46.994
1.2e+07	-56.731
1.3e+07	-56.919
1.4e+07	-47.695
1.5e+07	-43.674
1.6e+07	-41.251
1.7e+07	-39.715
1.8e+07	-38.819
1.9e+07	-38.602
2e+07	-39.132
2.1e+07	-40.453
2.2e+07	-42.45
2.3e+07	-44.903
2.4e+07	-47.664
2.5e+07	-51.007
2.6e+07	-53.755
2.7e+07	-57.064
2.8e+07	-60.508
2.9e+07	-63.91
3e+07	-67.696
3.1e+07	-71.73
3.2e+07	-74.794
3.3e+07	-77.173
3.4e+07	-80.455
3.5e+07	-82.034
3.6e+07	-83.436
3.7e+07	-84.122
3.8e+07	-83.657
3.9e+07	-83.629
4e+07	-83.471
4.1e+07	-82.76
4.2e+07	-84.081
4.3e+07	-82.725
4.4e+07	-83.614
4.5e+07	-84.161
4.6e+07	-84.996
4.7e+07	-84.857
4.8e+07	-84.333
