-4.8e+07	-74.862
-4.7e+07	-64.314
-4.6e+07	-55.243
-4.5e+07	-49.097
-4.4e+07	-44.868
-4.3e+07	-42.578
-4.2e+07	-41.833
-4.1e+07	-42.413
-4e+07	-44.25
-3.9e+07	-47.854
-3.8e+07	-56.578
-3.7e+07	-55.535
-3.6e+07	-44.86
-3.5e+07	-39.745
-3.4e+07	-37.263
-3.3e+07	-36.151
-3.2e+07	-36.07
-3.1e+07	-36.403
-3e+07	-35.616
-2.9e+07	-33.111
-2.8e+07	-29.858
-2.7e+07	-26.481
-2.6e+07	-23.186
-2.5e+07	-20.368
-2.4e+07	-17.047
-2.3e+07	-14.284
-2.2e+07	-11.847
-2.1e+07	-9.909
-2e+07	-8.6575
-1.9e+07	-8.2364
-1.8e+07	-8.5731
-1.7e+07	-9.5489
-1.6e+07	-11.143
-1.5e+07	-13.541
-1.4e+07	-17.523
-1.3e+07	-26.653
-1.2e+07	-26.341
-1.1e+07	-16.584
-1e+07	-12.031
-9e+06	-9.1014
-8e+06	-6.9842
-7e+06	-5.3753
-6e+06	-4.1243
-5e+06	-3.1478
-4e+06	-2.4237
-3e+06	-1.9011
-2e+06	-1.2705
-1e+06	-1.3461
0	-1.0372
1e+06	-1.3209
2e+06	-1.5026
3e+06	-1.8283
4e+06	-2.3287
5e+06	-3.0265
6e+06	-3.9792
7e+06	-5.2055
8e+06	-6.7884
9e+06	-8.8816
1e+07	-11.789
1.1e+07	-16.315
1.2e+07	-26.037
1.3e+07	-26.332
1.4e+07	-17.175
1.5e+07	-13.176
1.6e+07	-10.753
1.7e+07	-9.1389
1.8e+07	-8.1396
1.9e+07	-7.7767
2e+07	-8.1678
2.1e+07	-9.3993
2.2e+07	-11.323
2.3e+07	-13.748
2.4e+07	-16.498
2.5e+07	-19.854
2.6e+07	-22.606
2.7e+07	-25.881
2.8e+07	-29.228
2.9e+07	-32.447
3e+07	-34.876
3.1e+07	-35.644
3.2e+07	-35.233
3.3e+07	-35.173
3.4e+07	-36.128
3.5e+07	-38.635
3.6e+07	-43.398
3.7e+07	-54.102
3.8e+07	-55.195
3.9e+07	-46.361
4e+07	-42.719
4.1e+07	-40.729
4.2e+07	-40.082
4.3e+07	-40.765
4.4e+07	-43.047
4.5e+07	-47.208
4.6e+07	-53.321
4.7e+07	-62.119
4.8e+07	-74.844
