-4.8e+07	-83.736
-4.7e+07	-79.536
-4.6e+07	-70.819
-4.5e+07	-64.551
-4.4e+07	-60.084
-4.3e+07	-57.804
-4.2e+07	-56.964
-4.1e+07	-57.458
-4e+07	-59.063
-3.9e+07	-62.59
-3.8e+07	-71.085
-3.7e+07	-70.154
-3.6e+07	-59.763
-3.5e+07	-54.897
-3.4e+07	-52.432
-3.3e+07	-51.275
-3.2e+07	-51.052
-3.1e+07	-51.092
-3e+07	-50.1
-2.9e+07	-47.632
-2.8e+07	-44.374
-2.7e+07	-40.988
-2.6e+07	-37.676
-2.5e+07	-34.859
-2.4e+07	-31.529
-2.3e+07	-28.765
-2.2e+07	-26.327
-2.1e+07	-24.381
-2e+07	-23.122
-1.9e+07	-22.694
-1.8e+07	-23.02
-1.7e+07	-23.99
-1.6e+07	-25.583
-1.5e+07	-27.984
-1.4e+07	-31.97
-1.3e+07	-41.115
-1.2e+07	-40.792
-1.1e+07	-31.036
-1e+07	-26.479
-9e+06	-23.541
-8e+06	-21.418
-7e+06	-19.808
-6e+06	-18.559
-5e+06	-17.586
-4e+06	-16.863
-3e+06	-16.34
-2e+06	-15.708
-1e+06	-15.779
0	-15.46
1e+06	-15.748
2e+06	-15.927
3e+06	-16.252
4e+06	-16.748
5e+06	-17.44
6e+06	-18.384
7e+06	-19.604
8e+06	-21.183
9e+06	-23.276
1e+07	-26.187
1.1e+07	-30.711
1.2e+07	-40.443
1.3e+07	-40.735
1.4e+07	-31.553
1.5e+07	-27.542
1.6e+07	-25.11
1.7e+07	-23.489
1.8e+07	-22.493
1.9e+07	-22.135
2e+07	-22.532
2.1e+07	-23.767
2.2e+07	-25.696
2.3e+07	-28.117
2.4e+07	-30.864
2.5e+07	-34.226
2.6e+07	-36.97
2.7e+07	-40.251
2.8e+07	-43.613
2.9e+07	-46.817
3e+07	-49.311
3.1e+07	-50.349
3.2e+07	-50.231
3.3e+07	-50.463
3.4e+07	-51.508
3.5e+07	-54.038
3.6e+07	-58.666
3.7e+07	-69.413
3.8e+07	-70.195
3.9e+07	-61.576
4e+07	-58.097
4.1e+07	-56.175
4.2e+07	-55.626
4.3e+07	-56.354
4.4e+07	-58.785
4.5e+07	-63.112
4.6e+07	-69.284
4.7e+07	-78.243
4.8e+07	-82.837
