-4.8e+07	-84.636
-4.7e+07	-83.078
-4.6e+07	-82.687
-4.5e+07	-79.99
-4.4e+07	-75.726
-4.3e+07	-72.083
-4.2e+07	-70.852
-4.1e+07	-71.27
-4e+07	-72.931
-3.9e+07	-76.246
-3.8e+07	-81.549
-3.7e+07	-82.508
-3.6e+07	-73.562
-3.5e+07	-69.631
-3.4e+07	-66.294
-3.3e+07	-62.955
-3.2e+07	-59.527
-3.1e+07	-55.972
-3e+07	-52.358
-2.9e+07	-48.728
-2.8e+07	-45.2
-2.7e+07	-41.749
-2.6e+07	-38.472
-2.5e+07	-35.688
-2.4e+07	-32.35
-2.3e+07	-29.587
-2.2e+07	-27.134
-2.1e+07	-25.15
-2e+07	-23.825
-1.9e+07	-23.297
-1.8e+07	-23.512
-1.7e+07	-24.401
-1.6e+07	-25.96
-1.5e+07	-28.377
-1.4e+07	-32.423
-1.3e+07	-41.638
-1.2e+07	-41.404
-1.1e+07	-31.709
-1e+07	-27.216
-9e+06	-24.323
-8e+06	-22.252
-7e+06	-20.696
-6e+06	-19.503
-5e+06	-18.575
-4e+06	-17.882
-3e+06	-17.367
-2e+06	-17.009
-1e+06	-16.802
0	-16.477
1e+06	-16.831
2e+06	-17.063
3e+06	-17.443
4e+06	-17.983
5e+06	-18.705
6e+06	-19.656
7e+06	-20.874
8e+06	-22.451
9e+06	-24.544
1e+07	-27.453
1.1e+07	-31.977
1.2e+07	-41.667
1.3e+07	-41.95
1.4e+07	-32.734
1.5e+07	-28.71
1.6e+07	-26.306
1.7e+07	-24.77
1.8e+07	-23.896
1.9e+07	-23.696
2e+07	-24.242
2.1e+07	-25.583
2.2e+07	-27.583
2.3e+07	-30.056
2.4e+07	-32.838
2.5e+07	-36.209
2.6e+07	-38.991
2.7e+07	-42.299
2.8e+07	-45.718
2.9e+07	-49.258
3e+07	-52.896
3.1e+07	-56.415
3.2e+07	-59.893
3.3e+07	-63.111
3.4e+07	-66.14
3.5e+07	-69.276
3.6e+07	-73.44
3.7e+07	-81.374
3.8e+07	-81.339
3.9e+07	-76.016
4e+07	-73.064
4.1e+07	-71.521
4.2e+07	-71.47
4.3e+07	-72.803
4.4e+07	-75.129
4.5e+07	-80.451
4.6e+07	-85.1
4.7e+07	-84.637
4.8e+07	-86.007
