-4e+07	-83.059
-3.9e+07	-83.057
-3.8e+07	-82.663
-3.7e+07	-83.085
-3.6e+07	-81.882
-3.5e+07	-80.276
-3.4e+07	-78.268
-3.3e+07	-76.878
-3.2e+07	-72.663
-3.1e+07	-69.207
-3e+07	-66.049
-2.9e+07	-62.996
-2.8e+07	-59.636
-2.7e+07	-56.629
-2.6e+07	-53.485
-2.5e+07	-50.828
-2.4e+07	-47.408
-2.3e+07	-44.415
-2.2e+07	-41.576
-2.1e+07	-39.06
-2e+07	-37.041
-1.9e+07	-35.599
-1.8e+07	-34.644
-1.7e+07	-34.009
-1.6e+07	-33.566
-1.5e+07	-33.2
-1.4e+07	-32.896
-1.3e+07	-32.625
-1.2e+07	-32.387
-1.1e+07	-32.201
-1e+07	-32.049
-9e+06	-31.948
-8e+06	-31.878
-7e+06	-31.837
-6e+06	-31.809
-5e+06	-31.785
-4e+06	-31.786
-3e+06	-31.779
-2e+06	-31.774
-1e+06	-31.777
0	-31.541
1e+06	-31.799
2e+06	-31.828
3e+06	-31.846
4e+06	-31.854
5e+06	-31.886
6e+06	-31.922
7e+06	-31.964
8e+06	-32.027
9e+06	-32.112
1e+07	-32.216
1.1e+07	-32.38
1.2e+07	-32.591
1.3e+07	-32.835
1.4e+07	-33.111
1.5e+07	-33.435
1.6e+07	-33.808
1.7e+07	-34.263
1.8e+07	-34.897
1.9e+07	-35.87
2e+07	-37.315
2.1e+07	-39.351
2.2e+07	-41.901
2.3e+07	-44.714
2.4e+07	-47.74
2.5e+07	-51.146
2.6e+07	-53.884
2.7e+07	-56.915
2.8e+07	-60.027
2.9e+07	-63.289
3e+07	-66.402
3.1e+07	-69.711
3.2e+07	-72.44
3.3e+07	-76.139
3.4e+07	-79.261
3.5e+07	-81.097
3.6e+07	-82.151
3.7e+07	-82.826
3.8e+07	-83.481
3.9e+07	-83.482
4e+07	-83.695
