-4.8e+07	-84.757
-4.7e+07	-85.264
-4.6e+07	-85.341
-4.5e+07	-84.968
-4.4e+07	-84.093
-4.3e+07	-82.574
-4.2e+07	-83.445
-4.1e+07	-82.873
-4e+07	-83.207
-3.9e+07	-84.746
-3.8e+07	-83.935
-3.7e+07	-84.596
-3.6e+07	-84.408
-3.5e+07	-84.232
-3.4e+07	-80.301
-3.3e+07	-78.359
-3.2e+07	-76.027
-3.1e+07	-71.926
-3e+07	-68.985
-2.9e+07	-65.025
-2.8e+07	-61.359
-2.7e+07	-57.864
-2.6e+07	-54.661
-2.5e+07	-51.851
-2.4e+07	-48.536
-2.3e+07	-45.765
-2.2e+07	-43.343
-2.1e+07	-41.359
-2e+07	-40.036
-1.9e+07	-39.506
-1.8e+07	-39.736
-1.7e+07	-40.611
-1.6e+07	-42.159
-1.5e+07	-44.587
-1.4e+07	-48.625
-1.3e+07	-57.897
-1.2e+07	-57.632
-1.1e+07	-47.907
-1e+07	-43.419
-9e+06	-40.528
-8e+06	-38.446
-7e+06	-36.889
-6e+06	-35.693
-5e+06	-34.762
-4e+06	-34.061
-3e+06	-33.536
-2e+06	-33.185
-1e+06	-32.971
0	-32.457
1e+06	-33.002
2e+06	-33.227
3e+06	-33.607
4e+06	-34.146
5e+06	-34.865
6e+06	-35.818
7e+06	-37.041
8e+06	-38.621
9e+06	-40.717
1e+07	-43.625
1.1e+07	-48.154
1.2e+07	-57.837
1.3e+07	-58.209
1.4e+07	-48.922
1.5e+07	-44.902
1.6e+07	-42.511
1.7e+07	-40.961
1.8e+07	-40.093
1.9e+07	-39.889
2e+07	-40.439
2.1e+07	-41.806
2.2e+07	-43.795
2.3e+07	-46.247
2.4e+07	-49.026
2.5e+07	-52.386
2.6e+07	-55.173
2.7e+07	-58.451
2.8e+07	-61.949
2.9e+07	-65.467
3e+07	-69.151
3.1e+07	-72.867
3.2e+07	-75.46
3.3e+07	-79.009
3.4e+07	-81.692
3.5e+07	-82.598
3.6e+07	-84.86
3.7e+07	-85.381
3.8e+07	-85.326
3.9e+07	-84.517
4e+07	-82.827
4.1e+07	-83.445
4.2e+07	-82.352
4.3e+07	-83.463
4.4e+07	-84.663
4.5e+07	-85.581
4.6e+07	-86.181
4.7e+07	-84.923
4.8e+07	-85.069
