-4e+07	-84.564
-3.9e+07	-82.474
-3.8e+07	-81.115
-3.7e+07	-77.428
-3.6e+07	-72.674
-3.5e+07	-68.774
-3.4e+07	-65.348
-3.3e+07	-61.548
-3.2e+07	-58.08
-3.1e+07	-54.853
-3e+07	-51.532
-2.9e+07	-48.337
-2.8e+07	-45.214
-2.7e+07	-42.125
-2.6e+07	-39.035
-2.5e+07	-36.327
-2.4e+07	-32.932
-2.3e+07	-29.959
-2.2e+07	-27.155
-2.1e+07	-24.649
-2e+07	-22.629
-1.9e+07	-21.188
-1.8e+07	-20.237
-1.7e+07	-19.618
-1.6e+07	-19.174
-1.5e+07	-18.811
-1.4e+07	-18.508
-1.3e+07	-18.238
-1.2e+07	-18.005
-1.1e+07	-17.816
-1e+07	-17.661
-9e+06	-17.56
-8e+06	-17.488
-7e+06	-17.441
-6e+06	-17.412
-5e+06	-17.389
-4e+06	-17.385
-3e+06	-17.376
-2e+06	-17.371
-1e+06	-17.366
0	-17.019
1e+06	-17.389
2e+06	-17.407
3e+06	-17.429
4e+06	-17.453
5e+06	-17.472
6e+06	-17.512
7e+06	-17.557
8e+06	-17.62
9e+06	-17.71
1e+07	-17.825
1.1e+07	-17.995
1.2e+07	-18.202
1.3e+07	-18.45
1.4e+07	-18.738
1.5e+07	-19.056
1.6e+07	-19.437
1.7e+07	-19.893
1.8e+07	-20.532
1.9e+07	-21.496
2e+07	-22.95
2.1e+07	-24.99
2.2e+07	-27.511
2.3e+07	-30.317
2.4e+07	-33.33
2.5e+07	-36.764
2.6e+07	-39.48
2.7e+07	-42.584
2.8e+07	-45.69
2.9e+07	-48.844
3e+07	-52.02
3.1e+07	-55.312
3.2e+07	-58.732
3.3e+07	-62.097
3.4e+07	-65.83
3.5e+07	-69.674
3.6e+07	-73.697
3.7e+07	-77.935
3.8e+07	-81.941
3.9e+07	-83.169
4e+07	-83.265
