-4e+07	-83.415
-3.9e+07	-81.795
-3.8e+07	-81.471
-3.7e+07	-77.473
-3.6e+07	-73.715
-3.5e+07	-69.64
-3.4e+07	-65.628
-3.3e+07	-62.148
-3.2e+07	-58.689
-3.1e+07	-55.375
-3e+07	-52.125
-2.9e+07	-48.903
-2.8e+07	-45.75
-2.7e+07	-42.641
-2.6e+07	-39.545
-2.5e+07	-36.807
-2.4e+07	-33.41
-2.3e+07	-30.439
-2.2e+07	-27.619
-2.1e+07	-25.114
-2e+07	-23.083
-1.9e+07	-21.634
-1.8e+07	-20.675
-1.7e+07	-20.045
-1.6e+07	-19.591
-1.5e+07	-19.22
-1.4e+07	-18.911
-1.3e+07	-18.631
-1.2e+07	-18.389
-1.1e+07	-18.19
-1e+07	-18.025
-9e+06	-17.913
-8e+06	-17.832
-7e+06	-17.773
-6e+06	-17.733
-5e+06	-17.696
-4e+06	-17.68
-3e+06	-17.66
-2e+06	-17.641
-1e+06	-17.622
0	-17.228
1e+06	-17.615
2e+06	-17.62
3e+06	-17.627
4e+06	-17.637
5e+06	-17.642
6e+06	-17.666
7e+06	-17.694
8e+06	-17.741
9e+06	-17.814
1e+07	-17.914
1.1e+07	-18.069
1.2e+07	-18.259
1.3e+07	-18.492
1.4e+07	-18.762
1.5e+07	-19.061
1.6e+07	-19.425
1.7e+07	-19.869
1.8e+07	-20.493
1.9e+07	-21.442
2e+07	-22.881
2.1e+07	-24.908
2.2e+07	-27.407
2.3e+07	-30.223
2.4e+07	-33.201
2.5e+07	-36.621
2.6e+07	-39.319
2.7e+07	-42.405
2.8e+07	-45.528
2.9e+07	-48.629
3e+07	-51.784
3.1e+07	-55.089
3.2e+07	-58.361
3.3e+07	-61.825
3.4e+07	-65.443
3.5e+07	-69.385
3.6e+07	-73.514
3.7e+07	-77.696
3.8e+07	-79.85
3.9e+07	-82.328
4e+07	-82.136
