-4.8e+07	-85.894
-4.7e+07	-85.658
-4.6e+07	-84.449
-4.5e+07	-85.462
-4.4e+07	-83.423
-4.3e+07	-83.884
-4.2e+07	-83.443
-4.1e+07	-84.085
-4e+07	-83.937
-3.9e+07	-84.021
-3.8e+07	-85.307
-3.7e+07	-85.158
-3.6e+07	-83.407
-3.5e+07	-83.112
-3.4e+07	-80.955
-3.3e+07	-79.131
-3.2e+07	-76.54
-3.1e+07	-73.132
-3e+07	-69.215
-2.9e+07	-65.472
-2.8e+07	-61.998
-2.7e+07	-58.596
-2.6e+07	-55.272
-2.5e+07	-52.534
-2.4e+07	-49.173
-2.3e+07	-46.414
-2.2e+07	-43.947
-2.1e+07	-41.962
-2e+07	-40.63
-1.9e+07	-40.091
-1.8e+07	-40.295
-1.7e+07	-41.175
-1.6e+07	-42.734
-1.5e+07	-45.143
-1.4e+07	-49.157
-1.3e+07	-58.402
-1.2e+07	-58.092
-1.1e+07	-48.395
-1e+07	-43.923
-9e+06	-41.012
-8e+06	-38.925
-7e+06	-37.35
-6e+06	-36.137
-5e+06	-35.187
-4e+06	-34.479
-3e+06	-33.943
-2e+06	-33.573
-1e+06	-33.346
0	-32.849
1e+06	-33.328
2e+06	-33.542
3e+06	-33.897
4e+06	-34.418
5e+06	-35.126
6e+06	-36.048
7e+06	-37.249
8e+06	-38.81
9e+06	-40.888
1e+07	-43.762
1.1e+07	-48.284
1.2e+07	-58.013
1.3e+07	-58.143
1.4e+07	-48.936
1.5e+07	-44.925
1.6e+07	-42.515
1.7e+07	-40.961
1.8e+07	-40.069
1.9e+07	-39.837
2e+07	-40.37
2.1e+07	-41.702
2.2e+07	-43.691
2.3e+07	-46.147
2.4e+07	-48.927
2.5e+07	-52.258
2.6e+07	-54.991
2.7e+07	-58.353
2.8e+07	-61.727
2.9e+07	-65.236
3e+07	-68.806
3.1e+07	-72.294
3.2e+07	-76.017
3.3e+07	-77.223
3.4e+07	-80.418
3.5e+07	-81.341
3.6e+07	-84.849
3.7e+07	-83.783
3.8e+07	-85.714
3.9e+07	-83.895
4e+07	-84.251
4.1e+07	-83.793
4.2e+07	-83.368
4.3e+07	-84.621
4.4e+07	-83.749
4.5e+07	-85.162
4.6e+07	-85.264
4.7e+07	-85.063
4.8e+07	-86.144
