-4e+07	-83.023
-3.9e+07	-82.936
-3.8e+07	-83.345
-3.7e+07	-81.799
-3.6e+07	-81.784
-3.5e+07	-81.292
-3.4e+07	-79.23
-3.3e+07	-76.873
-3.2e+07	-73.34
-3.1e+07	-69.696
-3e+07	-66.604
-2.9e+07	-63.338
-2.8e+07	-60.341
-2.7e+07	-57.248
-2.6e+07	-54.075
-2.5e+07	-51.461
-2.4e+07	-48.033
-2.3e+07	-45.048
-2.2e+07	-42.205
-2.1e+07	-39.698
-2e+07	-37.643
-1.9e+07	-36.18
-1.8e+07	-35.208
-1.7e+07	-34.584
-1.6e+07	-34.125
-1.5e+07	-33.753
-1.4e+07	-33.435
-1.3e+07	-33.154
-1.2e+07	-32.906
-1.1e+07	-32.699
-1e+07	-32.534
-9e+06	-32.42
-8e+06	-32.337
-7e+06	-32.281
-6e+06	-32.221
-5e+06	-32.175
-4e+06	-32.19
-3e+06	-32.166
-2e+06	-32.15
-1e+06	-32.131
0	-31.669
1e+06	-32.123
2e+06	-32.14
3e+06	-32.153
4e+06	-32.17
5e+06	-32.172
6e+06	-32.203
7e+06	-32.237
8e+06	-32.286
9e+06	-32.36
1e+07	-32.465
1.1e+07	-32.616
1.2e+07	-32.812
1.3e+07	-33.046
1.4e+07	-33.315
1.5e+07	-33.617
1.6e+07	-33.979
1.7e+07	-34.416
1.8e+07	-35.038
1.9e+07	-35.963
2e+07	-37.381
2.1e+07	-39.365
2.2e+07	-41.96
2.3e+07	-44.766
2.4e+07	-47.755
2.5e+07	-51.138
2.6e+07	-53.749
2.7e+07	-56.955
2.8e+07	-59.961
2.9e+07	-63.215
3e+07	-66.191
3.1e+07	-69.036
3.2e+07	-72.963
3.3e+07	-76.116
3.4e+07	-78.997
3.5e+07	-80.933
3.6e+07	-82.753
3.7e+07	-81.839
3.8e+07	-82.568
3.9e+07	-82.51
4e+07	-81.324
