-4e+07	-82.503
-3.9e+07	-81.416
-3.8e+07	-79.938
-3.7e+07	-77.157
-3.6e+07	-73.592
-3.5e+07	-69.886
-3.4e+07	-65.228
-3.3e+07	-61.545
-3.2e+07	-58.165
-3.1e+07	-54.851
-3e+07	-51.478
-2.9e+07	-48.266
-2.8e+07	-45.16
-2.7e+07	-42.01
-2.6e+07	-38.901
-2.5e+07	-36.15
-2.4e+07	-32.753
-2.3e+07	-29.755
-2.2e+07	-26.937
-2.1e+07	-24.417
-2e+07	-22.374
-1.9e+07	-20.919
-1.8e+07	-19.953
-1.7e+07	-19.317
-1.6e+07	-18.859
-1.5e+07	-18.481
-1.4e+07	-18.166
-1.3e+07	-17.882
-1.2e+07	-17.638
-1.1e+07	-17.434
-1e+07	-17.268
-9e+06	-17.154
-8e+06	-17.069
-7e+06	-17.009
-6e+06	-16.95
-5e+06	-16.913
-4e+06	-16.916
-3e+06	-16.894
-2e+06	-16.875
-1e+06	-16.857
0	-16.408
1e+06	-16.855
2e+06	-16.866
3e+06	-16.876
4e+06	-16.89
5e+06	-16.9
6e+06	-16.929
7e+06	-16.96
8e+06	-17.009
9e+06	-17.087
1e+07	-17.188
1.1e+07	-17.346
1.2e+07	-17.537
1.3e+07	-17.771
1.4e+07	-18.042
1.5e+07	-18.342
1.6e+07	-18.703
1.7e+07	-19.144
1.8e+07	-19.763
1.9e+07	-20.692
2e+07	-22.106
2.1e+07	-24.084
2.2e+07	-26.674
2.3e+07	-29.478
2.4e+07	-32.453
2.5e+07	-35.866
2.6e+07	-38.559
2.7e+07	-41.64
2.8e+07	-44.749
2.9e+07	-47.89
3e+07	-51.037
3.1e+07	-54.26
3.2e+07	-57.516
3.3e+07	-60.957
3.4e+07	-64.638
3.5e+07	-68.491
3.6e+07	-73.146
3.7e+07	-76.647
3.8e+07	-79.293
3.9e+07	-82.324
4e+07	-81.768
