-4e+07	-82.908
-3.9e+07	-82.889
-3.8e+07	-80.127
-3.7e+07	-77.528
-3.6e+07	-73.251
-3.5e+07	-69.002
-3.4e+07	-65.052
-3.3e+07	-61.363
-3.2e+07	-57.964
-3.1e+07	-54.58
-3e+07	-51.231
-2.9e+07	-48.095
-2.8e+07	-44.936
-2.7e+07	-41.83
-2.6e+07	-38.737
-2.5e+07	-35.986
-2.4e+07	-32.61
-2.3e+07	-29.622
-2.2e+07	-26.805
-2.1e+07	-24.295
-2e+07	-22.24
-1.9e+07	-20.813
-1.8e+07	-19.855
-1.7e+07	-19.225
-1.6e+07	-18.75
-1.5e+07	-18.401
-1.4e+07	-18.093
-1.3e+07	-17.815
-1.2e+07	-17.576
-1.1e+07	-17.381
-1e+07	-17.222
-9e+06	-17.119
-8e+06	-17.042
-7e+06	-16.993
-6e+06	-16.961
-5e+06	-16.933
-4e+06	-16.93
-3e+06	-16.923
-2e+06	-16.918
-1e+06	-16.914
0	-16.447
1e+06	-16.936
2e+06	-16.957
3e+06	-16.979
4e+06	-17.004
5e+06	-17.026
6e+06	-17.067
7e+06	-17.117
8e+06	-17.183
9e+06	-17.276
1e+07	-17.398
1.1e+07	-17.576
1.2e+07	-17.789
1.3e+07	-18.046
1.4e+07	-18.341
1.5e+07	-18.667
1.6e+07	-19.056
1.7e+07	-19.498
1.8e+07	-20.168
1.9e+07	-21.146
2e+07	-22.607
2.1e+07	-24.655
2.2e+07	-27.184
2.3e+07	-30.017
2.4e+07	-33.021
2.5e+07	-36.468
2.6e+07	-39.169
2.7e+07	-42.276
2.8e+07	-45.372
2.9e+07	-48.508
3e+07	-51.762
3.1e+07	-54.944
3.2e+07	-58.376
3.3e+07	-61.816
3.4e+07	-65.223
3.5e+07	-69.156
3.6e+07	-72.558
3.7e+07	-78.684
3.8e+07	-81.263
3.9e+07	-82.729
4e+07	-82.099
