-4.8e+07	-83.979
-4.7e+07	-84.756
-4.6e+07	-83.993
-4.5e+07	-83.076
-4.4e+07	-81.965
-4.3e+07	-80.89
-4.2e+07	-80.14
-4.1e+07	-79.343
-4e+07	-82.691
-3.9e+07	-82.878
-3.8e+07	-83.994
-3.7e+07	-83.67
-3.6e+07	-82.606
-3.5e+07	-81.508
-3.4e+07	-79.213
-3.3e+07	-77.653
-3.2e+07	-75.231
-3.1e+07	-71.527
-3e+07	-68.693
-2.9e+07	-64.925
-2.8e+07	-61.419
-2.7e+07	-57.856
-2.6e+07	-54.587
-2.5e+07	-51.77
-2.4e+07	-48.459
-2.3e+07	-45.646
-2.2e+07	-43.221
-2.1e+07	-41.236
-2e+07	-39.892
-1.9e+07	-39.352
-1.8e+07	-39.566
-1.7e+07	-40.452
-1.6e+07	-41.988
-1.5e+07	-44.399
-1.4e+07	-48.396
-1.3e+07	-57.551
-1.2e+07	-57.367
-1.1e+07	-47.661
-1e+07	-43.166
-9e+06	-40.274
-8e+06	-38.177
-7e+06	-36.611
-6e+06	-35.397
-5e+06	-34.459
-4e+06	-33.748
-3e+06	-33.216
-2e+06	-32.854
-1e+06	-32.638
0	-32.128
1e+06	-32.644
2e+06	-32.874
3e+06	-33.247
4e+06	-33.791
5e+06	-34.513
6e+06	-35.458
7e+06	-36.682
8e+06	-38.263
9e+06	-40.352
1e+07	-43.256
1.1e+07	-47.799
1.2e+07	-57.505
1.3e+07	-57.71
1.4e+07	-48.574
1.5e+07	-44.531
1.6e+07	-42.138
1.7e+07	-40.602
1.8e+07	-39.74
1.9e+07	-39.536
2e+07	-40.065
2.1e+07	-41.418
2.2e+07	-43.422
2.3e+07	-45.871
2.4e+07	-48.663
2.5e+07	-52.006
2.6e+07	-54.745
2.7e+07	-58.097
2.8e+07	-61.4
2.9e+07	-64.827
3e+07	-68.572
3.1e+07	-71.751
3.2e+07	-74.734
3.3e+07	-76.38
3.4e+07	-77.922
3.5e+07	-80.39
3.6e+07	-81.87
3.7e+07	-84.3
3.8e+07	-83.9
3.9e+07	-81.836
4e+07	-80.661
4.1e+07	-80.87
4.2e+07	-80.486
4.3e+07	-81.69
4.4e+07	-81.775
4.5e+07	-82.939
4.6e+07	-84.706
4.7e+07	-84.122
4.8e+07	-85.106
