-4e+07	-83.014
-3.9e+07	-83.696
-3.8e+07	-80.702
-3.7e+07	-76.074
-3.6e+07	-71.426
-3.5e+07	-66.541
-3.4e+07	-63.116
-3.3e+07	-59.345
-3.2e+07	-55.818
-3.1e+07	-52.368
-3e+07	-49.081
-2.9e+07	-45.902
-2.8e+07	-42.713
-2.7e+07	-39.593
-2.6e+07	-36.485
-2.5e+07	-33.766
-2.4e+07	-30.347
-2.3e+07	-27.364
-2.2e+07	-24.54
-2.1e+07	-22.033
-2e+07	-20.009
-1.9e+07	-18.577
-1.8e+07	-17.628
-1.7e+07	-17.003
-1.6e+07	-16.562
-1.5e+07	-16.198
-1.4e+07	-15.898
-1.3e+07	-15.627
-1.2e+07	-15.396
-1.1e+07	-15.206
-1e+07	-15.05
-9e+06	-14.945
-8e+06	-14.865
-7e+06	-14.809
-6e+06	-14.77
-5e+06	-14.732
-4e+06	-14.717
-3e+06	-14.696
-2e+06	-14.68
-1e+06	-14.661
0	-14.449
1e+06	-14.649
2e+06	-14.654
3e+06	-14.659
4e+06	-14.668
5e+06	-14.661
6e+06	-14.696
7e+06	-14.722
8e+06	-14.765
9e+06	-14.833
1e+07	-14.915
1.1e+07	-15.067
1.2e+07	-15.246
1.3e+07	-15.464
1.4e+07	-15.712
1.5e+07	-16.009
1.6e+07	-16.358
1.7e+07	-16.789
1.8e+07	-17.394
1.9e+07	-18.327
2e+07	-19.744
2.1e+07	-21.755
2.2e+07	-24.252
2.3e+07	-27.07
2.4e+07	-30.041
2.5e+07	-33.486
2.6e+07	-36.154
2.7e+07	-39.261
2.8e+07	-42.376
2.9e+07	-45.515
3e+07	-48.738
3.1e+07	-52.047
3.2e+07	-55.492
3.3e+07	-59.079
3.4e+07	-62.728
3.5e+07	-66.15
3.6e+07	-70.514
3.7e+07	-75.075
3.8e+07	-80.494
3.9e+07	-82.489
4e+07	-84.007
