-4.8e+07	-76.342
-4.7e+07	-63.284
-4.6e+07	-54.76
-4.5e+07	-48.394
-4.4e+07	-43.89
-4.3e+07	-41.884
-4.2e+07	-41.158
-4.1e+07	-41.8
-4e+07	-43.733
-3.9e+07	-47.47
-3.8e+07	-56.293
-3.7e+07	-55.228
-3.6e+07	-44.477
-3.5e+07	-39.404
-3.4e+07	-36.818
-3.3e+07	-35.707
-3.2e+07	-35.652
-3.1e+07	-35.99
-3e+07	-35.077
-2.9e+07	-32.442
-2.8e+07	-29.112
-2.7e+07	-25.715
-2.6e+07	-22.42
-2.5e+07	-19.633
-2.4e+07	-16.287
-2.3e+07	-13.525
-2.2e+07	-11.085
-2.1e+07	-9.1398
-2e+07	-7.878
-1.9e+07	-7.4433
-1.8e+07	-7.7639
-1.7e+07	-8.727
-1.6e+07	-10.315
-1.5e+07	-12.717
-1.4e+07	-16.701
-1.3e+07	-25.849
-1.2e+07	-25.549
-1.1e+07	-15.813
-1e+07	-11.278
-9e+06	-8.3608
-8e+06	-6.2571
-7e+06	-4.6616
-6e+06	-3.4207
-5e+06	-2.4533
-4e+06	-1.7352
-3e+06	-1.2146
-2e+06	-0.86642
-1e+06	-0.66307
0	-0.39437
1e+06	-0.65712
2e+06	-0.85277
3e+06	-1.1936
4e+06	-1.707
5e+06	-2.4159
6e+06	-3.3774
7e+06	-4.6098
8e+06	-6.1996
9e+06	-8.2963
1e+07	-11.205
1.1e+07	-15.735
1.2e+07	-25.463
1.3e+07	-25.751
1.4e+07	-16.597
1.5e+07	-12.607
1.6e+07	-10.2
1.7e+07	-8.6073
1.8e+07	-7.6332
1.9e+07	-7.2995
2e+07	-7.7209
2.1e+07	-8.9745
2.2e+07	-10.917
2.3e+07	-13.355
2.4e+07	-16.118
2.5e+07	-19.497
2.6e+07	-22.24
2.7e+07	-25.522
2.8e+07	-28.882
2.9e+07	-32.127
3e+07	-34.61
3.1e+07	-35.367
3.2e+07	-34.89
3.3e+07	-34.776
3.4e+07	-35.733
3.5e+07	-38.169
3.6e+07	-42.996
3.7e+07	-53.65
3.8e+07	-54.711
3.9e+07	-45.806
4e+07	-42.095
4.1e+07	-40.112
4.2e+07	-39.502
4.3e+07	-40.183
4.4e+07	-42.457
4.5e+07	-46.658
4.6e+07	-52.912
4.7e+07	-61.742
4.8e+07	-75.162
