-4.8e+07	-84.833
-4.7e+07	-79.104
-4.6e+07	-70.235
-4.5e+07	-63.809
-4.4e+07	-59.525
-4.3e+07	-57.069
-4.2e+07	-56.27
-4.1e+07	-56.897
-4e+07	-58.66
-3.9e+07	-62.392
-3.8e+07	-70.625
-3.7e+07	-69.96
-3.6e+07	-59.617
-3.5e+07	-54.914
-3.4e+07	-52.25
-3.3e+07	-51.057
-3.2e+07	-50.781
-3.1e+07	-50.488
-3e+07	-48.964
-2.9e+07	-46.234
-2.8e+07	-42.876
-2.7e+07	-39.489
-2.6e+07	-36.208
-2.5e+07	-33.741
-2.4e+07	-30.37
-2.3e+07	-27.611
-2.2e+07	-25.173
-2.1e+07	-23.222
-2e+07	-21.95
-1.9e+07	-21.497
-1.8e+07	-21.803
-1.7e+07	-22.761
-1.6e+07	-24.347
-1.5e+07	-26.76
-1.4e+07	-30.766
-1.3e+07	-39.947
-1.2e+07	-39.666
-1.1e+07	-29.936
-1e+07	-25.411
-9e+06	-22.495
-8e+06	-20.223
-7e+06	-18.56
-6e+06	-17.429
-5e+06	-16.467
-4e+06	-15.683
-3e+06	-15.171
-2e+06	-14.828
-1e+06	-14.629
0	-14.396
1e+06	-14.802
2e+06	-15.095
3e+06	-15.2
4e+06	-15.722
5e+06	-16.437
6e+06	-17.636
7e+06	-18.718
8e+06	-20.234
9e+06	-22.576
1e+07	-25.505
1.1e+07	-30.046
1.2e+07	-39.634
1.3e+07	-39.843
1.4e+07	-30.67
1.5e+07	-26.668
1.6e+07	-24.263
1.7e+07	-22.9
1.8e+07	-21.949
1.9e+07	-21.65
2e+07	-22.108
2.1e+07	-23.386
2.2e+07	-25.344
2.3e+07	-27.792
2.4e+07	-30.556
2.5e+07	-33.935
2.6e+07	-36.691
2.7e+07	-39.981
2.8e+07	-43.345
2.9e+07	-46.597
3e+07	-49.237
3.1e+07	-50.459
3.2e+07	-50.465
3.3e+07	-50.67
3.4e+07	-51.824
3.5e+07	-54.385
3.6e+07	-59.131
3.7e+07	-69.615
3.8e+07	-70.397
3.9e+07	-61.705
4e+07	-58.272
4.1e+07	-56.323
4.2e+07	-55.746
4.3e+07	-56.579
4.4e+07	-59.048
4.5e+07	-63.163
4.6e+07	-69.651
4.7e+07	-79.121
4.8e+07	-84.454
