-4.8e+07	-77.23
-4.7e+07	-63.926
-4.6e+07	-54.859
-4.5e+07	-48.323
-4.4e+07	-44.019
-4.3e+07	-41.656
-4.2e+07	-40.848
-4.1e+07	-41.372
-4e+07	-43.181
-3.9e+07	-46.887
-3.8e+07	-55.566
-3.7e+07	-54.739
-3.6e+07	-44.366
-3.5e+07	-39.595
-3.4e+07	-37.04
-3.3e+07	-35.951
-3.2e+07	-35.885
-3.1e+07	-35.9
-3e+07	-34.755
-2.9e+07	-32.134
-2.8e+07	-28.798
-2.7e+07	-25.423
-2.6e+07	-22.133
-2.5e+07	-19.676
-2.4e+07	-16.307
-2.3e+07	-13.549
-2.2e+07	-11.112
-2.1e+07	-9.1691
-2e+07	-7.9076
-1.9e+07	-7.469
-1.8e+07	-7.7853
-1.7e+07	-8.7476
-1.6e+07	-10.338
-1.5e+07	-12.752
-1.4e+07	-16.753
-1.3e+07	-25.921
-1.2e+07	-25.639
-1.1e+07	-15.912
-1e+07	-11.389
-9e+06	-8.476
-8e+06	-6.2031
-7e+06	-4.5366
-6e+06	-3.4034
-5e+06	-2.4358
-4e+06	-1.6501
-3e+06	-1.1376
-2e+06	-0.79611
-1e+06	-0.59885
0	-0.36369
1e+06	-0.77238
2e+06	-1.0625
3e+06	-1.1689
4e+06	-1.6919
5e+06	-2.4097
6e+06	-3.6113
7e+06	-4.6918
8e+06	-6.2067
9e+06	-8.5413
1e+07	-11.459
1.1e+07	-15.997
1.2e+07	-25.593
1.3e+07	-25.814
1.4e+07	-16.661
1.5e+07	-12.667
1.6e+07	-10.271
1.7e+07	-8.9075
1.8e+07	-7.9513
1.9e+07	-7.6424
2e+07	-8.0881
2.1e+07	-9.356
2.2e+07	-11.306
2.3e+07	-13.752
2.4e+07	-16.516
2.5e+07	-19.899
2.6e+07	-22.648
2.7e+07	-25.934
2.8e+07	-29.286
2.9e+07	-32.495
3e+07	-34.929
3.1e+07	-35.761
3.2e+07	-35.412
3.3e+07	-35.413
3.4e+07	-36.404
3.5e+07	-38.834
3.6e+07	-43.555
3.7e+07	-53.97
3.8e+07	-54.946
3.9e+07	-46.146
4e+07	-42.513
4.1e+07	-40.723
4.2e+07	-40.19
4.3e+07	-41.003
4.4e+07	-43.371
4.5e+07	-47.538
4.6e+07	-54.037
4.7e+07	-63.495
4.8e+07	-76.742
