-4.8e+07	-84.225
-4.7e+07	-78.988
-4.6e+07	-70.662
-4.5e+07	-64.226
-4.4e+07	-59.889
-4.3e+07	-57.377
-4.2e+07	-56.55
-4.1e+07	-56.984
-4e+07	-58.756
-3.9e+07	-62.254
-3.8e+07	-71.06
-3.7e+07	-70.175
-3.6e+07	-60.039
-3.5e+07	-55.372
-3.4e+07	-52.799
-3.3e+07	-51.54
-3.2e+07	-51.256
-3.1e+07	-50.995
-3e+07	-49.467
-2.9e+07	-46.651
-2.8e+07	-43.321
-2.7e+07	-39.927
-2.6e+07	-36.644
-2.5e+07	-33.9
-2.4e+07	-30.53
-2.3e+07	-27.778
-2.2e+07	-25.341
-2.1e+07	-23.392
-2e+07	-22.12
-1.9e+07	-21.66
-1.8e+07	-21.954
-1.7e+07	-22.902
-1.6e+07	-24.486
-1.5e+07	-26.908
-1.4e+07	-30.917
-1.3e+07	-40.126
-1.2e+07	-39.847
-1.1e+07	-30.128
-1e+07	-25.611
-9e+06	-22.701
-8e+06	-20.61
-7e+06	-19.038
-6e+06	-17.822
-5e+06	-16.875
-4e+06	-16.173
-3e+06	-15.662
-2e+06	-15.318
-1e+06	-15.119
0	-14.909
1e+06	-15.133
2e+06	-15.346
3e+06	-15.705
4e+06	-16.232
5e+06	-16.95
6e+06	-17.909
7e+06	-19.142
8e+06	-20.735
9e+06	-22.841
1e+07	-25.767
1.1e+07	-30.298
1.2e+07	-40.041
1.3e+07	-40.153
1.4e+07	-31.144
1.5e+07	-27.143
1.6e+07	-24.736
1.7e+07	-23.161
1.8e+07	-22.226
1.9e+07	-21.943
2e+07	-22.412
2.1e+07	-23.701
2.2e+07	-25.661
2.3e+07	-28.112
2.4e+07	-30.873
2.5e+07	-34.264
2.6e+07	-37.005
2.7e+07	-40.31
2.8e+07	-43.649
2.9e+07	-46.933
3e+07	-49.556
3.1e+07	-50.867
3.2e+07	-51.009
3.3e+07	-51.284
3.4e+07	-52.4
3.5e+07	-55.009
3.6e+07	-59.708
3.7e+07	-69.594
3.8e+07	-70.457
3.9e+07	-62.075
4e+07	-58.404
4.1e+07	-56.687
4.2e+07	-56.059
4.3e+07	-57.066
4.4e+07	-59.542
4.5e+07	-64.189
4.6e+07	-71.049
4.7e+07	-80.747
4.8e+07	-84.221
