-4.8e+07	-79.228
-4.7e+07	-65.216
-4.6e+07	-55.84
-4.5e+07	-49.074
-4.4e+07	-44.678
-4.3e+07	-42.202
-4.2e+07	-41.341
-4.1e+07	-41.793
-4e+07	-43.518
-3.9e+07	-47.086
-3.8e+07	-55.804
-3.7e+07	-55.048
-3.6e+07	-44.878
-3.5e+07	-40.238
-3.4e+07	-37.762
-3.3e+07	-36.646
-3.2e+07	-36.483
-3.1e+07	-36.477
-3e+07	-35.224
-2.9e+07	-32.555
-2.8e+07	-29.245
-2.7e+07	-25.867
-2.6e+07	-22.582
-2.5e+07	-19.836
-2.4e+07	-16.469
-2.3e+07	-13.714
-2.2e+07	-11.279
-2.1e+07	-9.3359
-2e+07	-8.0712
-1.9e+07	-7.6221
-1.8e+07	-7.9247
-1.7e+07	-8.8765
-1.6e+07	-10.46
-1.5e+07	-12.877
-1.4e+07	-16.888
-1.3e+07	-26.071
-1.2e+07	-25.797
-1.1e+07	-16.079
-1e+07	-11.555
-9e+06	-8.6468
-8e+06	-6.5562
-7e+06	-4.9754
-6e+06	-3.7551
-5e+06	-2.8011
-4e+06	-2.0949
-3e+06	-1.5814
-2e+06	-1.2359
-1e+06	-1.0363
0	-0.82014
1e+06	-1.045
2e+06	-1.2559
3e+06	-1.6105
4e+06	-2.1342
5e+06	-2.8526
6e+06	-3.8155
7e+06	-5.0509
8e+06	-6.646
9e+06	-8.7498
1e+07	-11.671
1.1e+07	-16.205
1.2e+07	-25.94
1.3e+07	-26.052
1.4e+07	-17.053
1.5e+07	-13.049
1.6e+07	-10.643
1.7e+07	-9.0653
1.8e+07	-8.1182
1.9e+07	-7.8223
2e+07	-8.2788
2.1e+07	-9.5514
2.2e+07	-11.502
2.3e+07	-13.945
2.4e+07	-16.708
2.5e+07	-20.087
2.6e+07	-22.834
2.7e+07	-26.117
2.8e+07	-29.454
2.9e+07	-32.652
3e+07	-35.111
3.1e+07	-36.137
3.2e+07	-36.004
3.3e+07	-36.106
3.4e+07	-37.148
3.5e+07	-39.64
3.6e+07	-44.27
3.7e+07	-54.408
3.8e+07	-55.249
3.9e+07	-46.456
4e+07	-42.957
4.1e+07	-41.215
4.2e+07	-40.68
4.3e+07	-41.707
4.4e+07	-44.206
4.5e+07	-48.513
4.6e+07	-55.037
4.7e+07	-64.78
4.8e+07	-80.313
