-4.8e+07	-83.94
-4.7e+07	-80.696
-4.6e+07	-71.995
-4.5e+07	-65.283
-4.4e+07	-60.851
-4.3e+07	-58.485
-4.2e+07	-57.526
-4.1e+07	-57.907
-4e+07	-59.492
-3.9e+07	-62.915
-3.8e+07	-71.667
-3.7e+07	-71.257
-3.6e+07	-61.001
-3.5e+07	-56.471
-3.4e+07	-54.031
-3.3e+07	-52.797
-3.2e+07	-52.298
-3.1e+07	-51.832
-3e+07	-50.132
-2.9e+07	-47.332
-2.8e+07	-44.022
-2.7e+07	-40.646
-2.6e+07	-37.357
-2.5e+07	-34.608
-2.4e+07	-31.24
-2.3e+07	-28.495
-2.2e+07	-26.058
-2.1e+07	-24.11
-2e+07	-22.833
-1.9e+07	-22.369
-1.8e+07	-22.65
-1.7e+07	-23.59
-1.6e+07	-25.174
-1.5e+07	-27.594
-1.4e+07	-31.615
-1.3e+07	-40.819
-1.2e+07	-40.556
-1.1e+07	-30.79
-1e+07	-26.146
-9e+06	-23.404
-8e+06	-21.312
-7e+06	-19.734
-6e+06	-18.519
-5e+06	-17.575
-4e+06	-16.872
-3e+06	-16.359
-2e+06	-16.012
-1e+06	-15.81
0	-15.614
1e+06	-15.818
2e+06	-16.041
3e+06	-16.4
4e+06	-16.929
5e+06	-17.646
6e+06	-18.606
7e+06	-19.838
8e+06	-21.429
9e+06	-23.537
1e+07	-26.464
1.1e+07	-30.994
1.2e+07	-40.73
1.3e+07	-41.017
1.4e+07	-31.824
1.5e+07	-27.816
1.6e+07	-25.408
1.7e+07	-23.843
1.8e+07	-22.91
1.9e+07	-22.64
2e+07	-23.118
2.1e+07	-24.409
2.2e+07	-26.373
2.3e+07	-28.82
2.4e+07	-31.584
2.5e+07	-34.965
2.6e+07	-37.716
2.7e+07	-41.012
2.8e+07	-44.372
2.9e+07	-47.563
3e+07	-50.281
3.1e+07	-51.7
3.2e+07	-52.076
3.3e+07	-52.369
3.4e+07	-53.606
3.5e+07	-56.146
3.6e+07	-60.712
3.7e+07	-70.687
3.8e+07	-71.592
3.9e+07	-62.625
4e+07	-59.385
4.1e+07	-57.726
4.2e+07	-57.329
4.3e+07	-58.294
4.4e+07	-60.737
4.5e+07	-65.486
4.6e+07	-72.308
4.7e+07	-79.566
4.8e+07	-83.371
