-4.8e+07	-79.363
-4.7e+07	-66.522
-4.6e+07	-57.023
-4.5e+07	-50.259
-4.4e+07	-45.762
-4.3e+07	-43.226
-4.2e+07	-42.31
-4.1e+07	-42.628
-4e+07	-44.294
-3.9e+07	-47.696
-3.8e+07	-56.342
-3.7e+07	-55.806
-3.6e+07	-45.822
-3.5e+07	-41.326
-3.4e+07	-38.898
-3.3e+07	-37.723
-3.2e+07	-37.436
-3.1e+07	-37.187
-3e+07	-35.742
-2.9e+07	-33.027
-2.8e+07	-29.717
-2.7e+07	-26.335
-2.6e+07	-23.057
-2.5e+07	-20.308
-2.4e+07	-16.94
-2.3e+07	-14.186
-2.2e+07	-11.752
-2.1e+07	-9.8062
-2e+07	-8.536
-1.9e+07	-8.0793
-1.8e+07	-8.3665
-1.7e+07	-9.3087
-1.6e+07	-10.889
-1.5e+07	-13.306
-1.4e+07	-17.323
-1.3e+07	-26.517
-1.2e+07	-26.243
-1.1e+07	-16.48
-1e+07	-11.83
-9e+06	-9.0857
-8e+06	-6.9936
-7e+06	-5.4094
-6e+06	-4.1862
-5e+06	-3.2358
-4e+06	-2.5285
-3e+06	-2.012
-2e+06	-1.6644
-1e+06	-1.461
0	-1.2582
1e+06	-1.4649
2e+06	-1.6812
3e+06	-2.0382
4e+06	-2.5632
5e+06	-3.2808
6e+06	-4.2412
7e+06	-5.4756
8e+06	-7.0694
9e+06	-9.1742
1e+07	-12.096
1.1e+07	-16.629
1.2e+07	-26.358
1.3e+07	-26.638
1.4e+07	-17.46
1.5e+07	-13.451
1.6e+07	-11.041
1.7e+07	-9.4707
1.8e+07	-8.5304
1.9e+07	-8.2469
2e+07	-8.7142
2.1e+07	-9.9925
2.2e+07	-11.945
2.3e+07	-14.39
2.4e+07	-17.155
2.5e+07	-20.533
2.6e+07	-23.284
2.7e+07	-26.563
2.8e+07	-29.901
2.9e+07	-33.076
3e+07	-35.591
3.1e+07	-36.815
3.2e+07	-36.922
3.3e+07	-37.152
3.4e+07	-38.233
3.5e+07	-40.697
3.6e+07	-45.225
3.7e+07	-55.347
3.8e+07	-55.833
3.9e+07	-47.046
4e+07	-43.802
4.1e+07	-42.203
4.2e+07	-41.848
4.3e+07	-42.82
4.4e+07	-45.336
4.5e+07	-49.759
4.6e+07	-56.472
4.7e+07	-65.877
4.8e+07	-79.573
