-4.8e+07	-82.708
-4.7e+07	-81.31
-4.6e+07	-73.12
-4.5e+07	-66.498
-4.4e+07	-62.236
-4.3e+07	-59.623
-4.2e+07	-58.729
-4.1e+07	-58.924
-4e+07	-60.405
-3.9e+07	-63.848
-3.8e+07	-72.767
-3.7e+07	-72.09
-3.6e+07	-62.175
-3.5e+07	-57.683
-3.4e+07	-55.23
-3.3e+07	-53.977
-3.2e+07	-53.383
-3.1e+07	-52.583
-3e+07	-50.891
-2.9e+07	-48.019
-2.8e+07	-44.693
-2.7e+07	-41.318
-2.6e+07	-38.04
-2.5e+07	-35.29
-2.4e+07	-31.927
-2.3e+07	-29.181
-2.2e+07	-26.747
-2.1e+07	-24.799
-2e+07	-23.518
-1.9e+07	-23.043
-1.8e+07	-23.319
-1.7e+07	-24.251
-1.6e+07	-25.835
-1.5e+07	-28.256
-1.4e+07	-32.278
-1.3e+07	-41.509
-1.2e+07	-41.241
-1.1e+07	-31.515
-1e+07	-26.996
-9e+06	-24.089
-8e+06	-22.001
-7e+06	-20.424
-6e+06	-19.212
-5e+06	-18.271
-4e+06	-17.573
-3e+06	-17.058
-2e+06	-16.712
-1e+06	-16.51
0	-16.319
1e+06	-16.522
2e+06	-16.738
3e+06	-17.098
4e+06	-17.625
5e+06	-18.34
6e+06	-19.294
7e+06	-20.521
8e+06	-22.114
9e+06	-24.218
1e+07	-27.141
1.1e+07	-31.675
1.2e+07	-41.391
1.3e+07	-41.687
1.4e+07	-32.492
1.5e+07	-28.474
1.6e+07	-26.064
1.7e+07	-24.495
1.8e+07	-23.574
1.9e+07	-23.31
2e+07	-23.797
2.1e+07	-25.09
2.2e+07	-27.056
2.3e+07	-29.501
2.4e+07	-32.271
2.5e+07	-35.659
2.6e+07	-38.402
2.7e+07	-41.683
2.8e+07	-45.024
2.9e+07	-48.27
3e+07	-50.895
3.1e+07	-52.593
3.2e+07	-53.14
3.3e+07	-53.657
3.4e+07	-54.863
3.5e+07	-57.37
3.6e+07	-61.96
3.7e+07	-71.765
3.8e+07	-71.966
3.9e+07	-63.549
4e+07	-60.178
4.1e+07	-58.706
4.2e+07	-58.565
4.3e+07	-59.628
4.4e+07	-62.339
4.5e+07	-66.58
4.6e+07	-73.027
4.7e+07	-82.208
4.8e+07	-83.185
