-4e+07	-80.602
-3.9e+07	-74.042
-3.8e+07	-67.663
-3.7e+07	-62.413
-3.6e+07	-57.853
-3.5e+07	-53.596
-3.4e+07	-49.761
-3.3e+07	-46.053
-3.2e+07	-42.57
-3.1e+07	-39.179
-3e+07	-35.885
-2.9e+07	-32.675
-2.8e+07	-29.532
-2.7e+07	-26.423
-2.6e+07	-23.335
-2.5e+07	-20.656
-2.4e+07	-17.223
-2.3e+07	-14.251
-2.2e+07	-11.439
-2.1e+07	-8.9451
-2e+07	-6.9337
-1.9e+07	-5.5107
-1.8e+07	-4.5743
-1.7e+07	-3.9642
-1.6e+07	-3.5295
-1.5e+07	-3.1758
-1.4e+07	-2.8845
-1.3e+07	-2.6222
-1.2e+07	-2.3967
-1.1e+07	-2.2143
-1e+07	-2.0662
-9e+06	-1.9694
-8e+06	-1.8982
-7e+06	-1.8529
-6e+06	-1.8234
-5e+06	-1.7974
-4e+06	-1.7925
-3e+06	-1.784
-2e+06	-1.7762
-1e+06	-1.7693
0	-1.6387
1e+06	-1.7805
2e+06	-1.7988
3e+06	-1.8174
4e+06	-1.8384
5e+06	-1.855
6e+06	-1.8917
7e+06	-1.9323
8e+06	-1.9896
9e+06	-2.0718
1e+07	-2.18
1.1e+07	-2.3389
1.2e+07	-2.534
1.3e+07	-2.7689
1.4e+07	-3.044
1.5e+07	-3.3476
1.6e+07	-3.7135
1.7e+07	-4.1595
1.8e+07	-4.7806
1.9e+07	-5.7281
2e+07	-7.163
2.1e+07	-9.1847
2.2e+07	-11.691
2.3e+07	-14.515
2.4e+07	-17.499
2.5e+07	-20.953
2.6e+07	-23.635
2.7e+07	-26.736
2.8e+07	-29.862
2.9e+07	-33.016
3e+07	-36.224
3.1e+07	-39.541
3.2e+07	-42.954
3.3e+07	-46.45
3.4e+07	-50.146
3.5e+07	-53.863
3.6e+07	-58.301
3.7e+07	-63
3.8e+07	-68.228
3.9e+07	-74.276
4e+07	-76.037
