4e+08	-4.8e+07	-74.862
5e+08	-4.8e+07	-76.342
6e+08	-4.8e+07	-77.23
7e+08	-4.8e+07	-79.228
8e+08	-4.8e+07	-79.363
9e+08	-4.8e+07	-80.751
1e+09	-4.8e+07	-80.826
1.1e+09	-4.8e+07	-82.61
1.2e+09	-4.8e+07	-82.811
1.3e+09	-4.8e+07	-82.89
1.4e+09	-4.8e+07	-82.253
1.5e+09	-4.8e+07	-82.863
1.6e+09	-4.8e+07	-82.464
1.7e+09	-4.8e+07	-84.331
1.8e+09	-4.8e+07	-83.74
1.9e+09	-4.8e+07	-83.66
2e+09	-4.8e+07	-84.865
2.1e+09	-4.8e+07	-84.429
2.2e+09	-4.8e+07	-83.815
2.3e+09	-4.8e+07	-85.141
2.4e+09	-4.8e+07	-85.849
2.5e+09	-4.8e+07	-83.719
2.6e+09	-4.8e+07	-83.449
2.7e+09	-4.8e+07	-85.139
2.8e+09	-4.8e+07	-84.762
2.9e+09	-4.8e+07	-83.808
3e+09	-4.8e+07	-83.549
3.1e+09	-4.8e+07	-84.087
3.2e+09	-4.8e+07	-83.759
3.3e+09	-4.8e+07	-82.446
3.4e+09	-4.8e+07	-82.048
3.5e+09	-4.8e+07	-82.878
3.6e+09	-4.8e+07	-81.858
3.7e+09	-4.8e+07	-82.131
3.8e+09	-4.8e+07	-81.767
3.9e+09	-4.8e+07	-83.459
4e+09	-4.8e+07	-84.636
4.1e+09	-4.8e+07	-84.311
4.2e+09	-4.8e+07	-85.768
4.3e+09	-4.8e+07	-84.607
4.4e+09	-4.8e+07	-83.762
4e+08	-4.7e+07	-64.314
5e+08	-4.7e+07	-63.284
6e+08	-4.7e+07	-63.926
7e+08	-4.7e+07	-65.216
8e+08	-4.7e+07	-66.522
9e+08	-4.7e+07	-68.264
1e+09	-4.7e+07	-70.483
1.1e+09	-4.7e+07	-72.168
1.2e+09	-4.7e+07	-72.311
1.3e+09	-4.7e+07	-74.347
1.4e+09	-4.7e+07	-74.807
1.5e+09	-4.7e+07	-76.539
1.6e+09	-4.7e+07	-77.973
1.7e+09	-4.7e+07	-79.512
1.8e+09	-4.7e+07	-79.985
1.9e+09	-4.7e+07	-82.672
2e+09	-4.7e+07	-81.761
2.1e+09	-4.7e+07	-82.146
2.2e+09	-4.7e+07	-82.6
2.3e+09	-4.7e+07	-84.483
2.4e+09	-4.7e+07	-83.989
2.5e+09	-4.7e+07	-84.67
2.6e+09	-4.7e+07	-83.512
2.7e+09	-4.7e+07	-83.841
2.8e+09	-4.7e+07	-84.289
2.9e+09	-4.7e+07	-83.867
3e+09	-4.7e+07	-82.218
3.1e+09	-4.7e+07	-83.41
3.2e+09	-4.7e+07	-83.577
3.3e+09	-4.7e+07	-83.979
3.4e+09	-4.7e+07	-83.122
3.5e+09	-4.7e+07	-83.969
3.6e+09	-4.7e+07	-81.709
3.7e+09	-4.7e+07	-82.008
3.8e+09	-4.7e+07	-83.065
3.9e+09	-4.7e+07	-83.185
4e+09	-4.7e+07	-83.078
4.1e+09	-4.7e+07	-85.184
4.2e+09	-4.7e+07	-84.814
4.3e+09	-4.7e+07	-84.794
4.4e+09	-4.7e+07	-83.098
4e+08	-4.6e+07	-55.243
5e+08	-4.6e+07	-54.76
6e+08	-4.6e+07	-54.859
7e+08	-4.6e+07	-55.84
8e+08	-4.6e+07	-57.023
9e+08	-4.6e+07	-58.49
1e+09	-4.6e+07	-60.447
1.1e+09	-4.6e+07	-61.483
1.2e+09	-4.6e+07	-62.767
1.3e+09	-4.6e+07	-64.174
1.4e+09	-4.6e+07	-65.503
1.5e+09	-4.6e+07	-66.899
1.6e+09	-4.6e+07	-68.015
1.7e+09	-4.6e+07	-69.617
1.8e+09	-4.6e+07	-71.328
1.9e+09	-4.6e+07	-72.22
2e+09	-4.6e+07	-73.938
2.1e+09	-4.6e+07	-76.238
2.2e+09	-4.6e+07	-76.762
2.3e+09	-4.6e+07	-78.466
2.4e+09	-4.6e+07	-79.597
2.5e+09	-4.6e+07	-79.716
2.6e+09	-4.6e+07	-80.502
2.7e+09	-4.6e+07	-81.408
2.8e+09	-4.6e+07	-80.715
2.9e+09	-4.6e+07	-81.683
3e+09	-4.6e+07	-81.177
3.1e+09	-4.6e+07	-82.337
3.2e+09	-4.6e+07	-82.264
3.3e+09	-4.6e+07	-81.406
3.4e+09	-4.6e+07	-81.058
3.5e+09	-4.6e+07	-82.719
3.6e+09	-4.6e+07	-81.885
3.7e+09	-4.6e+07	-81.506
3.8e+09	-4.6e+07	-82.366
3.9e+09	-4.6e+07	-82.455
4e+09	-4.6e+07	-82.687
4.1e+09	-4.6e+07	-84.139
4.2e+09	-4.6e+07	-83.516
4.3e+09	-4.6e+07	-83.866
4.4e+09	-4.6e+07	-81.648
4e+08	-4.5e+07	-49.097
5e+08	-4.5e+07	-48.394
6e+08	-4.5e+07	-48.323
7e+08	-4.5e+07	-49.074
8e+08	-4.5e+07	-50.259
9e+08	-4.5e+07	-51.613
1e+09	-4.5e+07	-53.43
1.1e+09	-4.5e+07	-54.558
1.2e+09	-4.5e+07	-55.844
1.3e+09	-4.5e+07	-57.227
1.4e+09	-4.5e+07	-58.12
1.5e+09	-4.5e+07	-60.003
1.6e+09	-4.5e+07	-61.065
1.7e+09	-4.5e+07	-62.76
1.8e+09	-4.5e+07	-64.275
1.9e+09	-4.5e+07	-65.366
2e+09	-4.5e+07	-67.068
2.1e+09	-4.5e+07	-68.996
2.2e+09	-4.5e+07	-70.29
2.3e+09	-4.5e+07	-71.613
2.4e+09	-4.5e+07	-71.638
2.5e+09	-4.5e+07	-72.692
2.6e+09	-4.5e+07	-73.865
2.7e+09	-4.5e+07	-75.473
2.8e+09	-4.5e+07	-75.464
2.9e+09	-4.5e+07	-75.211
3e+09	-4.5e+07	-76.301
3.1e+09	-4.5e+07	-78.103
3.2e+09	-4.5e+07	-78.127
3.3e+09	-4.5e+07	-77.439
3.4e+09	-4.5e+07	-77.826
3.5e+09	-4.5e+07	-79.383
3.6e+09	-4.5e+07	-78.531
3.7e+09	-4.5e+07	-79.535
3.8e+09	-4.5e+07	-80.027
3.9e+09	-4.5e+07	-78.58
4e+09	-4.5e+07	-79.99
4.1e+09	-4.5e+07	-79.292
4.2e+09	-4.5e+07	-78.961
4.3e+09	-4.5e+07	-76.643
4.4e+09	-4.5e+07	-75.663
4e+08	-4.4e+07	-44.868
5e+08	-4.4e+07	-43.89
6e+08	-4.4e+07	-44.019
7e+08	-4.4e+07	-44.678
8e+08	-4.4e+07	-45.762
9e+08	-4.4e+07	-47.059
1e+09	-4.4e+07	-48.938
1.1e+09	-4.4e+07	-49.974
1.2e+09	-4.4e+07	-51.172
1.3e+09	-4.4e+07	-52.507
1.4e+09	-4.4e+07	-53.593
1.5e+09	-4.4e+07	-55.11
1.6e+09	-4.4e+07	-56.333
1.7e+09	-4.4e+07	-58.094
1.8e+09	-4.4e+07	-59.54
1.9e+09	-4.4e+07	-60.68
2e+09	-4.4e+07	-62.179
2.1e+09	-4.4e+07	-63.726
2.2e+09	-4.4e+07	-65.217
2.3e+09	-4.4e+07	-66.352
2.4e+09	-4.4e+07	-66.874
2.5e+09	-4.4e+07	-67.517
2.6e+09	-4.4e+07	-68.588
2.7e+09	-4.4e+07	-70.18
2.8e+09	-4.4e+07	-70.882
2.9e+09	-4.4e+07	-70.477
3e+09	-4.4e+07	-71.569
3.1e+09	-4.4e+07	-73.448
3.2e+09	-4.4e+07	-74.041
3.3e+09	-4.4e+07	-73.549
3.4e+09	-4.4e+07	-74.103
3.5e+09	-4.4e+07	-75.062
3.6e+09	-4.4e+07	-73.809
3.7e+09	-4.4e+07	-75.629
3.8e+09	-4.4e+07	-75.566
3.9e+09	-4.4e+07	-75.996
4e+09	-4.4e+07	-75.726
4.1e+09	-4.4e+07	-74.703
4.2e+09	-4.4e+07	-75.066
4.3e+09	-4.4e+07	-72.581
4.4e+09	-4.4e+07	-70.742
4e+08	-4.3e+07	-42.578
5e+08	-4.3e+07	-41.884
6e+08	-4.3e+07	-41.656
7e+08	-4.3e+07	-42.202
8e+08	-4.3e+07	-43.226
9e+08	-4.3e+07	-44.489
1e+09	-4.3e+07	-46.278
1.1e+09	-4.3e+07	-47.298
1.2e+09	-4.3e+07	-48.488
1.3e+09	-4.3e+07	-49.722
1.4e+09	-4.3e+07	-50.795
1.5e+09	-4.3e+07	-52.315
1.6e+09	-4.3e+07	-53.427
1.7e+09	-4.3e+07	-55.286
1.8e+09	-4.3e+07	-56.735
1.9e+09	-4.3e+07	-57.58
2e+09	-4.3e+07	-59.275
2.1e+09	-4.3e+07	-60.986
2.2e+09	-4.3e+07	-62.237
2.3e+09	-4.3e+07	-63.447
2.4e+09	-4.3e+07	-63.964
2.5e+09	-4.3e+07	-65.044
2.6e+09	-4.3e+07	-66.244
2.7e+09	-4.3e+07	-67.212
2.8e+09	-4.3e+07	-68.015
2.9e+09	-4.3e+07	-67.551
3e+09	-4.3e+07	-68.82
3.1e+09	-4.3e+07	-70.774
3.2e+09	-4.3e+07	-71.109
3.3e+09	-4.3e+07	-70.423
3.4e+09	-4.3e+07	-71.448
3.5e+09	-4.3e+07	-71.951
3.6e+09	-4.3e+07	-72.317
3.7e+09	-4.3e+07	-72.272
3.8e+09	-4.3e+07	-73.96
3.9e+09	-4.3e+07	-74.173
4e+09	-4.3e+07	-72.083
4.1e+09	-4.3e+07	-72.261
4.2e+09	-4.3e+07	-71.694
4.3e+09	-4.3e+07	-69.649
4.4e+09	-4.3e+07	-68.263
4e+08	-4.2e+07	-41.833
5e+08	-4.2e+07	-41.158
6e+08	-4.2e+07	-40.848
7e+08	-4.2e+07	-41.341
8e+08	-4.2e+07	-42.31
9e+08	-4.2e+07	-43.436
1e+09	-4.2e+07	-45.133
1.1e+09	-4.2e+07	-46.18
1.2e+09	-4.2e+07	-47.279
1.3e+09	-4.2e+07	-48.545
1.4e+09	-4.2e+07	-49.598
1.5e+09	-4.2e+07	-51.116
1.6e+09	-4.2e+07	-52.176
1.7e+09	-4.2e+07	-53.955
1.8e+09	-4.2e+07	-55.288
1.9e+09	-4.2e+07	-56.427
2e+09	-4.2e+07	-57.903
2.1e+09	-4.2e+07	-59.606
2.2e+09	-4.2e+07	-60.855
2.3e+09	-4.2e+07	-62.355
2.4e+09	-4.2e+07	-62.701
2.5e+09	-4.2e+07	-63.469
2.6e+09	-4.2e+07	-64.971
2.7e+09	-4.2e+07	-66.085
2.8e+09	-4.2e+07	-66.744
2.9e+09	-4.2e+07	-66.252
3e+09	-4.2e+07	-67.621
3.1e+09	-4.2e+07	-69.192
3.2e+09	-4.2e+07	-69.858
3.3e+09	-4.2e+07	-69.101
3.4e+09	-4.2e+07	-69.771
3.5e+09	-4.2e+07	-71.159
3.6e+09	-4.2e+07	-70.802
3.7e+09	-4.2e+07	-71.476
3.8e+09	-4.2e+07	-72.513
3.9e+09	-4.2e+07	-72.285
4e+09	-4.2e+07	-70.852
4.1e+09	-4.2e+07	-70.905
4.2e+09	-4.2e+07	-71.105
4.3e+09	-4.2e+07	-68.476
4.4e+09	-4.2e+07	-67.119
4e+08	-4.1e+07	-42.413
5e+08	-4.1e+07	-41.8
6e+08	-4.1e+07	-41.372
7e+08	-4.1e+07	-41.793
8e+08	-4.1e+07	-42.628
9e+08	-4.1e+07	-43.698
1e+09	-4.1e+07	-45.294
1.1e+09	-4.1e+07	-46.27
1.2e+09	-4.1e+07	-47.339
1.3e+09	-4.1e+07	-48.611
1.4e+09	-4.1e+07	-49.823
1.5e+09	-4.1e+07	-51.129
1.6e+09	-4.1e+07	-52.212
1.7e+09	-4.1e+07	-54.017
1.8e+09	-4.1e+07	-55.214
1.9e+09	-4.1e+07	-56.316
2e+09	-4.1e+07	-58.08
2.1e+09	-4.1e+07	-59.793
2.2e+09	-4.1e+07	-60.951
2.3e+09	-4.1e+07	-62.32
2.4e+09	-4.1e+07	-62.566
2.5e+09	-4.1e+07	-63.701
2.6e+09	-4.1e+07	-64.772
2.7e+09	-4.1e+07	-66.118
2.8e+09	-4.1e+07	-66.615
2.9e+09	-4.1e+07	-66.522
3e+09	-4.1e+07	-67.462
3.1e+09	-4.1e+07	-69.469
3.2e+09	-4.1e+07	-70.055
3.3e+09	-4.1e+07	-69.44
3.4e+09	-4.1e+07	-69.77
3.5e+09	-4.1e+07	-70.375
3.6e+09	-4.1e+07	-71.376
3.7e+09	-4.1e+07	-71.83
3.8e+09	-4.1e+07	-72.829
3.9e+09	-4.1e+07	-72.101
4e+09	-4.1e+07	-71.27
4.1e+09	-4.1e+07	-71.387
4.2e+09	-4.1e+07	-71.161
4.3e+09	-4.1e+07	-68.941
4.4e+09	-4.1e+07	-67.26
4e+08	-4e+07	-44.25
5e+08	-4e+07	-43.733
6e+08	-4e+07	-43.181
7e+08	-4e+07	-43.518
8e+08	-4e+07	-44.294
9e+08	-4e+07	-45.163
1e+09	-4e+07	-46.733
1.1e+09	-4e+07	-47.738
1.2e+09	-4e+07	-48.702
1.3e+09	-4e+07	-49.931
1.4e+09	-4e+07	-51.047
1.5e+09	-4e+07	-52.346
1.6e+09	-4e+07	-53.569
1.7e+09	-4e+07	-55.345
1.8e+09	-4e+07	-56.57
1.9e+09	-4e+07	-57.55
2e+09	-4e+07	-59.169
2.1e+09	-4e+07	-60.966
2.2e+09	-4e+07	-62.168
2.3e+09	-4e+07	-63.328
2.4e+09	-4e+07	-64.031
2.5e+09	-4e+07	-64.932
2.6e+09	-4e+07	-66.058
2.7e+09	-4e+07	-67.349
2.8e+09	-4e+07	-67.621
2.9e+09	-4e+07	-67.768
3e+09	-4e+07	-68.753
3.1e+09	-4e+07	-70.985
3.2e+09	-4e+07	-70.633
3.3e+09	-4e+07	-70.044
3.4e+09	-4e+07	-71.361
3.5e+09	-4e+07	-72.49
3.6e+09	-4e+07	-72.657
3.7e+09	-4e+07	-72.778
3.8e+09	-4e+07	-74.194
3.9e+09	-4e+07	-72.773
4e+09	-4e+07	-72.931
4.1e+09	-4e+07	-72.668
4.2e+09	-4e+07	-72.938
4.3e+09	-4e+07	-70.193
4.4e+09	-4e+07	-68.43
4e+08	-3.9e+07	-47.854
5e+08	-3.9e+07	-47.47
6e+08	-3.9e+07	-46.887
7e+08	-3.9e+07	-47.086
8e+08	-3.9e+07	-47.696
9e+08	-3.9e+07	-48.606
1e+09	-3.9e+07	-50.054
1.1e+09	-3.9e+07	-51.03
1.2e+09	-3.9e+07	-52.018
1.3e+09	-3.9e+07	-53.227
1.4e+09	-3.9e+07	-54.481
1.5e+09	-3.9e+07	-55.681
1.6e+09	-3.9e+07	-56.775
1.7e+09	-3.9e+07	-58.552
1.8e+09	-3.9e+07	-59.733
1.9e+09	-3.9e+07	-60.848
2e+09	-3.9e+07	-62.582
2.1e+09	-3.9e+07	-64.366
2.2e+09	-3.9e+07	-65.336
2.3e+09	-3.9e+07	-66.817
2.4e+09	-3.9e+07	-67.288
2.5e+09	-3.9e+07	-68.085
2.6e+09	-3.9e+07	-68.827
2.7e+09	-3.9e+07	-70.309
2.8e+09	-3.9e+07	-71.102
2.9e+09	-3.9e+07	-70.699
3e+09	-3.9e+07	-71.929
3.1e+09	-3.9e+07	-73.595
3.2e+09	-3.9e+07	-74.03
3.3e+09	-3.9e+07	-73.564
3.4e+09	-3.9e+07	-75.172
3.5e+09	-3.9e+07	-75.384
3.6e+09	-3.9e+07	-75.497
3.7e+09	-3.9e+07	-75.179
3.8e+09	-3.9e+07	-75.837
3.9e+09	-3.9e+07	-76.679
4e+09	-3.9e+07	-76.246
4.1e+09	-3.9e+07	-76.396
4.2e+09	-3.9e+07	-76.027
4.3e+09	-3.9e+07	-73.828
4.4e+09	-3.9e+07	-71.622
4e+08	-3.8e+07	-56.578
5e+08	-3.8e+07	-56.293
6e+08	-3.8e+07	-55.566
7e+08	-3.8e+07	-55.804
8e+08	-3.8e+07	-56.342
9e+08	-3.8e+07	-57.366
1e+09	-3.8e+07	-58.732
1.1e+09	-3.8e+07	-59.929
1.2e+09	-3.8e+07	-60.811
1.3e+09	-3.8e+07	-62.051
1.4e+09	-3.8e+07	-62.829
1.5e+09	-3.8e+07	-64.695
1.6e+09	-3.8e+07	-65.619
1.7e+09	-3.8e+07	-67.592
1.8e+09	-3.8e+07	-68.367
1.9e+09	-3.8e+07	-69.373
2e+09	-3.8e+07	-71.581
2.1e+09	-3.8e+07	-72.236
2.2e+09	-3.8e+07	-73.987
2.3e+09	-3.8e+07	-75.239
2.4e+09	-3.8e+07	-75.517
2.5e+09	-3.8e+07	-76.548
2.6e+09	-3.8e+07	-76.454
2.7e+09	-3.8e+07	-80.283
2.8e+09	-3.8e+07	-80.733
2.9e+09	-3.8e+07	-79.125
3e+09	-3.8e+07	-80.029
3.1e+09	-3.8e+07	-80.813
3.2e+09	-3.8e+07	-81.621
3.3e+09	-3.8e+07	-80.961
3.4e+09	-3.8e+07	-80.558
3.5e+09	-3.8e+07	-82.106
3.6e+09	-3.8e+07	-80.179
3.7e+09	-3.8e+07	-80.792
3.8e+09	-3.8e+07	-81.662
3.9e+09	-3.8e+07	-82.689
4e+09	-3.8e+07	-81.549
4.1e+09	-3.8e+07	-84.04
4.2e+09	-3.8e+07	-82.348
4.3e+09	-3.8e+07	-80.792
4.4e+09	-3.8e+07	-79.253
4e+08	-3.7e+07	-55.535
5e+08	-3.7e+07	-55.228
6e+08	-3.7e+07	-54.739
7e+08	-3.7e+07	-55.048
8e+08	-3.7e+07	-55.806
9e+08	-3.7e+07	-56.715
1e+09	-3.7e+07	-58.23
1.1e+09	-3.7e+07	-59.063
1.2e+09	-3.7e+07	-60.323
1.3e+09	-3.7e+07	-61.579
1.4e+09	-3.7e+07	-62.682
1.5e+09	-3.7e+07	-63.693
1.6e+09	-3.7e+07	-65.355
1.7e+09	-3.7e+07	-67.208
1.8e+09	-3.7e+07	-68.073
1.9e+09	-3.7e+07	-68.752
2e+09	-3.7e+07	-70.76
2.1e+09	-3.7e+07	-72.483
2.2e+09	-3.7e+07	-73.727
2.3e+09	-3.7e+07	-74.929
2.4e+09	-3.7e+07	-75.033
2.5e+09	-3.7e+07	-76.181
2.6e+09	-3.7e+07	-77.364
2.7e+09	-3.7e+07	-78.197
2.8e+09	-3.7e+07	-78.553
2.9e+09	-3.7e+07	-78.694
3e+09	-3.7e+07	-78.764
3.1e+09	-3.7e+07	-80.646
3.2e+09	-3.7e+07	-80.45
3.3e+09	-3.7e+07	-80.887
3.4e+09	-3.7e+07	-81.425
3.5e+09	-3.7e+07	-78.945
3.6e+09	-3.7e+07	-80.21
3.7e+09	-3.7e+07	-81.17
3.8e+09	-3.7e+07	-80.701
3.9e+09	-3.7e+07	-81.459
4e+09	-3.7e+07	-82.508
4.1e+09	-3.7e+07	-81.788
4.2e+09	-3.7e+07	-82.745
4.3e+09	-3.7e+07	-81.54
4.4e+09	-3.7e+07	-79.745
4e+08	-3.6e+07	-44.86
5e+08	-3.6e+07	-44.477
6e+08	-3.6e+07	-44.366
7e+08	-3.6e+07	-44.878
8e+08	-3.6e+07	-45.822
9e+08	-3.6e+07	-46.948
1e+09	-3.6e+07	-48.63
1.1e+09	-3.6e+07	-49.683
1.2e+09	-3.6e+07	-50.717
1.3e+09	-3.6e+07	-51.975
1.4e+09	-3.6e+07	-53.184
1.5e+09	-3.6e+07	-54.443
1.6e+09	-3.6e+07	-55.634
1.7e+09	-3.6e+07	-57.293
1.8e+09	-3.6e+07	-58.57
1.9e+09	-3.6e+07	-59.621
2e+09	-3.6e+07	-61.093
2.1e+09	-3.6e+07	-62.687
2.2e+09	-3.6e+07	-64.123
2.3e+09	-3.6e+07	-65.327
2.4e+09	-3.6e+07	-65.513
2.5e+09	-3.6e+07	-66.59
2.6e+09	-3.6e+07	-68.265
2.7e+09	-3.6e+07	-69.065
2.8e+09	-3.6e+07	-69.933
2.9e+09	-3.6e+07	-69.126
3e+09	-3.6e+07	-70.821
3.1e+09	-3.6e+07	-71.978
3.2e+09	-3.6e+07	-72.332
3.3e+09	-3.6e+07	-71.584
3.4e+09	-3.6e+07	-72.286
3.5e+09	-3.6e+07	-73.658
3.6e+09	-3.6e+07	-73.682
3.7e+09	-3.6e+07	-74.155
3.8e+09	-3.6e+07	-75.733
3.9e+09	-3.6e+07	-74.812
4e+09	-3.6e+07	-73.562
4.1e+09	-3.6e+07	-74.272
4.2e+09	-3.6e+07	-74.461
4.3e+09	-3.6e+07	-72.945
4.4e+09	-3.6e+07	-70.216
4e+08	-3.5e+07	-39.745
5e+08	-3.5e+07	-39.404
6e+08	-3.5e+07	-39.595
7e+08	-3.5e+07	-40.238
8e+08	-3.5e+07	-41.326
9e+08	-3.5e+07	-42.593
1e+09	-3.5e+07	-44.337
1.1e+09	-3.5e+07	-45.404
1.2e+09	-3.5e+07	-46.473
1.3e+09	-3.5e+07	-47.785
1.4e+09	-3.5e+07	-48.901
1.5e+09	-3.5e+07	-50.151
1.6e+09	-3.5e+07	-51.325
1.7e+09	-3.5e+07	-52.971
1.8e+09	-3.5e+07	-54.21
1.9e+09	-3.5e+07	-55.164
2e+09	-3.5e+07	-56.717
2.1e+09	-3.5e+07	-58.317
2.2e+09	-3.5e+07	-59.534
2.3e+09	-3.5e+07	-60.857
2.4e+09	-3.5e+07	-61.146
2.5e+09	-3.5e+07	-62.146
2.6e+09	-3.5e+07	-63.462
2.7e+09	-3.5e+07	-64.699
2.8e+09	-3.5e+07	-64.817
2.9e+09	-3.5e+07	-64.851
3e+09	-3.5e+07	-65.865
3.1e+09	-3.5e+07	-67.309
3.2e+09	-3.5e+07	-67.826
3.3e+09	-3.5e+07	-66.898
3.4e+09	-3.5e+07	-67.947
3.5e+09	-3.5e+07	-68.552
3.6e+09	-3.5e+07	-68.263
3.7e+09	-3.5e+07	-68.979
3.8e+09	-3.5e+07	-70.848
3.9e+09	-3.5e+07	-70.284
4e+09	-3.5e+07	-69.631
4.1e+09	-3.5e+07	-69.873
4.2e+09	-3.5e+07	-70.063
4.3e+09	-3.5e+07	-68.289
4.4e+09	-3.5e+07	-66.44
4e+08	-3.4e+07	-37.263
5e+08	-3.4e+07	-36.818
6e+08	-3.4e+07	-37.04
7e+08	-3.4e+07	-37.762
8e+08	-3.4e+07	-38.898
9e+08	-3.4e+07	-40.193
1e+09	-3.4e+07	-41.921
1.1e+09	-3.4e+07	-43.02
1.2e+09	-3.4e+07	-44.121
1.3e+09	-3.4e+07	-45.382
1.4e+09	-3.4e+07	-46.505
1.5e+09	-3.4e+07	-47.753
1.6e+09	-3.4e+07	-49.017
1.7e+09	-3.4e+07	-50.348
1.8e+09	-3.4e+07	-51.504
1.9e+09	-3.4e+07	-52.479
2e+09	-3.4e+07	-53.969
2.1e+09	-3.4e+07	-55.383
2.2e+09	-3.4e+07	-56.56
2.3e+09	-3.4e+07	-57.751
2.4e+09	-3.4e+07	-58.065
2.5e+09	-3.4e+07	-58.931
2.6e+09	-3.4e+07	-60.125
2.7e+09	-3.4e+07	-61.239
2.8e+09	-3.4e+07	-61.8
2.9e+09	-3.4e+07	-61.311
3e+09	-3.4e+07	-62.342
3.1e+09	-3.4e+07	-64.025
3.2e+09	-3.4e+07	-64.363
3.3e+09	-3.4e+07	-63.43
3.4e+09	-3.4e+07	-64.233
3.5e+09	-3.4e+07	-65.028
3.6e+09	-3.4e+07	-65.075
3.7e+09	-3.4e+07	-65.731
3.8e+09	-3.4e+07	-66.896
3.9e+09	-3.4e+07	-66.335
4e+09	-3.4e+07	-66.294
4.1e+09	-3.4e+07	-66.798
4.2e+09	-3.4e+07	-67.225
4.3e+09	-3.4e+07	-65.049
4.4e+09	-3.4e+07	-64.067
4e+08	-3.3e+07	-36.151
5e+08	-3.3e+07	-35.707
6e+08	-3.3e+07	-35.951
7e+08	-3.3e+07	-36.646
8e+08	-3.3e+07	-37.723
9e+08	-3.3e+07	-38.947
1e+09	-3.3e+07	-40.575
1.1e+09	-3.3e+07	-41.598
1.2e+09	-3.3e+07	-42.66
1.3e+09	-3.3e+07	-43.825
1.4e+09	-3.3e+07	-44.853
1.5e+09	-3.3e+07	-46.001
1.6e+09	-3.3e+07	-47.187
1.7e+09	-3.3e+07	-48.49
1.8e+09	-3.3e+07	-49.512
1.9e+09	-3.3e+07	-50.343
2e+09	-3.3e+07	-51.735
2.1e+09	-3.3e+07	-52.984
2.2e+09	-3.3e+07	-54.063
2.3e+09	-3.3e+07	-55.245
2.4e+09	-3.3e+07	-55.467
2.5e+09	-3.3e+07	-56.247
2.6e+09	-3.3e+07	-57.439
2.7e+09	-3.3e+07	-58.596
2.8e+09	-3.3e+07	-58.85
2.9e+09	-3.3e+07	-58.387
3e+09	-3.3e+07	-59.354
3.1e+09	-3.3e+07	-60.843
3.2e+09	-3.3e+07	-61.106
3.3e+09	-3.3e+07	-60.173
3.4e+09	-3.3e+07	-60.822
3.5e+09	-3.3e+07	-61.808
3.6e+09	-3.3e+07	-61.621
3.7e+09	-3.3e+07	-62.309
3.8e+09	-3.3e+07	-63.548
3.9e+09	-3.3e+07	-62.908
4e+09	-3.3e+07	-62.955
4.1e+09	-3.3e+07	-63.657
4.2e+09	-3.3e+07	-64.027
4.3e+09	-3.3e+07	-62.698
4.4e+09	-3.3e+07	-61.803
4e+08	-3.2e+07	-36.07
5e+08	-3.2e+07	-35.652
6e+08	-3.2e+07	-35.885
7e+08	-3.2e+07	-36.483
8e+08	-3.2e+07	-37.436
9e+08	-3.2e+07	-38.437
1e+09	-3.2e+07	-39.769
1.1e+09	-3.2e+07	-40.787
1.2e+09	-3.2e+07	-41.615
1.3e+09	-3.2e+07	-42.382
1.4e+09	-3.2e+07	-43.504
1.5e+09	-3.2e+07	-44.443
1.6e+09	-3.2e+07	-45.555
1.7e+09	-3.2e+07	-46.676
1.8e+09	-3.2e+07	-47.572
1.9e+09	-3.2e+07	-48.222
2e+09	-3.2e+07	-49.449
2.1e+09	-3.2e+07	-50.554
2.2e+09	-3.2e+07	-51.593
2.3e+09	-3.2e+07	-52.664
2.4e+09	-3.2e+07	-52.81
2.5e+09	-3.2e+07	-53.574
2.6e+09	-3.2e+07	-54.615
2.7e+09	-3.2e+07	-55.748
2.8e+09	-3.2e+07	-55.929
2.9e+09	-3.2e+07	-55.363
3e+09	-3.2e+07	-56.385
3.1e+09	-3.2e+07	-57.723
3.2e+09	-3.2e+07	-57.865
3.3e+09	-3.2e+07	-56.957
3.4e+09	-3.2e+07	-57.71
3.5e+09	-3.2e+07	-58.335
3.6e+09	-3.2e+07	-58.181
3.7e+09	-3.2e+07	-58.967
3.8e+09	-3.2e+07	-60.203
3.9e+09	-3.2e+07	-59.674
4e+09	-3.2e+07	-59.527
4.1e+09	-3.2e+07	-60.365
4.2e+09	-3.2e+07	-61.116
4.3e+09	-3.2e+07	-60.163
4.4e+09	-3.2e+07	-59.629
4e+08	-3.1e+07	-36.403
5e+08	-3.1e+07	-35.99
6e+08	-3.1e+07	-35.9
7e+08	-3.1e+07	-36.477
8e+08	-3.1e+07	-37.187
9e+08	-3.1e+07	-37.838
1e+09	-3.1e+07	-38.816
1.1e+09	-3.1e+07	-39.734
1.2e+09	-3.1e+07	-40.396
1.3e+09	-3.1e+07	-40.961
1.4e+09	-3.1e+07	-41.879
1.5e+09	-3.1e+07	-42.598
1.6e+09	-3.1e+07	-43.682
1.7e+09	-3.1e+07	-44.615
1.8e+09	-3.1e+07	-45.389
1.9e+09	-3.1e+07	-45.955
2e+09	-3.1e+07	-46.979
2.1e+09	-3.1e+07	-47.886
2.2e+09	-3.1e+07	-48.843
2.3e+09	-3.1e+07	-49.892
2.4e+09	-3.1e+07	-49.888
2.5e+09	-3.1e+07	-50.637
2.6e+09	-3.1e+07	-51.69
2.7e+09	-3.1e+07	-52.816
2.8e+09	-3.1e+07	-52.759
2.9e+09	-3.1e+07	-52.201
3e+09	-3.1e+07	-53.123
3.1e+09	-3.1e+07	-54.426
3.2e+09	-3.1e+07	-54.484
3.3e+09	-3.1e+07	-53.563
3.4e+09	-3.1e+07	-54.187
3.5e+09	-3.1e+07	-54.887
3.6e+09	-3.1e+07	-54.666
3.7e+09	-3.1e+07	-55.515
3.8e+09	-3.1e+07	-56.718
3.9e+09	-3.1e+07	-56.173
4e+09	-3.1e+07	-55.972
4.1e+09	-3.1e+07	-56.976
4.2e+09	-3.1e+07	-57.619
4.3e+09	-3.1e+07	-56.787
4.4e+09	-3.1e+07	-56.711
4e+08	-3e+07	-35.616
5e+08	-3e+07	-35.077
6e+08	-3e+07	-34.755
7e+08	-3e+07	-35.224
8e+08	-3e+07	-35.742
9e+08	-3e+07	-36.187
1e+09	-3e+07	-36.935
1.1e+09	-3e+07	-37.827
1.2e+09	-3e+07	-38.333
1.3e+09	-3e+07	-39.009
1.4e+09	-3e+07	-39.572
1.5e+09	-3e+07	-40.272
1.6e+09	-3e+07	-41.156
1.7e+09	-3e+07	-41.999
1.8e+09	-3e+07	-42.67
1.9e+09	-3e+07	-43.137
2e+09	-3e+07	-44.036
2.1e+09	-3e+07	-44.853
2.2e+09	-3e+07	-45.736
2.3e+09	-3e+07	-46.729
2.4e+09	-3e+07	-46.581
2.5e+09	-3e+07	-47.39
2.6e+09	-3e+07	-48.538
2.7e+09	-3e+07	-49.488
2.8e+09	-3e+07	-49.475
2.9e+09	-3e+07	-48.787
3e+09	-3e+07	-49.688
3.1e+09	-3e+07	-50.946
3.2e+09	-3e+07	-50.973
3.3e+09	-3e+07	-50.105
3.4e+09	-3e+07	-50.653
3.5e+09	-3e+07	-51.367
3.6e+09	-3e+07	-51.106
3.7e+09	-3e+07	-51.868
3.8e+09	-3e+07	-53.058
3.9e+09	-3e+07	-52.506
4e+09	-3e+07	-52.358
4.1e+09	-3e+07	-53.371
4.2e+09	-3e+07	-54.085
4.3e+09	-3e+07	-53.21
4.4e+09	-3e+07	-53.216
4e+08	-2.9e+07	-33.111
5e+08	-2.9e+07	-32.442
6e+08	-2.9e+07	-32.134
7e+08	-2.9e+07	-32.555
8e+08	-2.9e+07	-33.027
9e+08	-2.9e+07	-33.441
1e+09	-2.9e+07	-34.117
1.1e+09	-2.9e+07	-34.979
1.2e+09	-2.9e+07	-35.448
1.3e+09	-2.9e+07	-36.089
1.4e+09	-2.9e+07	-36.599
1.5e+09	-2.9e+07	-37.337
1.6e+09	-2.9e+07	-38.084
1.7e+09	-2.9e+07	-38.868
1.8e+09	-2.9e+07	-39.475
1.9e+09	-2.9e+07	-39.885
2e+09	-2.9e+07	-40.764
2.1e+09	-2.9e+07	-41.532
2.2e+09	-2.9e+07	-42.375
2.3e+09	-2.9e+07	-43.334
2.4e+09	-2.9e+07	-43.086
2.5e+09	-2.9e+07	-43.941
2.6e+09	-2.9e+07	-45.119
2.7e+09	-2.9e+07	-46.036
2.8e+09	-2.9e+07	-45.949
2.9e+09	-2.9e+07	-45.305
3e+09	-2.9e+07	-46.252
3.1e+09	-2.9e+07	-47.435
3.2e+09	-2.9e+07	-47.348
3.3e+09	-2.9e+07	-46.499
3.4e+09	-2.9e+07	-47.062
3.5e+09	-2.9e+07	-47.791
3.6e+09	-2.9e+07	-47.473
3.7e+09	-2.9e+07	-48.229
3.8e+09	-2.9e+07	-49.396
3.9e+09	-2.9e+07	-48.924
4e+09	-2.9e+07	-48.728
4.1e+09	-2.9e+07	-49.74
4.2e+09	-2.9e+07	-50.423
4.3e+09	-2.9e+07	-49.576
4.4e+09	-2.9e+07	-49.603
4e+08	-2.8e+07	-29.858
5e+08	-2.8e+07	-29.112
6e+08	-2.8e+07	-28.798
7e+08	-2.8e+07	-29.245
8e+08	-2.8e+07	-29.717
9e+08	-2.8e+07	-30.139
1e+09	-2.8e+07	-30.824
1.1e+09	-2.8e+07	-31.687
1.2e+09	-2.8e+07	-32.142
1.3e+09	-2.8e+07	-32.777
1.4e+09	-2.8e+07	-33.269
1.5e+09	-2.8e+07	-34.005
1.6e+09	-2.8e+07	-34.735
1.7e+09	-2.8e+07	-35.498
1.8e+09	-2.8e+07	-36.099
1.9e+09	-2.8e+07	-36.5
2e+09	-2.8e+07	-37.355
2.1e+09	-2.8e+07	-38.094
2.2e+09	-2.8e+07	-38.653
2.3e+09	-2.8e+07	-39.863
2.4e+09	-2.8e+07	-39.625
2.5e+09	-2.8e+07	-40.471
2.6e+09	-2.8e+07	-41.636
2.7e+09	-2.8e+07	-42.57
2.8e+09	-2.8e+07	-42.45
2.9e+09	-2.8e+07	-41.811
3e+09	-2.8e+07	-42.753
3.1e+09	-2.8e+07	-43.921
3.2e+09	-2.8e+07	-43.801
3.3e+09	-2.8e+07	-42.977
3.4e+09	-2.8e+07	-43.511
3.5e+09	-2.8e+07	-44.254
3.6e+09	-2.8e+07	-43.961
3.7e+09	-2.8e+07	-44.766
3.8e+09	-2.8e+07	-45.865
3.9e+09	-2.8e+07	-45.379
4e+09	-2.8e+07	-45.2
4.1e+09	-2.8e+07	-46.194
4.2e+09	-2.8e+07	-46.874
4.3e+09	-2.8e+07	-45.978
4.4e+09	-2.8e+07	-46.026
4e+08	-2.7e+07	-26.481
5e+08	-2.7e+07	-25.715
6e+08	-2.7e+07	-25.423
7e+08	-2.7e+07	-25.867
8e+08	-2.7e+07	-26.335
9e+08	-2.7e+07	-26.779
1e+09	-2.7e+07	-27.458
1.1e+09	-2.7e+07	-28.326
1.2e+09	-2.7e+07	-28.772
1.3e+09	-2.7e+07	-29.408
1.4e+09	-2.7e+07	-29.698
1.5e+09	-2.7e+07	-30.635
1.6e+09	-2.7e+07	-31.367
1.7e+09	-2.7e+07	-32.117
1.8e+09	-2.7e+07	-32.621
1.9e+09	-2.7e+07	-33.112
2e+09	-2.7e+07	-33.962
2.1e+09	-2.7e+07	-34.7
2.2e+09	-2.7e+07	-35.542
2.3e+09	-2.7e+07	-36.465
2.4e+09	-2.7e+07	-36.204
2.5e+09	-2.7e+07	-37.073
2.6e+09	-2.7e+07	-38.231
2.7e+09	-2.7e+07	-39.16
2.8e+09	-2.7e+07	-39.026
2.9e+09	-2.7e+07	-38.388
3e+09	-2.7e+07	-39.333
3.1e+09	-2.7e+07	-40.485
3.2e+09	-2.7e+07	-40.357
3.3e+09	-2.7e+07	-39.554
3.4e+09	-2.7e+07	-40.086
3.5e+09	-2.7e+07	-40.843
3.6e+09	-2.7e+07	-40.54
3.7e+09	-2.7e+07	-41.358
3.8e+09	-2.7e+07	-42.421
3.9e+09	-2.7e+07	-41.936
4e+09	-2.7e+07	-41.749
4.1e+09	-2.7e+07	-42.765
4.2e+09	-2.7e+07	-43.443
4.3e+09	-2.7e+07	-42.53
4.4e+09	-2.7e+07	-42.586
4e+08	-2.6e+07	-23.186
5e+08	-2.6e+07	-22.42
6e+08	-2.6e+07	-22.133
7e+08	-2.6e+07	-22.582
8e+08	-2.6e+07	-23.057
9e+08	-2.6e+07	-23.499
1e+09	-2.6e+07	-24.174
1.1e+09	-2.6e+07	-25.049
1.2e+09	-2.6e+07	-25.495
1.3e+09	-2.6e+07	-26.133
1.4e+09	-2.6e+07	-26.504
1.5e+09	-2.6e+07	-27.356
1.6e+09	-2.6e+07	-28.099
1.7e+09	-2.6e+07	-28.844
1.8e+09	-2.6e+07	-29.174
1.9e+09	-2.6e+07	-29.844
2e+09	-2.6e+07	-30.683
2.1e+09	-2.6e+07	-31.423
2.2e+09	-2.6e+07	-32.26
2.3e+09	-2.6e+07	-33.178
2.4e+09	-2.6e+07	-32.914
2.5e+09	-2.6e+07	-33.794
2.6e+09	-2.6e+07	-34.946
2.7e+09	-2.6e+07	-35.877
2.8e+09	-2.6e+07	-35.728
2.9e+09	-2.6e+07	-35.096
3e+09	-2.6e+07	-36.075
3.1e+09	-2.6e+07	-37.206
3.2e+09	-2.6e+07	-36.907
3.3e+09	-2.6e+07	-36.279
3.4e+09	-2.6e+07	-36.806
3.5e+09	-2.6e+07	-37.558
3.6e+09	-2.6e+07	-37.263
3.7e+09	-2.6e+07	-38.061
3.8e+09	-2.6e+07	-39.152
3.9e+09	-2.6e+07	-38.652
4e+09	-2.6e+07	-38.472
4.1e+09	-2.6e+07	-39.483
4.2e+09	-2.6e+07	-40.146
4.3e+09	-2.6e+07	-39.236
4.4e+09	-2.6e+07	-39.283
4e+08	-2.5e+07	-20.368
5e+08	-2.5e+07	-19.633
6e+08	-2.5e+07	-19.676
7e+08	-2.5e+07	-19.836
8e+08	-2.5e+07	-20.308
9e+08	-2.5e+07	-20.754
1e+09	-2.5e+07	-21.426
1.1e+09	-2.5e+07	-22.304
1.2e+09	-2.5e+07	-22.742
1.3e+09	-2.5e+07	-23.383
1.4e+09	-2.5e+07	-23.673
1.5e+09	-2.5e+07	-24.603
1.6e+09	-2.5e+07	-25.349
1.7e+09	-2.5e+07	-26.087
1.8e+09	-2.5e+07	-26.417
1.9e+09	-2.5e+07	-27.094
2e+09	-2.5e+07	-27.94
2.1e+09	-2.5e+07	-28.683
2.2e+09	-2.5e+07	-29.515
2.3e+09	-2.5e+07	-30.435
2.4e+09	-2.5e+07	-30.165
2.5e+09	-2.5e+07	-31.041
2.6e+09	-2.5e+07	-32.189
2.7e+09	-2.5e+07	-33.112
2.8e+09	-2.5e+07	-32.959
2.9e+09	-2.5e+07	-32.334
3e+09	-2.5e+07	-33.322
3.1e+09	-2.5e+07	-34.449
3.2e+09	-2.5e+07	-34.129
3.3e+09	-2.5e+07	-33.511
3.4e+09	-2.5e+07	-34.03
3.5e+09	-2.5e+07	-34.77
3.6e+09	-2.5e+07	-34.484
3.7e+09	-2.5e+07	-35.278
3.8e+09	-2.5e+07	-36.372
3.9e+09	-2.5e+07	-35.869
4e+09	-2.5e+07	-35.688
4.1e+09	-2.5e+07	-36.715
4.2e+09	-2.5e+07	-37.342
4.3e+09	-2.5e+07	-36.428
4.4e+09	-2.5e+07	-36.509
4e+08	-2.4e+07	-17.047
5e+08	-2.4e+07	-16.287
6e+08	-2.4e+07	-16.307
7e+08	-2.4e+07	-16.469
8e+08	-2.4e+07	-16.94
9e+08	-2.4e+07	-17.393
1e+09	-2.4e+07	-17.835
1.1e+09	-2.4e+07	-18.943
1.2e+09	-2.4e+07	-19.38
1.3e+09	-2.4e+07	-20.015
1.4e+09	-2.4e+07	-20.308
1.5e+09	-2.4e+07	-21.24
1.6e+09	-2.4e+07	-21.999
1.7e+09	-2.4e+07	-22.509
1.8e+09	-2.4e+07	-23.058
1.9e+09	-2.4e+07	-23.736
2e+09	-2.4e+07	-24.576
2.1e+09	-2.4e+07	-25.321
2.2e+09	-2.4e+07	-26.155
2.3e+09	-2.4e+07	-27.076
2.4e+09	-2.4e+07	-27.001
2.5e+09	-2.4e+07	-27.691
2.6e+09	-2.4e+07	-28.838
2.7e+09	-2.4e+07	-29.751
2.8e+09	-2.4e+07	-29.596
2.9e+09	-2.4e+07	-28.975
3e+09	-2.4e+07	-29.987
3.1e+09	-2.4e+07	-31.091
3.2e+09	-2.4e+07	-30.755
3.3e+09	-2.4e+07	-30.165
3.4e+09	-2.4e+07	-30.684
3.5e+09	-2.4e+07	-31.421
3.6e+09	-2.4e+07	-31.214
3.7e+09	-2.4e+07	-31.939
3.8e+09	-2.4e+07	-33.013
3.9e+09	-2.4e+07	-32.52
4e+09	-2.4e+07	-32.35
4.1e+09	-2.4e+07	-33.375
4.2e+09	-2.4e+07	-34.017
4.3e+09	-2.4e+07	-33.082
4.4e+09	-2.4e+07	-33.161
4e+08	-2.3e+07	-14.284
5e+08	-2.3e+07	-13.525
6e+08	-2.3e+07	-13.549
7e+08	-2.3e+07	-13.714
8e+08	-2.3e+07	-14.186
9e+08	-2.3e+07	-14.639
1e+09	-2.3e+07	-15.078
1.1e+09	-2.3e+07	-16.188
1.2e+09	-2.3e+07	-16.626
1.3e+09	-2.3e+07	-17.258
1.4e+09	-2.3e+07	-17.557
1.5e+09	-2.3e+07	-18.485
1.6e+09	-2.3e+07	-19.249
1.7e+09	-2.3e+07	-19.754
1.8e+09	-2.3e+07	-20.299
1.9e+09	-2.3e+07	-20.98
2e+09	-2.3e+07	-21.818
2.1e+09	-2.3e+07	-22.568
2.2e+09	-2.3e+07	-23.396
2.3e+09	-2.3e+07	-24.313
2.4e+09	-2.3e+07	-24.236
2.5e+09	-2.3e+07	-24.935
2.6e+09	-2.3e+07	-26.086
2.7e+09	-2.3e+07	-26.99
2.8e+09	-2.3e+07	-26.824
2.9e+09	-2.3e+07	-26.215
3e+09	-2.3e+07	-27.239
3.1e+09	-2.3e+07	-28.326
3.2e+09	-2.3e+07	-27.978
3.3e+09	-2.3e+07	-27.402
3.4e+09	-2.3e+07	-27.919
3.5e+09	-2.3e+07	-28.636
3.6e+09	-2.3e+07	-28.533
3.7e+09	-2.3e+07	-29.179
3.8e+09	-2.3e+07	-30.252
3.9e+09	-2.3e+07	-29.752
4e+09	-2.3e+07	-29.587
4.1e+09	-2.3e+07	-30.619
4.2e+09	-2.3e+07	-31.255
4.3e+09	-2.3e+07	-30.304
4.4e+09	-2.3e+07	-30.39
4e+08	-2.2e+07	-11.847
5e+08	-2.2e+07	-11.085
6e+08	-2.2e+07	-11.112
7e+08	-2.2e+07	-11.279
8e+08	-2.2e+07	-11.752
9e+08	-2.2e+07	-12.205
1e+09	-2.2e+07	-12.644
1.1e+09	-2.2e+07	-13.754
1.2e+09	-2.2e+07	-14.192
1.3e+09	-2.2e+07	-14.819
1.4e+09	-2.2e+07	-15.123
1.5e+09	-2.2e+07	-16.044
1.6e+09	-2.2e+07	-16.815
1.7e+09	-2.2e+07	-17.313
1.8e+09	-2.2e+07	-17.855
1.9e+09	-2.2e+07	-18.542
2e+09	-2.2e+07	-19.372
2.1e+09	-2.2e+07	-20.128
2.2e+09	-2.2e+07	-20.952
2.3e+09	-2.2e+07	-21.868
2.4e+09	-2.2e+07	-21.782
2.5e+09	-2.2e+07	-22.485
2.6e+09	-2.2e+07	-23.643
2.7e+09	-2.2e+07	-24.536
2.8e+09	-2.2e+07	-24.361
2.9e+09	-2.2e+07	-23.758
3e+09	-2.2e+07	-24.797
3.1e+09	-2.2e+07	-25.874
3.2e+09	-2.2e+07	-25.51
3.3e+09	-2.2e+07	-24.948
3.4e+09	-2.2e+07	-25.467
3.5e+09	-2.2e+07	-26.189
3.6e+09	-2.2e+07	-26.151
3.7e+09	-2.2e+07	-26.722
3.8e+09	-2.2e+07	-27.792
3.9e+09	-2.2e+07	-27.303
4e+09	-2.2e+07	-27.134
4.1e+09	-2.2e+07	-28.171
4.2e+09	-2.2e+07	-28.798
4.3e+09	-2.2e+07	-27.842
4.4e+09	-2.2e+07	-27.931
4e+08	-2.1e+07	-9.909
5e+08	-2.1e+07	-9.1398
6e+08	-2.1e+07	-9.1691
7e+08	-2.1e+07	-9.3359
8e+08	-2.1e+07	-9.8062
9e+08	-2.1e+07	-10.261
1e+09	-2.1e+07	-10.693
1.1e+09	-2.1e+07	-11.804
1.2e+09	-2.1e+07	-12.239
1.3e+09	-2.1e+07	-12.862
1.4e+09	-2.1e+07	-13.169
1.5e+09	-2.1e+07	-14.084
1.6e+09	-2.1e+07	-14.86
1.7e+09	-2.1e+07	-15.351
1.8e+09	-2.1e+07	-15.978
1.9e+09	-2.1e+07	-16.578
2e+09	-2.1e+07	-17.401
2.1e+09	-2.1e+07	-18.164
2.2e+09	-2.1e+07	-18.983
2.3e+09	-2.1e+07	-19.897
2.4e+09	-2.1e+07	-19.807
2.5e+09	-2.1e+07	-20.515
2.6e+09	-2.1e+07	-21.668
2.7e+09	-2.1e+07	-22.552
2.8e+09	-2.1e+07	-22.374
2.9e+09	-2.1e+07	-21.778
3e+09	-2.1e+07	-22.83
3.1e+09	-2.1e+07	-23.891
3.2e+09	-2.1e+07	-23.657
3.3e+09	-2.1e+07	-22.969
3.4e+09	-2.1e+07	-23.488
3.5e+09	-2.1e+07	-24.198
3.6e+09	-2.1e+07	-24.248
3.7e+09	-2.1e+07	-24.747
3.8e+09	-2.1e+07	-25.806
3.9e+09	-2.1e+07	-25.304
4e+09	-2.1e+07	-25.15
4.1e+09	-2.1e+07	-26.192
4.2e+09	-2.1e+07	-26.809
4.3e+09	-2.1e+07	-25.843
4.4e+09	-2.1e+07	-25.942
4e+08	-2e+07	-8.6575
5e+08	-2e+07	-7.878
6e+08	-2e+07	-7.9076
7e+08	-2e+07	-8.0712
8e+08	-2e+07	-8.536
9e+08	-2e+07	-8.9869
1e+09	-2e+07	-9.414
1.1e+09	-2e+07	-10.522
1.2e+09	-2e+07	-10.958
1.3e+09	-2e+07	-11.57
1.4e+09	-2e+07	-11.879
1.5e+09	-2e+07	-12.788
1.6e+09	-2e+07	-13.444
1.7e+09	-2e+07	-14.052
1.8e+09	-2e+07	-14.659
1.9e+09	-2e+07	-15.275
2e+09	-2e+07	-16.091
2.1e+09	-2e+07	-16.856
2.2e+09	-2e+07	-17.671
2.3e+09	-2e+07	-18.583
2.4e+09	-2e+07	-18.487
2.5e+09	-2e+07	-19.202
2.6e+09	-2e+07	-20.358
2.7e+09	-2e+07	-21.229
2.8e+09	-2e+07	-21.044
2.9e+09	-2e+07	-20.455
3e+09	-2e+07	-21.522
3.1e+09	-2e+07	-22.565
3.2e+09	-2e+07	-22.315
3.3e+09	-2e+07	-21.647
3.4e+09	-2e+07	-22.314
3.5e+09	-2e+07	-22.869
3.6e+09	-2e+07	-22.998
3.7e+09	-2e+07	-23.421
3.8e+09	-2e+07	-24.473
3.9e+09	-2e+07	-23.973
4e+09	-2e+07	-23.825
4.1e+09	-2e+07	-24.869
4.2e+09	-2e+07	-25.473
4.3e+09	-2e+07	-24.506
4.4e+09	-2e+07	-24.605
4e+08	-1.9e+07	-8.2364
5e+08	-1.9e+07	-7.4433
6e+08	-1.9e+07	-7.469
7e+08	-1.9e+07	-7.6221
8e+08	-1.9e+07	-8.0793
9e+08	-1.9e+07	-8.5188
1e+09	-1.9e+07	-8.9456
1.1e+09	-1.9e+07	-10.044
1.2e+09	-1.9e+07	-10.472
1.3e+09	-1.9e+07	-11.078
1.4e+09	-1.9e+07	-11.39
1.5e+09	-1.9e+07	-12.288
1.6e+09	-1.9e+07	-12.87
1.7e+09	-1.9e+07	-13.549
1.8e+09	-1.9e+07	-14.068
1.9e+09	-1.9e+07	-14.769
2e+09	-1.9e+07	-15.58
2.1e+09	-1.9e+07	-16.346
2.2e+09	-1.9e+07	-17.157
2.3e+09	-1.9e+07	-18.065
2.4e+09	-1.9e+07	-17.968
2.5e+09	-1.9e+07	-18.687
2.6e+09	-1.9e+07	-19.843
2.7e+09	-1.9e+07	-20.705
2.8e+09	-1.9e+07	-20.513
2.9e+09	-1.9e+07	-19.929
3e+09	-1.9e+07	-21.01
3.1e+09	-1.9e+07	-22.039
3.2e+09	-1.9e+07	-21.767
3.3e+09	-1.9e+07	-21.119
3.4e+09	-1.9e+07	-21.788
3.5e+09	-1.9e+07	-22.329
3.6e+09	-1.9e+07	-22.546
3.7e+09	-1.9e+07	-22.881
3.8e+09	-1.9e+07	-23.938
3.9e+09	-1.9e+07	-23.436
4e+09	-1.9e+07	-23.297
4.1e+09	-1.9e+07	-24.34
4.2e+09	-1.9e+07	-24.943
4.3e+09	-1.9e+07	-23.966
4.4e+09	-1.9e+07	-24.073
4e+08	-1.8e+07	-8.5731
5e+08	-1.8e+07	-7.7639
6e+08	-1.8e+07	-7.7853
7e+08	-1.8e+07	-7.9247
8e+08	-1.8e+07	-8.3665
9e+08	-1.8e+07	-8.7989
1e+09	-1.8e+07	-9.2061
1.1e+09	-1.8e+07	-10.308
1.2e+09	-1.8e+07	-10.732
1.3e+09	-1.8e+07	-11.33
1.4e+09	-1.8e+07	-11.749
1.5e+09	-1.8e+07	-12.535
1.6e+09	-1.8e+07	-13.119
1.7e+09	-1.8e+07	-13.789
1.8e+09	-1.8e+07	-14.304
1.9e+09	-1.8e+07	-15.008
2e+09	-1.8e+07	-15.811
2.1e+09	-1.8e+07	-16.582
2.2e+09	-1.8e+07	-17.389
2.3e+09	-1.8e+07	-18.29
2.4e+09	-1.8e+07	-18.193
2.5e+09	-1.8e+07	-18.916
2.6e+09	-1.8e+07	-20.075
2.7e+09	-1.8e+07	-20.928
2.8e+09	-1.8e+07	-20.729
2.9e+09	-1.8e+07	-20.154
3e+09	-1.8e+07	-21.245
3.1e+09	-1.8e+07	-22.257
3.2e+09	-1.8e+07	-21.969
3.3e+09	-1.8e+07	-21.343
3.4e+09	-1.8e+07	-22.007
3.5e+09	-1.8e+07	-22.541
3.6e+09	-1.8e+07	-22.843
3.7e+09	-1.8e+07	-23.112
3.8e+09	-1.8e+07	-24.146
3.9e+09	-1.8e+07	-23.649
4e+09	-1.8e+07	-23.512
4.1e+09	-1.8e+07	-24.561
4.2e+09	-1.8e+07	-25.156
4.3e+09	-1.8e+07	-24.169
4.4e+09	-1.8e+07	-24.281
4e+08	-1.7e+07	-9.5489
5e+08	-1.7e+07	-8.727
6e+08	-1.7e+07	-8.7476
7e+08	-1.7e+07	-8.8765
8e+08	-1.7e+07	-9.3087
9e+08	-1.7e+07	-9.7328
1e+09	-1.7e+07	-10.133
1.1e+09	-1.7e+07	-11.232
1.2e+09	-1.7e+07	-11.652
1.3e+09	-1.7e+07	-12.245
1.4e+09	-1.7e+07	-12.758
1.5e+09	-1.7e+07	-13.435
1.6e+09	-1.7e+07	-14.229
1.7e+09	-1.7e+07	-14.696
1.8e+09	-1.7e+07	-15.488
1.9e+09	-1.7e+07	-15.914
2e+09	-1.7e+07	-16.711
2.1e+09	-1.7e+07	-17.487
2.2e+09	-1.7e+07	-18.289
2.3e+09	-1.7e+07	-19.191
2.4e+09	-1.7e+07	-19.09
2.5e+09	-1.7e+07	-19.813
2.6e+09	-1.7e+07	-20.973
2.7e+09	-1.7e+07	-21.813
2.8e+09	-1.7e+07	-21.609
2.9e+09	-1.7e+07	-21.041
3e+09	-1.7e+07	-22.149
3.1e+09	-1.7e+07	-23.145
3.2e+09	-1.7e+07	-22.841
3.3e+09	-1.7e+07	-22.235
3.4e+09	-1.7e+07	-22.894
3.5e+09	-1.7e+07	-23.42
3.6e+09	-1.7e+07	-23.801
3.7e+09	-1.7e+07	-24.005
3.8e+09	-1.7e+07	-25.024
3.9e+09	-1.7e+07	-24.534
4e+09	-1.7e+07	-24.401
4.1e+09	-1.7e+07	-25.454
4.2e+09	-1.7e+07	-26.035
4.3e+09	-1.7e+07	-25.048
4.4e+09	-1.7e+07	-25.16
4e+08	-1.6e+07	-11.143
5e+08	-1.6e+07	-10.315
6e+08	-1.6e+07	-10.338
7e+08	-1.6e+07	-10.46
8e+08	-1.6e+07	-10.889
9e+08	-1.6e+07	-11.314
1e+09	-1.6e+07	-11.71
1.1e+09	-1.6e+07	-12.81
1.2e+09	-1.6e+07	-13.225
1.3e+09	-1.6e+07	-13.815
1.4e+09	-1.6e+07	-14.331
1.5e+09	-1.6e+07	-15.01
1.6e+09	-1.6e+07	-15.8
1.7e+09	-1.6e+07	-16.261
1.8e+09	-1.6e+07	-17.051
1.9e+09	-1.6e+07	-17.481
2e+09	-1.6e+07	-18.269
2.1e+09	-1.6e+07	-19.053
2.2e+09	-1.6e+07	-19.851
2.3e+09	-1.6e+07	-20.751
2.4e+09	-1.6e+07	-20.458
2.5e+09	-1.6e+07	-21.373
2.6e+09	-1.6e+07	-22.538
2.7e+09	-1.6e+07	-23.368
2.8e+09	-1.6e+07	-23.154
2.9e+09	-1.6e+07	-22.6
3e+09	-1.6e+07	-23.717
3.1e+09	-1.6e+07	-24.696
3.2e+09	-1.6e+07	-24.373
3.3e+09	-1.6e+07	-23.787
3.4e+09	-1.6e+07	-24.451
3.5e+09	-1.6e+07	-24.965
3.6e+09	-1.6e+07	-25.444
3.7e+09	-1.6e+07	-25.562
3.8e+09	-1.6e+07	-26.562
3.9e+09	-1.6e+07	-26.084
4e+09	-1.6e+07	-25.96
4.1e+09	-1.6e+07	-27.012
4.2e+09	-1.6e+07	-27.584
4.3e+09	-1.6e+07	-26.595
4.4e+09	-1.6e+07	-26.7
4e+08	-1.5e+07	-13.541
5e+08	-1.5e+07	-12.717
6e+08	-1.5e+07	-12.752
7e+08	-1.5e+07	-12.877
8e+08	-1.5e+07	-13.306
9e+08	-1.5e+07	-13.737
1e+09	-1.5e+07	-14.138
1.1e+09	-1.5e+07	-15.239
1.2e+09	-1.5e+07	-15.652
1.3e+09	-1.5e+07	-16.242
1.4e+09	-1.5e+07	-16.763
1.5e+09	-1.5e+07	-17.443
1.6e+09	-1.5e+07	-18.231
1.7e+09	-1.5e+07	-18.69
1.8e+09	-1.5e+07	-19.474
1.9e+09	-1.5e+07	-19.912
2e+09	-1.5e+07	-20.693
2.1e+09	-1.5e+07	-21.482
2.2e+09	-1.5e+07	-22.277
2.3e+09	-1.5e+07	-23.171
2.4e+09	-1.5e+07	-22.865
2.5e+09	-1.5e+07	-23.788
2.6e+09	-1.5e+07	-24.969
2.7e+09	-1.5e+07	-25.786
2.8e+09	-1.5e+07	-25.566
2.9e+09	-1.5e+07	-25.02
3e+09	-1.5e+07	-26.153
3.1e+09	-1.5e+07	-27.121
3.2e+09	-1.5e+07	-26.774
3.3e+09	-1.5e+07	-26.216
3.4e+09	-1.5e+07	-26.87
3.5e+09	-1.5e+07	-27.372
3.6e+09	-1.5e+07	-27.942
3.7e+09	-1.5e+07	-27.985
3.8e+09	-1.5e+07	-28.973
3.9e+09	-1.5e+07	-28.5
4e+09	-1.5e+07	-28.377
4.1e+09	-1.5e+07	-29.429
4.2e+09	-1.5e+07	-29.995
4.3e+09	-1.5e+07	-29.006
4.4e+09	-1.5e+07	-29.112
4e+08	-1.4e+07	-17.523
5e+08	-1.4e+07	-16.701
6e+08	-1.4e+07	-16.753
7e+08	-1.4e+07	-16.888
8e+08	-1.4e+07	-17.323
9e+08	-1.4e+07	-17.764
1e+09	-1.4e+07	-18.401
1.1e+09	-1.4e+07	-19.274
1.2e+09	-1.4e+07	-19.688
1.3e+09	-1.4e+07	-20.276
1.4e+09	-1.4e+07	-20.804
1.5e+09	-1.4e+07	-21.479
1.6e+09	-1.4e+07	-22.261
1.7e+09	-1.4e+07	-22.732
1.8e+09	-1.4e+07	-23.51
1.9e+09	-1.4e+07	-23.956
2e+09	-1.4e+07	-24.726
2.1e+09	-1.4e+07	-25.528
2.2e+09	-1.4e+07	-26.32
2.3e+09	-1.4e+07	-27.214
2.4e+09	-1.4e+07	-26.907
2.5e+09	-1.4e+07	-27.846
2.6e+09	-1.4e+07	-29.016
2.7e+09	-1.4e+07	-29.825
2.8e+09	-1.4e+07	-29.597
2.9e+09	-1.4e+07	-29.056
3e+09	-1.4e+07	-30.2
3.1e+09	-1.4e+07	-31.154
3.2e+09	-1.4e+07	-30.792
3.3e+09	-1.4e+07	-30.248
3.4e+09	-1.4e+07	-30.912
3.5e+09	-1.4e+07	-31.396
3.6e+09	-1.4e+07	-32.052
3.7e+09	-1.4e+07	-32.027
3.8e+09	-1.4e+07	-33.002
3.9e+09	-1.4e+07	-32.53
4e+09	-1.4e+07	-32.423
4.1e+09	-1.4e+07	-33.471
4.2e+09	-1.4e+07	-34.029
4.3e+09	-1.4e+07	-33.034
4.4e+09	-1.4e+07	-33.132
4e+08	-1.3e+07	-26.653
5e+08	-1.3e+07	-25.849
6e+08	-1.3e+07	-25.921
7e+08	-1.3e+07	-26.071
8e+08	-1.3e+07	-26.517
9e+08	-1.3e+07	-26.969
1e+09	-1.3e+07	-27.373
1.1e+09	-1.3e+07	-28.484
1.2e+09	-1.3e+07	-28.898
1.3e+09	-1.3e+07	-29.48
1.4e+09	-1.3e+07	-30.02
1.5e+09	-1.3e+07	-30.698
1.6e+09	-1.3e+07	-31.497
1.7e+09	-1.3e+07	-31.95
1.8e+09	-1.3e+07	-32.73
1.9e+09	-1.3e+07	-33.183
2e+09	-1.3e+07	-33.956
2.1e+09	-1.3e+07	-34.753
2.2e+09	-1.3e+07	-35.549
2.3e+09	-1.3e+07	-36.435
2.4e+09	-1.3e+07	-36.231
2.5e+09	-1.3e+07	-37.057
2.6e+09	-1.3e+07	-38.252
2.7e+09	-1.3e+07	-39.042
2.8e+09	-1.3e+07	-38.806
2.9e+09	-1.3e+07	-38.277
3e+09	-1.3e+07	-39.449
3.1e+09	-1.3e+07	-40.379
3.2e+09	-1.3e+07	-39.999
3.3e+09	-1.3e+07	-39.474
3.4e+09	-1.3e+07	-40.142
3.5e+09	-1.3e+07	-40.601
3.6e+09	-1.3e+07	-41.358
3.7e+09	-1.3e+07	-41.262
3.8e+09	-1.3e+07	-42.217
3.9e+09	-1.3e+07	-41.755
4e+09	-1.3e+07	-41.638
4.1e+09	-1.3e+07	-42.698
4.2e+09	-1.3e+07	-43.219
4.3e+09	-1.3e+07	-42.231
4.4e+09	-1.3e+07	-42.368
4e+08	-1.2e+07	-26.341
5e+08	-1.2e+07	-25.549
6e+08	-1.2e+07	-25.639
7e+08	-1.2e+07	-25.797
8e+08	-1.2e+07	-26.243
9e+08	-1.2e+07	-26.7
1e+09	-1.2e+07	-27.114
1.1e+09	-1.2e+07	-28.227
1.2e+09	-1.2e+07	-28.639
1.3e+09	-1.2e+07	-29.226
1.4e+09	-1.2e+07	-29.76
1.5e+09	-1.2e+07	-30.443
1.6e+09	-1.2e+07	-31.242
1.7e+09	-1.2e+07	-31.702
1.8e+09	-1.2e+07	-32.473
1.9e+09	-1.2e+07	-32.933
2e+09	-1.2e+07	-33.682
2.1e+09	-1.2e+07	-34.51
2.2e+09	-1.2e+07	-35.303
2.3e+09	-1.2e+07	-36.187
2.4e+09	-1.2e+07	-36.091
2.5e+09	-1.2e+07	-36.815
2.6e+09	-1.2e+07	-38.002
2.7e+09	-1.2e+07	-38.791
2.8e+09	-1.2e+07	-38.552
2.9e+09	-1.2e+07	-38.037
3e+09	-1.2e+07	-39.197
3.1e+09	-1.2e+07	-40.127
3.2e+09	-1.2e+07	-39.738
3.3e+09	-1.2e+07	-39.24
3.4e+09	-1.2e+07	-39.89
3.5e+09	-1.2e+07	-40.352
3.6e+09	-1.2e+07	-41.198
3.7e+09	-1.2e+07	-41.022
3.8e+09	-1.2e+07	-41.936
3.9e+09	-1.2e+07	-41.506
4e+09	-1.2e+07	-41.404
4.1e+09	-1.2e+07	-42.466
4.2e+09	-1.2e+07	-42.996
4.3e+09	-1.2e+07	-42.009
4.4e+09	-1.2e+07	-42.113
4e+08	-1.1e+07	-16.584
5e+08	-1.1e+07	-15.813
6e+08	-1.1e+07	-15.912
7e+08	-1.1e+07	-16.079
8e+08	-1.1e+07	-16.48
9e+08	-1.1e+07	-16.982
1e+09	-1.1e+07	-17.396
1.1e+09	-1.1e+07	-18.513
1.2e+09	-1.1e+07	-18.926
1.3e+09	-1.1e+07	-19.511
1.4e+09	-1.1e+07	-20.058
1.5e+09	-1.1e+07	-20.731
1.6e+09	-1.1e+07	-21.537
1.7e+09	-1.1e+07	-21.99
1.8e+09	-1.1e+07	-22.767
1.9e+09	-1.1e+07	-23.228
2e+09	-1.1e+07	-23.993
2.1e+09	-1.1e+07	-24.814
2.2e+09	-1.1e+07	-25.606
2.3e+09	-1.1e+07	-26.486
2.4e+09	-1.1e+07	-26.389
2.5e+09	-1.1e+07	-27.124
2.6e+09	-1.1e+07	-28.319
2.7e+09	-1.1e+07	-29.092
2.8e+09	-1.1e+07	-28.841
2.9e+09	-1.1e+07	-28.341
3e+09	-1.1e+07	-29.517
3.1e+09	-1.1e+07	-30.426
3.2e+09	-1.1e+07	-30.013
3.3e+09	-1.1e+07	-29.533
3.4e+09	-1.1e+07	-30.201
3.5e+09	-1.1e+07	-30.651
3.6e+09	-1.1e+07	-29.57
3.7e+09	-1.1e+07	-31.322
3.8e+09	-1.1e+07	-32.243
3.9e+09	-1.1e+07	-31.803
4e+09	-1.1e+07	-31.709
4.1e+09	-1.1e+07	-32.772
4.2e+09	-1.1e+07	-33.289
4.3e+09	-1.1e+07	-32.296
4.4e+09	-1.1e+07	-32.383
4e+08	-1e+07	-12.031
5e+08	-1e+07	-11.278
6e+08	-1e+07	-11.389
7e+08	-1e+07	-11.555
8e+08	-1e+07	-11.83
9e+08	-1e+07	-12.459
1e+09	-1e+07	-12.872
1.1e+09	-1e+07	-13.99
1.2e+09	-1e+07	-14.402
1.3e+09	-1e+07	-14.987
1.4e+09	-1e+07	-15.537
1.5e+09	-1e+07	-16.213
1.6e+09	-1e+07	-17.021
1.7e+09	-1e+07	-17.628
1.8e+09	-1e+07	-18.247
1.9e+09	-1e+07	-18.717
2e+09	-1e+07	-19.478
2.1e+09	-1e+07	-20.305
2.2e+09	-1e+07	-21.098
2.3e+09	-1e+07	-21.974
2.4e+09	-1e+07	-21.877
2.5e+09	-1e+07	-22.613
2.6e+09	-1e+07	-23.811
2.7e+09	-1e+07	-24.581
2.8e+09	-1e+07	-24.318
2.9e+09	-1e+07	-23.833
3e+09	-1e+07	-25.018
3.1e+09	-1e+07	-25.919
3.2e+09	-1e+07	-25.49
3.3e+09	-1e+07	-25.022
3.4e+09	-1e+07	-25.702
3.5e+09	-1e+07	-26.135
3.6e+09	-1e+07	-25.343
3.7e+09	-1e+07	-26.823
3.8e+09	-1e+07	-27.729
3.9e+09	-1e+07	-27.296
4e+09	-1e+07	-27.216
4.1e+09	-1e+07	-28.271
4.2e+09	-1e+07	-28.778
4.3e+09	-1e+07	-27.785
4.4e+09	-1e+07	-27.876
4e+08	-9e+06	-9.1014
5e+08	-9e+06	-8.3608
6e+08	-9e+06	-8.476
7e+08	-9e+06	-8.6468
8e+08	-9e+06	-9.0857
9e+08	-9e+06	-9.5496
1e+09	-9e+06	-10.196
1.1e+09	-9e+06	-11.083
1.2e+09	-9e+06	-11.491
1.3e+09	-9e+06	-12.074
1.4e+09	-9e+06	-12.63
1.5e+09	-9e+06	-13.308
1.6e+09	-9e+06	-14.114
1.7e+09	-9e+06	-14.649
1.8e+09	-9e+06	-15.342
1.9e+09	-9e+06	-15.819
2e+09	-9e+06	-16.574
2.1e+09	-9e+06	-17.407
2.2e+09	-9e+06	-18.204
2.3e+09	-9e+06	-19.076
2.4e+09	-9e+06	-18.983
2.5e+09	-9e+06	-19.72
2.6e+09	-9e+06	-20.918
2.7e+09	-9e+06	-21.677
2.8e+09	-9e+06	-21.407
2.9e+09	-9e+06	-20.942
3e+09	-9e+06	-22.131
3.1e+09	-9e+06	-23.02
3.2e+09	-9e+06	-22.572
3.3e+09	-9e+06	-22.125
3.4e+09	-9e+06	-22.805
3.5e+09	-9e+06	-23.228
3.6e+09	-9e+06	-22.523
3.7e+09	-9e+06	-23.938
3.8e+09	-9e+06	-24.825
3.9e+09	-9e+06	-24.392
4e+09	-9e+06	-24.323
4.1e+09	-9e+06	-25.38
4.2e+09	-9e+06	-25.874
4.3e+09	-9e+06	-24.89
4.4e+09	-9e+06	-24.974
4e+08	-8e+06	-6.9842
5e+08	-8e+06	-6.2571
6e+08	-8e+06	-6.2031
7e+08	-8e+06	-6.5562
8e+08	-8e+06	-6.9936
9e+08	-8e+06	-7.4575
1e+09	-8e+06	-8.1024
1.1e+09	-8e+06	-8.9923
1.2e+09	-8e+06	-9.3973
1.3e+09	-8e+06	-9.9768
1.4e+09	-8e+06	-10.538
1.5e+09	-8e+06	-11.217
1.6e+09	-8e+06	-12.025
1.7e+09	-8e+06	-12.522
1.8e+09	-8e+06	-13.249
1.9e+09	-8e+06	-13.734
2e+09	-8e+06	-14.489
2.1e+09	-8e+06	-15.327
2.2e+09	-8e+06	-16.125
2.3e+09	-8e+06	-16.991
2.4e+09	-8e+06	-16.901
2.5e+09	-8e+06	-17.637
2.6e+09	-8e+06	-18.844
2.7e+09	-8e+06	-19.594
2.8e+09	-8e+06	-19.312
2.9e+09	-8e+06	-18.863
3e+09	-8e+06	-20.06
3.1e+09	-8e+06	-20.933
3.2e+09	-8e+06	-20.471
3.3e+09	-8e+06	-20.041
3.4e+09	-8e+06	-20.728
3.5e+09	-8e+06	-21.136
3.6e+09	-8e+06	-20.418
3.7e+09	-8e+06	-21.865
3.8e+09	-8e+06	-22.733
3.9e+09	-8e+06	-22.31
4e+09	-8e+06	-22.252
4.1e+09	-8e+06	-23.304
4.2e+09	-8e+06	-23.787
4.3e+09	-8e+06	-22.806
4.4e+09	-8e+06	-22.885
4e+08	-7e+06	-5.3753
5e+08	-7e+06	-4.6616
6e+08	-7e+06	-4.5366
7e+08	-7e+06	-4.9754
8e+08	-7e+06	-5.4094
9e+08	-7e+06	-5.8794
1e+09	-7e+06	-6.525
1.1e+09	-7e+06	-7.416
1.2e+09	-7e+06	-7.82
1.3e+09	-7e+06	-8.3976
1.4e+09	-7e+06	-8.9649
1.5e+09	-7e+06	-9.6448
1.6e+09	-7e+06	-10.453
1.7e+09	-7e+06	-10.907
1.8e+09	-7e+06	-11.665
1.9e+09	-7e+06	-12.038
2e+09	-7e+06	-12.917
2.1e+09	-7e+06	-13.761
2.2e+09	-7e+06	-14.562
2.3e+09	-7e+06	-15.426
2.4e+09	-7e+06	-15.336
2.5e+09	-7e+06	-16.069
2.6e+09	-7e+06	-17.282
2.7e+09	-7e+06	-18.024
2.8e+09	-7e+06	-17.734
2.9e+09	-7e+06	-17.304
3e+09	-7e+06	-18.507
3.1e+09	-7e+06	-19.368
3.2e+09	-7e+06	-18.89
3.3e+09	-7e+06	-18.477
3.4e+09	-7e+06	-19.167
3.5e+09	-7e+06	-19.569
3.6e+09	-7e+06	-19.043
3.7e+09	-7e+06	-20.309
3.8e+09	-7e+06	-21.151
3.9e+09	-7e+06	-20.745
4e+09	-7e+06	-20.696
4.1e+09	-7e+06	-21.745
4.2e+09	-7e+06	-22.217
4.3e+09	-7e+06	-21.24
4.4e+09	-7e+06	-21.312
4e+08	-6e+06	-4.1243
5e+08	-6e+06	-3.4207
6e+08	-6e+06	-3.4034
7e+08	-6e+06	-3.7551
8e+08	-6e+06	-4.1862
9e+08	-6e+06	-4.6612
1e+09	-6e+06	-5.3103
1.1e+09	-6e+06	-6.2029
1.2e+09	-6e+06	-6.6042
1.3e+09	-6e+06	-7.1809
1.4e+09	-6e+06	-7.7534
1.5e+09	-6e+06	-8.4347
1.6e+09	-6e+06	-9.2423
1.7e+09	-6e+06	-9.6991
1.8e+09	-6e+06	-10.461
1.9e+09	-6e+06	-10.803
2e+09	-6e+06	-11.709
2.1e+09	-6e+06	-12.56
2.2e+09	-6e+06	-13.362
2.3e+09	-6e+06	-14.219
2.4e+09	-6e+06	-14.134
2.5e+09	-6e+06	-14.866
2.6e+09	-6e+06	-16.084
2.7e+09	-6e+06	-16.818
2.8e+09	-6e+06	-16.517
2.9e+09	-6e+06	-16.11
3e+09	-6e+06	-17.311
3.1e+09	-6e+06	-18.162
3.2e+09	-6e+06	-17.669
3.3e+09	-6e+06	-17.271
3.4e+09	-6e+06	-17.969
3.5e+09	-6e+06	-18.359
3.6e+09	-6e+06	-17.918
3.7e+09	-6e+06	-19.111
3.8e+09	-6e+06	-19.936
3.9e+09	-6e+06	-19.539
4e+09	-6e+06	-19.503
4.1e+09	-6e+06	-20.552
4.2e+09	-6e+06	-21.004
4.3e+09	-6e+06	-20.034
4.4e+09	-6e+06	-20.103
4e+08	-5e+06	-3.1478
5e+08	-5e+06	-2.4533
6e+08	-5e+06	-2.4358
7e+08	-5e+06	-2.8011
8e+08	-5e+06	-3.2358
9e+08	-5e+06	-3.716
1e+09	-5e+06	-4.3679
1.1e+09	-5e+06	-5.2638
1.2e+09	-5e+06	-5.6616
1.3e+09	-5e+06	-6.2373
1.4e+09	-5e+06	-6.8136
1.5e+09	-5e+06	-7.4964
1.6e+09	-5e+06	-8.3036
1.7e+09	-5e+06	-8.9973
1.8e+09	-5e+06	-9.5189
1.9e+09	-5e+06	-10.031
2e+09	-5e+06	-10.772
2.1e+09	-5e+06	-11.625
2.2e+09	-5e+06	-12.431
2.3e+09	-5e+06	-13.281
2.4e+09	-5e+06	-13.2
2.5e+09	-5e+06	-13.93
2.6e+09	-5e+06	-15.157
2.7e+09	-5e+06	-15.879
2.8e+09	-5e+06	-15.569
2.9e+09	-5e+06	-15.181
3e+09	-5e+06	-16.384
3.1e+09	-5e+06	-17.223
3.2e+09	-5e+06	-16.715
3.3e+09	-5e+06	-16.334
3.4e+09	-5e+06	-17.04
3.5e+09	-5e+06	-17.417
3.6e+09	-5e+06	-17.058
3.7e+09	-5e+06	-18.186
3.8e+09	-5e+06	-18.987
3.9e+09	-5e+06	-18.597
4e+09	-5e+06	-18.575
4.1e+09	-5e+06	-19.62
4.2e+09	-5e+06	-20.059
4.3e+09	-5e+06	-19.096
4.4e+09	-5e+06	-19.165
4e+08	-4e+06	-2.4237
5e+08	-4e+06	-1.7352
6e+08	-4e+06	-1.6501
7e+08	-4e+06	-2.0949
8e+08	-4e+06	-2.5285
9e+08	-4e+06	-3.0147
1e+09	-4e+06	-3.666
1.1e+09	-4e+06	-4.5623
1.2e+09	-4e+06	-4.9586
1.3e+09	-4e+06	-5.5334
1.4e+09	-4e+06	-6.1143
1.5e+09	-4e+06	-6.7949
1.6e+09	-4e+06	-7.6025
1.7e+09	-4e+06	-8.2954
1.8e+09	-4e+06	-8.8138
1.9e+09	-4e+06	-9.3314
2e+09	-4e+06	-10.069
2.1e+09	-4e+06	-10.926
2.2e+09	-4e+06	-11.735
2.3e+09	-4e+06	-12.578
2.4e+09	-4e+06	-12.5
2.5e+09	-4e+06	-13.229
2.6e+09	-4e+06	-14.458
2.7e+09	-4e+06	-15.177
2.8e+09	-4e+06	-14.853
2.9e+09	-4e+06	-14.486
3e+09	-4e+06	-15.69
3.1e+09	-4e+06	-16.517
3.2e+09	-4e+06	-15.996
3.3e+09	-4e+06	-15.627
3.4e+09	-4e+06	-16.342
3.5e+09	-4e+06	-16.706
3.6e+09	-4e+06	-16.432
3.7e+09	-4e+06	-17.491
3.8e+09	-4e+06	-18.272
3.9e+09	-4e+06	-17.891
4e+09	-4e+06	-17.882
4.1e+09	-4e+06	-18.923
4.2e+09	-4e+06	-19.346
4.3e+09	-4e+06	-18.397
4.4e+09	-4e+06	-18.455
4e+08	-3e+06	-1.9011
5e+08	-3e+06	-1.2146
6e+08	-3e+06	-1.1376
7e+08	-3e+06	-1.5814
8e+08	-3e+06	-2.012
9e+08	-3e+06	-2.4995
1e+09	-3e+06	-3.1531
1.1e+09	-3e+06	-4.0477
1.2e+09	-3e+06	-4.4412
1.3e+09	-3e+06	-5.0137
1.4e+09	-3e+06	-5.3235
1.5e+09	-3e+06	-6.2782
1.6e+09	-3e+06	-7.0839
1.7e+09	-3e+06	-7.7756
1.8e+09	-3e+06	-8.291
1.9e+09	-3e+06	-8.8141
2e+09	-3e+06	-9.5479
2.1e+09	-3e+06	-10.408
2.2e+09	-3e+06	-11.22
2.3e+09	-3e+06	-12.055
2.4e+09	-3e+06	-11.984
2.5e+09	-3e+06	-12.706
2.6e+09	-3e+06	-13.939
2.7e+09	-3e+06	-14.651
2.8e+09	-3e+06	-14.317
2.9e+09	-3e+06	-13.969
3e+09	-3e+06	-15.178
3.1e+09	-3e+06	-15.988
3.2e+09	-3e+06	-15.456
3.3e+09	-3e+06	-15.1
3.4e+09	-3e+06	-15.825
3.5e+09	-3e+06	-16.177
3.6e+09	-3e+06	-15.983
3.7e+09	-3e+06	-16.976
3.8e+09	-3e+06	-17.735
3.9e+09	-3e+06	-17.361
4e+09	-3e+06	-17.367
4.1e+09	-3e+06	-18.404
4.2e+09	-3e+06	-18.809
4.3e+09	-3e+06	-17.869
4.4e+09	-3e+06	-17.925
4e+08	-2e+06	-1.2705
5e+08	-2e+06	-0.86642
6e+08	-2e+06	-0.79611
7e+08	-2e+06	-1.2359
8e+08	-2e+06	-1.6644
9e+08	-2e+06	-2.1517
1e+09	-2e+06	-2.8058
1.1e+09	-2e+06	-3.6998
1.2e+09	-2e+06	-4.0885
1.3e+09	-2e+06	-4.6576
1.4e+09	-2e+06	-4.9684
1.5e+09	-2e+06	-5.9257
1.6e+09	-2e+06	-6.7295
1.7e+09	-2e+06	-7.4191
1.8e+09	-2e+06	-7.9314
1.9e+09	-2e+06	-8.4601
2e+09	-2e+06	-9.191
2.1e+09	-2e+06	-10.052
2.2e+09	-2e+06	-10.87
2.3e+09	-2e+06	-11.693
2.4e+09	-2e+06	-11.625
2.5e+09	-2e+06	-12.345
2.6e+09	-2e+06	-13.584
2.7e+09	-2e+06	-14.288
2.8e+09	-2e+06	-13.943
2.9e+09	-2e+06	-13.616
3e+09	-2e+06	-14.826
3.1e+09	-2e+06	-15.625
3.2e+09	-2e+06	-15.079
3.3e+09	-2e+06	-14.733
3.4e+09	-2e+06	-15.469
3.5e+09	-2e+06	-15.81
3.6e+09	-2e+06	-15.695
3.7e+09	-2e+06	-16.621
3.8e+09	-2e+06	-17.36
3.9e+09	-2e+06	-16.993
4e+09	-2e+06	-17.009
4.1e+09	-2e+06	-18.051
4.2e+09	-2e+06	-18.433
4.3e+09	-2e+06	-17.505
4.4e+09	-2e+06	-17.561
4e+08	-1e+06	-1.3461
5e+08	-1e+06	-0.66307
6e+08	-1e+06	-0.59885
7e+08	-1e+06	-1.0363
8e+08	-1e+06	-1.461
9e+08	-1e+06	-1.9495
1e+09	-1e+06	-2.604
1.1e+09	-1e+06	-3.4972
1.2e+09	-1e+06	-3.8819
1.3e+09	-1e+06	-4.4488
1.4e+09	-1e+06	-4.7586
1.5e+09	-1e+06	-5.7202
1.6e+09	-1e+06	-6.5194
1.7e+09	-1e+06	-7.2078
1.8e+09	-1e+06	-7.7161
1.9e+09	-1e+06	-8.2517
2e+09	-1e+06	-8.9797
2.1e+09	-1e+06	-9.842
2.2e+09	-1e+06	-10.663
2.3e+09	-1e+06	-11.477
2.4e+09	-1e+06	-11.418
2.5e+09	-1e+06	-12.133
2.6e+09	-1e+06	-13.375
2.7e+09	-1e+06	-14.072
2.8e+09	-1e+06	-13.716
2.9e+09	-1e+06	-13.41
3e+09	-1e+06	-14.62
3.1e+09	-1e+06	-15.408
3.2e+09	-1e+06	-14.835
3.3e+09	-1e+06	-14.514
3.4e+09	-1e+06	-15.261
3.5e+09	-1e+06	-15.438
3.6e+09	-1e+06	-15.554
3.7e+09	-1e+06	-16.414
3.8e+09	-1e+06	-17.13
3.9e+09	-1e+06	-16.772
4e+09	-1e+06	-16.802
4.1e+09	-1e+06	-17.839
4.2e+09	-1e+06	-18.205
4.3e+09	-1e+06	-17.286
4.4e+09	-1e+06	-17.34
4e+08	0	-1.0372
5e+08	0	-0.39437
6e+08	0	-0.36369
7e+08	0	-0.82014
8e+08	0	-1.2582
9e+08	0	-1.7555
1e+09	0	-2.4278
1.1e+09	0	-3.3285
1.2e+09	0	-3.7082
1.3e+09	0	-4.267
1.4e+09	0	-4.5555
1.5e+09	0	-5.5074
1.6e+09	0	-6.3185
1.7e+09	0	-7.0211
1.8e+09	0	-7.5243
1.9e+09	0	-8.07
2e+09	0	-8.7939
2.1e+09	0	-9.6521
2.2e+09	0	-10.475
2.3e+09	0	-11.271
2.4e+09	0	-11.015
2.5e+09	0	-11.943
2.6e+09	0	-13.181
2.7e+09	0	-13.843
2.8e+09	0	-13.455
2.9e+09	0	-13.146
3e+09	0	-14.336
3.1e+09	0	-15.098
3.2e+09	0	-14.517
3.3e+09	0	-14.202
3.4e+09	0	-14.967
3.5e+09	0	-15.288
3.6e+09	0	-15.331
3.7e+09	0	-16.101
3.8e+09	0	-16.813
3.9e+09	0	-16.436
4e+09	0	-16.477
4.1e+09	0	-17.427
4.2e+09	0	-17.741
4.3e+09	0	-16.78
4.4e+09	0	-16.795
4e+08	1e+06	-1.3209
5e+08	1e+06	-0.65712
6e+08	1e+06	-0.77238
7e+08	1e+06	-1.045
8e+08	1e+06	-1.4649
9e+08	1e+06	-1.9591
1e+09	1e+06	-2.6178
1.1e+09	1e+06	-3.5111
1.2e+09	1e+06	-3.8926
1.3e+09	1e+06	-4.4571
1.4e+09	1e+06	-5.0463
1.5e+09	1e+06	-5.7386
1.6e+09	1e+06	-6.5333
1.7e+09	1e+06	-7.2186
1.8e+09	1e+06	-7.7231
1.9e+09	1e+06	-7.9326
2e+09	1e+06	-8.9922
2.1e+09	1e+06	-9.8625
2.2e+09	1e+06	-10.689
2.3e+09	1e+06	-11.483
2.4e+09	1e+06	-11.436
2.5e+09	1e+06	-12.071
2.6e+09	1e+06	-13.399
2.7e+09	1e+06	-14.077
2.8e+09	1e+06	-13.701
2.9e+09	1e+06	-13.44
3e+09	1e+06	-14.65
3.1e+09	1e+06	-15.412
3.2e+09	1e+06	-14.829
3.3e+09	1e+06	-14.515
3.4e+09	1e+06	-15.285
3.5e+09	1e+06	-15.589
3.6e+09	1e+06	-15.635
3.7e+09	1e+06	-16.448
3.8e+09	1e+06	-17.125
3.9e+09	1e+06	-16.764
4e+09	1e+06	-16.831
4.1e+09	1e+06	-17.865
4.2e+09	1e+06	-18.191
4.3e+09	1e+06	-17.303
4.4e+09	1e+06	-17.351
4e+08	2e+06	-1.5026
5e+08	2e+06	-0.85277
6e+08	2e+06	-1.0625
7e+08	2e+06	-1.2559
8e+08	2e+06	-1.6812
9e+08	2e+06	-2.1712
1e+09	2e+06	-2.8374
1.1e+09	2e+06	-3.7273
1.2e+09	2e+06	-4.1107
1.3e+09	2e+06	-4.6755
1.4e+09	2e+06	-5.2661
1.5e+09	2e+06	-5.9618
1.6e+09	2e+06	-6.7549
1.7e+09	2e+06	-7.438
1.8e+09	2e+06	-7.9427
1.9e+09	2e+06	-8.1568
2e+09	2e+06	-9.2134
2.1e+09	2e+06	-10.087
2.2e+09	2e+06	-10.918
2.3e+09	2e+06	-11.558
2.4e+09	2e+06	-11.661
2.5e+09	2e+06	-12.222
2.6e+09	2e+06	-13.627
2.7e+09	2e+06	-14.296
2.8e+09	2e+06	-13.914
2.9e+09	2e+06	-13.675
3e+09	2e+06	-14.881
3.1e+09	2e+06	-15.631
3.2e+09	2e+06	-15.043
3.3e+09	2e+06	-14.732
3.4e+09	2e+06	-15.514
3.5e+09	2e+06	-15.806
3.6e+09	2e+06	-15.855
3.7e+09	2e+06	-16.685
3.8e+09	2e+06	-17.34
3.9e+09	2e+06	-16.975
4e+09	2e+06	-17.063
4.1e+09	2e+06	-18.098
4.2e+09	2e+06	-18.402
4.3e+09	2e+06	-17.515
4.4e+09	2e+06	-17.581
4e+08	3e+06	-1.8283
5e+08	3e+06	-1.1936
6e+08	3e+06	-1.1689
7e+08	3e+06	-1.6105
8e+08	3e+06	-2.0382
9e+08	3e+06	-2.5295
1e+09	3e+06	-3.2019
1.1e+09	3e+06	-4.0875
1.2e+09	3e+06	-4.4747
1.3e+09	3e+06	-5.0376
1.4e+09	3e+06	-5.6328
1.5e+09	3e+06	-6.3312
1.6e+09	3e+06	-7.1215
1.7e+09	3e+06	-7.8008
1.8e+09	3e+06	-8.3058
1.9e+09	3e+06	-8.5266
2e+09	3e+06	-9.5827
2.1e+09	3e+06	-10.458
2.2e+09	3e+06	-11.295
2.3e+09	3e+06	-11.843
2.4e+09	3e+06	-12.034
2.5e+09	3e+06	-12.75
2.6e+09	3e+06	-14.004
2.7e+09	3e+06	-14.663
2.8e+09	3e+06	-14.269
2.9e+09	3e+06	-14.056
3e+09	3e+06	-15.261
3.1e+09	3e+06	-15.998
3.2e+09	3e+06	-15.251
3.3e+09	3e+06	-15.084
3.4e+09	3e+06	-15.89
3.5e+09	3e+06	-16.169
3.6e+09	3e+06	-16.224
3.7e+09	3e+06	-17.069
3.8e+09	3e+06	-17.706
3.9e+09	3e+06	-17.334
4e+09	3e+06	-17.443
4.1e+09	3e+06	-18.479
4.2e+09	3e+06	-18.758
4.3e+09	3e+06	-17.883
4.4e+09	3e+06	-17.956
4e+08	4e+06	-2.3287
5e+08	4e+06	-1.707
6e+08	4e+06	-1.6919
7e+08	4e+06	-2.1342
8e+08	4e+06	-2.5632
9e+08	4e+06	-3.0546
1e+09	4e+06	-3.7332
1.1e+09	4e+06	-4.6158
1.2e+09	4e+06	-5.004
1.3e+09	4e+06	-5.5664
1.4e+09	4e+06	-6.1625
1.5e+09	4e+06	-6.866
1.6e+09	4e+06	-7.6526
1.7e+09	4e+06	-8.3324
1.8e+09	4e+06	-8.8349
1.9e+09	4e+06	-9.144
2e+09	4e+06	-10.114
2.1e+09	4e+06	-10.993
2.2e+09	4e+06	-11.833
2.3e+09	4e+06	-12.372
2.4e+09	4e+06	-12.569
2.5e+09	4e+06	-13.286
2.6e+09	4e+06	-14.542
2.7e+09	4e+06	-15.193
2.8e+09	4e+06	-14.786
2.9e+09	4e+06	-14.601
3e+09	4e+06	-15.801
3.1e+09	4e+06	-16.527
3.2e+09	4e+06	-15.772
3.3e+09	4e+06	-15.622
3.4e+09	4e+06	-16.429
3.5e+09	4e+06	-16.697
3.6e+09	4e+06	-16.754
3.7e+09	4e+06	-17.61
3.8e+09	4e+06	-18.237
3.9e+09	4e+06	-17.854
4e+09	4e+06	-17.983
4.1e+09	4e+06	-19.015
4.2e+09	4e+06	-19.278
4.3e+09	4e+06	-18.413
4.4e+09	4e+06	-18.496
4e+08	5e+06	-3.0265
5e+08	5e+06	-2.4159
6e+08	5e+06	-2.4097
7e+08	5e+06	-2.8526
8e+08	5e+06	-3.2808
9e+08	5e+06	-3.7691
1e+09	5e+06	-4.452
1.1e+09	5e+06	-5.3301
1.2e+09	5e+06	-5.7192
1.3e+09	5e+06	-6.2798
1.4e+09	5e+06	-6.8777
1.5e+09	5e+06	-7.584
1.6e+09	5e+06	-8.3673
1.7e+09	5e+06	-9.0457
1.8e+09	5e+06	-9.5457
1.9e+09	5e+06	-9.7951
2e+09	5e+06	-10.827
2.1e+09	5e+06	-11.709
2.2e+09	5e+06	-12.554
2.3e+09	5e+06	-13.08
2.4e+09	5e+06	-13.284
2.5e+09	5e+06	-14.003
2.6e+09	5e+06	-15.259
2.7e+09	5e+06	-15.901
2.8e+09	5e+06	-15.484
2.9e+09	5e+06	-15.323
3e+09	5e+06	-16.522
3.1e+09	5e+06	-17.233
3.2e+09	5e+06	-16.472
3.3e+09	5e+06	-16.329
3.4e+09	5e+06	-17.146
3.5e+09	5e+06	-17.404
3.6e+09	5e+06	-17.462
3.7e+09	5e+06	-18.334
3.8e+09	5e+06	-18.342
3.9e+09	5e+06	-18.554
4e+09	5e+06	-18.705
4.1e+09	5e+06	-19.736
4.2e+09	5e+06	-19.975
4.3e+09	5e+06	-19.122
4.4e+09	5e+06	-19.213
4e+08	6e+06	-3.9792
5e+08	6e+06	-3.3774
6e+08	6e+06	-3.6113
7e+08	6e+06	-3.8155
8e+08	6e+06	-4.2412
9e+08	6e+06	-4.7258
1e+09	6e+06	-5.4118
1.1e+09	6e+06	-6.2855
1.2e+09	6e+06	-6.6731
1.3e+09	6e+06	-7.233
1.4e+09	6e+06	-7.8299
1.5e+09	6e+06	-8.5418
1.6e+09	6e+06	-9.3194
1.7e+09	6e+06	-9.994
1.8e+09	6e+06	-10.492
1.9e+09	6e+06	-11.061
2e+09	6e+06	-11.777
2.1e+09	6e+06	-12.658
2.2e+09	6e+06	-13.508
2.3e+09	6e+06	-14.023
2.4e+09	6e+06	-14.233
2.5e+09	6e+06	-14.952
2.6e+09	6e+06	-16.209
2.7e+09	6e+06	-16.843
2.8e+09	6e+06	-16.414
2.9e+09	6e+06	-16.276
3e+09	6e+06	-17.477
3.1e+09	6e+06	-18.171
3.2e+09	6e+06	-17.405
3.3e+09	6e+06	-17.268
3.4e+09	6e+06	-18.094
3.5e+09	6e+06	-18.328
3.6e+09	6e+06	-18.397
3.7e+09	6e+06	-19.288
3.8e+09	6e+06	-19.88
3.9e+09	6e+06	-19.484
4e+09	6e+06	-19.656
4.1e+09	6e+06	-20.687
4.2e+09	6e+06	-20.903
4.3e+09	6e+06	-20.06
4.4e+09	6e+06	-20.162
4e+08	7e+06	-5.2055
5e+08	7e+06	-4.6098
6e+08	7e+06	-4.6918
7e+08	7e+06	-5.0509
8e+08	7e+06	-5.4756
9e+08	7e+06	-5.9566
1e+09	7e+06	-6.6451
1.1e+09	7e+06	-7.5131
1.2e+09	7e+06	-7.9001
1.3e+09	7e+06	-8.4586
1.4e+09	7e+06	-9.0558
1.5e+09	7e+06	-9.7725
1.6e+09	7e+06	-10.543
1.7e+09	7e+06	-11.214
1.8e+09	7e+06	-11.711
1.9e+09	7e+06	-12.282
2e+09	7e+06	-12.996
2.1e+09	7e+06	-13.878
2.2e+09	7e+06	-14.732
2.3e+09	7e+06	-15.235
2.4e+09	7e+06	-15.452
2.5e+09	7e+06	-16.169
2.6e+09	7e+06	-17.428
2.7e+09	7e+06	-18.054
2.8e+09	7e+06	-17.616
2.9e+09	7e+06	-17.506
3e+09	7e+06	-18.698
3.1e+09	7e+06	-19.378
3.2e+09	7e+06	-18.765
3.3e+09	7e+06	-18.473
3.4e+09	7e+06	-19.311
3.5e+09	7e+06	-19.553
3.6e+09	7e+06	-19.606
3.7e+09	7e+06	-20.512
3.8e+09	7e+06	-21.085
3.9e+09	7e+06	-20.683
4e+09	7e+06	-20.874
4.1e+09	7e+06	-21.905
4.2e+09	7e+06	-22.097
4.3e+09	7e+06	-21.263
4.4e+09	7e+06	-21.379
4e+08	8e+06	-6.7884
5e+08	8e+06	-6.1996
6e+08	8e+06	-6.2067
7e+08	8e+06	-6.646
8e+08	8e+06	-7.0694
9e+08	8e+06	-7.5475
1e+09	8e+06	-8.2405
1.1e+09	8e+06	-9.1033
1.2e+09	8e+06	-9.4905
1.3e+09	8e+06	-10.048
1.4e+09	8e+06	-10.521
1.5e+09	8e+06	-11.362
1.6e+09	8e+06	-12.13
1.7e+09	8e+06	-12.798
1.8e+09	8e+06	-13.292
1.9e+09	8e+06	-13.866
2e+09	8e+06	-14.578
2.1e+09	8e+06	-15.458
2.2e+09	8e+06	-16.318
2.3e+09	8e+06	-16.81
2.4e+09	8e+06	-17.031
2.5e+09	8e+06	-17.753
2.6e+09	8e+06	-19.01
2.7e+09	8e+06	-19.625
2.8e+09	8e+06	-19.176
2.9e+09	8e+06	-19.093
3e+09	8e+06	-20.282
3.1e+09	8e+06	-20.945
3.2e+09	8e+06	-20.327
3.3e+09	8e+06	-20.039
3.4e+09	8e+06	-20.887
3.5e+09	8e+06	-21.12
3.6e+09	8e+06	-21.176
3.7e+09	8e+06	-21.908
3.8e+09	8e+06	-22.653
3.9e+09	8e+06	-22.241
4e+09	8e+06	-22.451
4.1e+09	8e+06	-23.484
4.2e+09	8e+06	-23.656
4.3e+09	8e+06	-22.83
4.4e+09	8e+06	-22.96
4e+08	9e+06	-8.8816
5e+08	9e+06	-8.2963
6e+08	9e+06	-8.5413
7e+08	9e+06	-8.7498
8e+08	9e+06	-9.1742
9e+08	9e+06	-9.653
1e+09	9e+06	-10.351
1.1e+09	9e+06	-11.209
1.2e+09	9e+06	-11.598
1.3e+09	9e+06	-12.152
1.4e+09	9e+06	-12.584
1.5e+09	9e+06	-13.47
1.6e+09	9e+06	-14.234
1.7e+09	9e+06	-14.897
1.8e+09	9e+06	-15.39
1.9e+09	9e+06	-15.966
2e+09	9e+06	-16.677
2.1e+09	9e+06	-17.556
2.2e+09	9e+06	-18.421
2.3e+09	9e+06	-18.901
2.4e+09	9e+06	-19.128
2.5e+09	9e+06	-19.852
2.6e+09	9e+06	-21.102
2.7e+09	9e+06	-21.711
2.8e+09	9e+06	-21.255
2.9e+09	9e+06	-21.195
3e+09	9e+06	-22.385
3.1e+09	9e+06	-23.027
3.2e+09	9e+06	-22.408
3.3e+09	9e+06	-22.124
3.4e+09	9e+06	-22.982
3.5e+09	9e+06	-23.21
3.6e+09	9e+06	-23.26
3.7e+09	9e+06	-24.201
3.8e+09	9e+06	-24.739
3.9e+09	9e+06	-24.318
4e+09	9e+06	-24.544
4.1e+09	9e+06	-25.58
4.2e+09	9e+06	-25.73
4.3e+09	9e+06	-24.912
4.4e+09	9e+06	-25.058
4e+08	1e+07	-11.789
5e+08	1e+07	-11.205
6e+08	1e+07	-11.459
7e+08	1e+07	-11.671
8e+08	1e+07	-12.096
9e+08	1e+07	-12.574
1e+09	1e+07	-13.279
1.1e+09	1e+07	-14.131
1.2e+09	1e+07	-14.525
1.3e+09	1e+07	-15.075
1.4e+09	1e+07	-15.463
1.5e+09	1e+07	-16.394
1.6e+09	1e+07	-17.155
1.7e+09	1e+07	-17.814
1.8e+09	1e+07	-18.304
1.9e+09	1e+07	-18.883
2e+09	1e+07	-19.584
2.1e+09	1e+07	-20.468
2.2e+09	1e+07	-21.339
2.3e+09	1e+07	-22.027
2.4e+09	1e+07	-22.037
2.5e+09	1e+07	-22.761
2.6e+09	1e+07	-24.015
2.7e+09	1e+07	-24.617
2.8e+09	1e+07	-24.146
2.9e+09	1e+07	-24.116
3e+09	1e+07	-25.303
3.1e+09	1e+07	-25.875
3.2e+09	1e+07	-25.306
3.3e+09	1e+07	-25.025
3.4e+09	1e+07	-25.889
3.5e+09	1e+07	-26.098
3.6e+09	1e+07	-26.066
3.7e+09	1e+07	-27.112
3.8e+09	1e+07	-27.634
3.9e+09	1e+07	-27.206
4e+09	1e+07	-27.453
4.1e+09	1e+07	-28.49
4.2e+09	1e+07	-28.618
4.3e+09	1e+07	-27.809
4.4e+09	1e+07	-27.972
4e+08	1.1e+07	-16.315
5e+08	1.1e+07	-15.735
6e+08	1.1e+07	-15.997
7e+08	1.1e+07	-16.205
8e+08	1.1e+07	-16.629
9e+08	1.1e+07	-17.112
1e+09	1.1e+07	-17.82
1.1e+09	1.1e+07	-18.663
1.2e+09	1.1e+07	-19.07
1.3e+09	1.1e+07	-19.609
1.4e+09	1.1e+07	-19.995
1.5e+09	1.1e+07	-20.919
1.6e+09	1.1e+07	-21.685
1.7e+09	1.1e+07	-22.34
1.8e+09	1.1e+07	-22.826
1.9e+09	1.1e+07	-23.411
2e+09	1.1e+07	-24.118
2.1e+09	1.1e+07	-24.992
2.2e+09	1.1e+07	-25.87
2.3e+09	1.1e+07	-26.545
2.4e+09	1.1e+07	-26.56
2.5e+09	1.1e+07	-27.291
2.6e+09	1.1e+07	-28.539
2.7e+09	1.1e+07	-29.131
2.8e+09	1.1e+07	-28.655
2.9e+09	1.1e+07	-28.647
3e+09	1.1e+07	-29.817
3.1e+09	1.1e+07	-30.299
3.2e+09	1.1e+07	-29.812
3.3e+09	1.1e+07	-29.532
3.4e+09	1.1e+07	-30.409
3.5e+09	1.1e+07	-30.631
3.6e+09	1.1e+07	-30.673
3.7e+09	1.1e+07	-31.631
3.8e+09	1.1e+07	-32.142
3.9e+09	1.1e+07	-31.702
4e+09	1.1e+07	-31.977
4.1e+09	1.1e+07	-33.015
4.2e+09	1.1e+07	-33.112
4.3e+09	1.1e+07	-32.315
4.4e+09	1.1e+07	-32.494
4e+08	1.2e+07	-26.037
5e+08	1.2e+07	-25.463
6e+08	1.2e+07	-25.593
7e+08	1.2e+07	-25.94
8e+08	1.2e+07	-26.358
9e+08	1.2e+07	-26.842
1e+09	1.2e+07	-27.548
1.1e+09	1.2e+07	-28.394
1.2e+09	1.2e+07	-28.796
1.3e+09	1.2e+07	-29.333
1.4e+09	1.2e+07	-29.72
1.5e+09	1.2e+07	-30.661
1.6e+09	1.2e+07	-31.401
1.7e+09	1.2e+07	-32.057
1.8e+09	1.2e+07	-32.535
1.9e+09	1.2e+07	-33.134
2e+09	1.2e+07	-33.831
2.1e+09	1.2e+07	-34.705
2.2e+09	1.2e+07	-35.59
2.3e+09	1.2e+07	-36.248
2.4e+09	1.2e+07	-36.275
2.5e+09	1.2e+07	-37.007
2.6e+09	1.2e+07	-38.254
2.7e+09	1.2e+07	-38.832
2.8e+09	1.2e+07	-38.351
2.9e+09	1.2e+07	-38.364
3e+09	1.2e+07	-39.556
3.1e+09	1.2e+07	-39.997
3.2e+09	1.2e+07	-39.519
3.3e+09	1.2e+07	-39.238
3.4e+09	1.2e+07	-40.116
3.5e+09	1.2e+07	-40.33
3.6e+09	1.2e+07	-40.369
3.7e+09	1.2e+07	-41.341
3.8e+09	1.2e+07	-41.842
3.9e+09	1.2e+07	-41.407
4e+09	1.2e+07	-41.667
4.1e+09	1.2e+07	-42.721
4.2e+09	1.2e+07	-42.822
4.3e+09	1.2e+07	-42.017
4.4e+09	1.2e+07	-42.197
4e+08	1.3e+07	-26.332
5e+08	1.3e+07	-25.751
6e+08	1.3e+07	-25.814
7e+08	1.3e+07	-26.052
8e+08	1.3e+07	-26.638
9e+08	1.3e+07	-27.118
1e+09	1.3e+07	-27.828
1.1e+09	1.3e+07	-28.658
1.2e+09	1.3e+07	-29.06
1.3e+09	1.3e+07	-29.598
1.4e+09	1.3e+07	-29.989
1.5e+09	1.3e+07	-30.927
1.6e+09	1.3e+07	-31.659
1.7e+09	1.3e+07	-32.319
1.8e+09	1.3e+07	-32.802
1.9e+09	1.3e+07	-33.391
2e+09	1.3e+07	-34.096
2.1e+09	1.3e+07	-34.961
2.2e+09	1.3e+07	-35.85
2.3e+09	1.3e+07	-36.516
2.4e+09	1.3e+07	-36.523
2.5e+09	1.3e+07	-37.264
2.6e+09	1.3e+07	-38.504
2.7e+09	1.3e+07	-39.093
2.8e+09	1.3e+07	-38.6
2.9e+09	1.3e+07	-38.632
3e+09	1.3e+07	-39.814
3.1e+09	1.3e+07	-40.259
3.2e+09	1.3e+07	-39.759
3.3e+09	1.3e+07	-39.485
3.4e+09	1.3e+07	-40.377
3.5e+09	1.3e+07	-40.607
3.6e+09	1.3e+07	-40.613
3.7e+09	1.3e+07	-41.605
3.8e+09	1.3e+07	-42.094
3.9e+09	1.3e+07	-41.647
4e+09	1.3e+07	-41.95
4.1e+09	1.3e+07	-42.989
4.2e+09	1.3e+07	-43.044
4.3e+09	1.3e+07	-42.268
4.4e+09	1.3e+07	-42.466
4e+08	1.4e+07	-17.175
5e+08	1.4e+07	-16.597
6e+08	1.4e+07	-16.661
7e+08	1.4e+07	-17.053
8e+08	1.4e+07	-17.46
9e+08	1.4e+07	-17.932
1e+09	1.4e+07	-18.638
1.1e+09	1.4e+07	-19.462
1.2e+09	1.4e+07	-19.863
1.3e+09	1.4e+07	-20.401
1.4e+09	1.4e+07	-20.783
1.5e+09	1.4e+07	-21.598
1.6e+09	1.4e+07	-22.47
1.7e+09	1.4e+07	-23.113
1.8e+09	1.4e+07	-23.595
1.9e+09	1.4e+07	-24.181
2e+09	1.4e+07	-24.889
2.1e+09	1.4e+07	-25.755
2.2e+09	1.4e+07	-26.654
2.3e+09	1.4e+07	-27.306
2.4e+09	1.4e+07	-27.32
2.5e+09	1.4e+07	-28.061
2.6e+09	1.4e+07	-29.303
2.7e+09	1.4e+07	-29.87
2.8e+09	1.4e+07	-29.369
2.9e+09	1.4e+07	-29.43
3e+09	1.4e+07	-30.61
3.1e+09	1.4e+07	-31.159
3.2e+09	1.4e+07	-30.536
3.3e+09	1.4e+07	-30.268
3.4e+09	1.4e+07	-31.156
3.5e+09	1.4e+07	-31.374
3.6e+09	1.4e+07	-31.406
3.7e+09	1.4e+07	-32.399
3.8e+09	1.4e+07	-32.871
3.9e+09	1.4e+07	-32.421
4e+09	1.4e+07	-32.734
4.1e+09	1.4e+07	-33.777
4.2e+09	1.4e+07	-33.82
4.3e+09	1.4e+07	-33.041
4.4e+09	1.4e+07	-33.273
4e+08	1.5e+07	-13.176
5e+08	1.5e+07	-12.607
6e+08	1.5e+07	-12.667
7e+08	1.5e+07	-13.049
8e+08	1.5e+07	-13.451
9e+08	1.5e+07	-13.911
1e+09	1.5e+07	-14.619
1.1e+09	1.5e+07	-15.436
1.2e+09	1.5e+07	-15.835
1.3e+09	1.5e+07	-16.374
1.4e+09	1.5e+07	-16.753
1.5e+09	1.5e+07	-17.703
1.6e+09	1.5e+07	-18.442
1.7e+09	1.5e+07	-19.082
1.8e+09	1.5e+07	-19.562
1.9e+09	1.5e+07	-20.153
2e+09	1.5e+07	-20.862
2.1e+09	1.5e+07	-21.721
2.2e+09	1.5e+07	-22.627
2.3e+09	1.5e+07	-23.27
2.4e+09	1.5e+07	-23.289
2.5e+09	1.5e+07	-24.031
2.6e+09	1.5e+07	-25.274
2.7e+09	1.5e+07	-25.835
2.8e+09	1.5e+07	-25.322
2.9e+09	1.5e+07	-25.408
3e+09	1.5e+07	-26.594
3.1e+09	1.5e+07	-27.121
3.2e+09	1.5e+07	-26.499
3.3e+09	1.5e+07	-26.234
3.4e+09	1.5e+07	-27.128
3.5e+09	1.5e+07	-27.347
3.6e+09	1.5e+07	-27.364
3.7e+09	1.5e+07	-28.38
3.8e+09	1.5e+07	-28.836
3.9e+09	1.5e+07	-28.38
4e+09	1.5e+07	-28.71
4.1e+09	1.5e+07	-29.759
4.2e+09	1.5e+07	-29.776
4.3e+09	1.5e+07	-29.003
4.4e+09	1.5e+07	-29.243
4e+08	1.6e+07	-10.753
5e+08	1.6e+07	-10.2
6e+08	1.6e+07	-10.271
7e+08	1.6e+07	-10.643
8e+08	1.6e+07	-11.041
9e+08	1.6e+07	-11.498
1e+09	1.6e+07	-12.205
1.1e+09	1.6e+07	-13.016
1.2e+09	1.6e+07	-13.415
1.3e+09	1.6e+07	-13.955
1.4e+09	1.6e+07	-14.53
1.5e+09	1.6e+07	-15.288
1.6e+09	1.6e+07	-16.026
1.7e+09	1.6e+07	-16.663
1.8e+09	1.6e+07	-17.146
1.9e+09	1.6e+07	-17.739
2e+09	1.6e+07	-18.45
2.1e+09	1.6e+07	-19.31
2.2e+09	1.6e+07	-20.225
2.3e+09	1.6e+07	-20.856
2.4e+09	1.6e+07	-20.878
2.5e+09	1.6e+07	-21.625
2.6e+09	1.6e+07	-22.862
2.7e+09	1.6e+07	-23.418
2.8e+09	1.6e+07	-22.899
2.9e+09	1.6e+07	-23.009
3e+09	1.6e+07	-24.191
3.1e+09	1.6e+07	-24.699
3.2e+09	1.6e+07	-24.083
3.3e+09	1.6e+07	-23.821
3.4e+09	1.6e+07	-24.723
3.5e+09	1.6e+07	-24.936
3.6e+09	1.6e+07	-24.954
3.7e+09	1.6e+07	-25.972
3.8e+09	1.6e+07	-26.428
3.9e+09	1.6e+07	-25.958
4e+09	1.6e+07	-26.306
4.1e+09	1.6e+07	-27.357
4.2e+09	1.6e+07	-27.355
4.3e+09	1.6e+07	-26.585
4.4e+09	1.6e+07	-26.845
4e+08	1.7e+07	-9.1389
5e+08	1.7e+07	-8.6073
6e+08	1.7e+07	-8.9075
7e+08	1.7e+07	-9.0653
8e+08	1.7e+07	-9.4707
9e+08	1.7e+07	-9.9277
1e+09	1.7e+07	-10.64
1.1e+09	1.7e+07	-11.446
1.2e+09	1.7e+07	-11.851
1.3e+09	1.7e+07	-12.392
1.4e+09	1.7e+07	-12.979
1.5e+09	1.7e+07	-13.732
1.6e+09	1.7e+07	-14.471
1.7e+09	1.7e+07	-15.105
1.8e+09	1.7e+07	-15.589
1.9e+09	1.7e+07	-16.187
2e+09	1.7e+07	-16.901
2.1e+09	1.7e+07	-17.76
2.2e+09	1.7e+07	-18.683
2.3e+09	1.7e+07	-19.308
2.4e+09	1.7e+07	-19.33
2.5e+09	1.7e+07	-20.083
2.6e+09	1.7e+07	-21.315
2.7e+09	1.7e+07	-21.865
2.8e+09	1.7e+07	-21.341
2.9e+09	1.7e+07	-21.471
3e+09	1.7e+07	-22.658
3.1e+09	1.7e+07	-23.141
3.2e+09	1.7e+07	-22.527
3.3e+09	1.7e+07	-22.26
3.4e+09	1.7e+07	-23.18
3.5e+09	1.7e+07	-23.396
3.6e+09	1.7e+07	-23.402
3.7e+09	1.7e+07	-24.434
3.8e+09	1.7e+07	-24.877
3.9e+09	1.7e+07	-24.404
4e+09	1.7e+07	-24.77
4.1e+09	1.7e+07	-25.819
4.2e+09	1.7e+07	-25.798
4.3e+09	1.7e+07	-25.033
4.4e+09	1.7e+07	-25.308
4e+08	1.8e+07	-8.1396
5e+08	1.8e+07	-7.6332
6e+08	1.8e+07	-7.9513
7e+08	1.8e+07	-8.1182
8e+08	1.8e+07	-8.5304
9e+08	1.8e+07	-9.0007
1e+09	1.8e+07	-9.7237
1.1e+09	1.8e+07	-10.527
1.2e+09	1.8e+07	-10.935
1.3e+09	1.8e+07	-11.484
1.4e+09	1.8e+07	-12.074
1.5e+09	1.8e+07	-12.833
1.6e+09	1.8e+07	-13.574
1.7e+09	1.8e+07	-14.206
1.8e+09	1.8e+07	-14.694
1.9e+09	1.8e+07	-15.295
2e+09	1.8e+07	-16.012
2.1e+09	1.8e+07	-16.87
2.2e+09	1.8e+07	-17.802
2.3e+09	1.8e+07	-18.419
2.4e+09	1.8e+07	-18.444
2.5e+09	1.8e+07	-19.208
2.6e+09	1.8e+07	-20.435
2.7e+09	1.8e+07	-20.973
2.8e+09	1.8e+07	-20.449
2.9e+09	1.8e+07	-20.601
3e+09	1.8e+07	-21.784
3.1e+09	1.8e+07	-22.248
3.2e+09	1.8e+07	-21.639
3.3e+09	1.8e+07	-21.387
3.4e+09	1.8e+07	-22.298
3.5e+09	1.8e+07	-22.518
3.6e+09	1.8e+07	-22.518
3.7e+09	1.8e+07	-23.557
3.8e+09	1.8e+07	-23.993
3.9e+09	1.8e+07	-23.515
4e+09	1.8e+07	-23.896
4.1e+09	1.8e+07	-24.95
4.2e+09	1.8e+07	-24.91
4.3e+09	1.8e+07	-24.144
4.4e+09	1.8e+07	-24.437
4e+08	1.9e+07	-7.7767
5e+08	1.9e+07	-7.2995
6e+08	1.9e+07	-7.6424
7e+08	1.9e+07	-7.8223
8e+08	1.9e+07	-8.2469
9e+08	1.9e+07	-8.731
1e+09	1.9e+07	-9.4654
1.1e+09	1.9e+07	-10.267
1.2e+09	1.9e+07	-10.683
1.3e+09	1.9e+07	-11.239
1.4e+09	1.9e+07	-11.832
1.5e+09	1.9e+07	-12.599
1.6e+09	1.9e+07	-13.344
1.7e+09	1.9e+07	-13.973
1.8e+09	1.9e+07	-14.463
1.9e+09	1.9e+07	-15.068
2e+09	1.9e+07	-15.792
2.1e+09	1.9e+07	-16.649
2.2e+09	1.9e+07	-17.59
2.3e+09	1.9e+07	-18.199
2.4e+09	1.9e+07	-18.224
2.5e+09	1.9e+07	-19.001
2.6e+09	1.9e+07	-20.219
2.7e+09	1.9e+07	-20.75
2.8e+09	1.9e+07	-20.225
2.9e+09	1.9e+07	-20.398
3e+09	1.9e+07	-21.583
3.1e+09	1.9e+07	-22.023
3.2e+09	1.9e+07	-21.419
3.3e+09	1.9e+07	-21.173
3.4e+09	1.9e+07	-22.085
3.5e+09	1.9e+07	-22.308
3.6e+09	1.9e+07	-22.307
3.7e+09	1.9e+07	-23.348
3.8e+09	1.9e+07	-23.78
3.9e+09	1.9e+07	-23.297
4e+09	1.9e+07	-23.696
4.1e+09	1.9e+07	-24.747
4.2e+09	1.9e+07	-24.689
4.3e+09	1.9e+07	-23.919
4.4e+09	1.9e+07	-24.234
4e+08	2e+07	-8.1678
5e+08	2e+07	-7.7209
6e+08	2e+07	-8.0881
7e+08	2e+07	-8.2788
8e+08	2e+07	-8.7142
9e+08	2e+07	-9.2082
1e+09	2e+07	-9.9531
1.1e+09	2e+07	-10.753
1.2e+09	2e+07	-11.175
1.3e+09	2e+07	-11.736
1.4e+09	2e+07	-12.333
1.5e+09	2e+07	-13.109
1.6e+09	2e+07	-13.856
1.7e+09	2e+07	-14.484
1.8e+09	2e+07	-14.978
1.9e+09	2e+07	-15.587
2e+09	2e+07	-16.315
2.1e+09	2e+07	-17.173
2.2e+09	2e+07	-18.123
2.3e+09	2e+07	-18.725
2.4e+09	2e+07	-18.75
2.5e+09	2e+07	-19.535
2.6e+09	2e+07	-20.75
2.7e+09	2e+07	-21.275
2.8e+09	2e+07	-20.745
2.9e+09	2e+07	-20.939
3e+09	2e+07	-22.13
3.1e+09	2e+07	-22.544
3.2e+09	2e+07	-21.948
3.3e+09	2e+07	-21.707
3.4e+09	2e+07	-22.621
3.5e+09	2e+07	-22.844
3.6e+09	2e+07	-22.674
3.7e+09	2e+07	-23.889
3.8e+09	2e+07	-24.309
3.9e+09	2e+07	-23.827
4e+09	2e+07	-24.242
4.1e+09	2e+07	-25.292
4.2e+09	2e+07	-25.217
4.3e+09	2e+07	-24.334
4.4e+09	2e+07	-24.778
4e+08	2.1e+07	-9.3993
5e+08	2.1e+07	-8.9745
6e+08	2.1e+07	-9.356
7e+08	2.1e+07	-9.5514
8e+08	2.1e+07	-9.9925
9e+08	2.1e+07	-10.492
1e+09	2.1e+07	-11.244
1.1e+09	2.1e+07	-12.04
1.2e+09	2.1e+07	-12.468
1.3e+09	2.1e+07	-13.033
1.4e+09	2.1e+07	-13.515
1.5e+09	2.1e+07	-14.417
1.6e+09	2.1e+07	-15.169
1.7e+09	2.1e+07	-15.792
1.8e+09	2.1e+07	-16.289
1.9e+09	2.1e+07	-16.904
2e+09	2.1e+07	-17.636
2.1e+09	2.1e+07	-18.493
2.2e+09	2.1e+07	-19.454
2.3e+09	2.1e+07	-20.051
2.4e+09	2.1e+07	-20.074
2.5e+09	2.1e+07	-20.867
2.6e+09	2.1e+07	-22.082
2.7e+09	2.1e+07	-22.595
2.8e+09	2.1e+07	-22.062
2.9e+09	2.1e+07	-22.276
3e+09	2.1e+07	-23.471
3.1e+09	2.1e+07	-23.863
3.2e+09	2.1e+07	-23.277
3.3e+09	2.1e+07	-23.038
3.4e+09	2.1e+07	-23.953
3.5e+09	2.1e+07	-24.184
3.6e+09	2.1e+07	-24.176
3.7e+09	2.1e+07	-25.222
3.8e+09	2.1e+07	-25.64
3.9e+09	2.1e+07	-25.155
4e+09	2.1e+07	-25.583
4.1e+09	2.1e+07	-26.637
4.2e+09	2.1e+07	-26.542
4.3e+09	2.1e+07	-25.542
4.4e+09	2.1e+07	-26.119
4e+08	2.2e+07	-11.323
5e+08	2.2e+07	-10.917
6e+08	2.2e+07	-11.306
7e+08	2.2e+07	-11.502
8e+08	2.2e+07	-11.945
9e+08	2.2e+07	-12.451
1e+09	2.2e+07	-13.208
1.1e+09	2.2e+07	-13.997
1.2e+09	2.2e+07	-14.429
1.3e+09	2.2e+07	-14.998
1.4e+09	2.2e+07	-15.402
1.5e+09	2.2e+07	-16.39
1.6e+09	2.2e+07	-17.144
1.7e+09	2.2e+07	-17.766
1.8e+09	2.2e+07	-18.265
1.9e+09	2.2e+07	-18.883
2e+09	2.2e+07	-19.619
2.1e+09	2.2e+07	-20.473
2.2e+09	2.2e+07	-21.446
2.3e+09	2.2e+07	-22.032
2.4e+09	2.2e+07	-22.056
2.5e+09	2.2e+07	-22.862
2.6e+09	2.2e+07	-24.068
2.7e+09	2.2e+07	-24.576
2.8e+09	2.2e+07	-24.04
2.9e+09	2.2e+07	-24.272
3e+09	2.2e+07	-25.471
3.1e+09	2.2e+07	-25.838
3.2e+09	2.2e+07	-25.263
3.3e+09	2.2e+07	-25.03
3.4e+09	2.2e+07	-25.939
3.5e+09	2.2e+07	-26.178
3.6e+09	2.2e+07	-26.168
3.7e+09	2.2e+07	-27.215
3.8e+09	2.2e+07	-27.623
3.9e+09	2.2e+07	-27.142
4e+09	2.2e+07	-27.583
4.1e+09	2.2e+07	-28.636
4.2e+09	2.2e+07	-28.528
4.3e+09	2.2e+07	-27.764
4.4e+09	2.2e+07	-28.12
4e+08	2.3e+07	-13.748
5e+08	2.3e+07	-13.355
6e+08	2.3e+07	-13.752
7e+08	2.3e+07	-13.945
8e+08	2.3e+07	-14.39
9e+08	2.3e+07	-14.895
1e+09	2.3e+07	-15.654
1.1e+09	2.3e+07	-16.438
1.2e+09	2.3e+07	-16.875
1.3e+09	2.3e+07	-17.444
1.4e+09	2.3e+07	-17.85
1.5e+09	2.3e+07	-18.845
1.6e+09	2.3e+07	-19.599
1.7e+09	2.3e+07	-20.218
1.8e+09	2.3e+07	-20.718
1.9e+09	2.3e+07	-21.339
2e+09	2.3e+07	-22.077
2.1e+09	2.3e+07	-22.93
2.2e+09	2.3e+07	-23.911
2.3e+09	2.3e+07	-24.493
2.4e+09	2.3e+07	-24.519
2.5e+09	2.3e+07	-25.333
2.6e+09	2.3e+07	-26.532
2.7e+09	2.3e+07	-27.034
2.8e+09	2.3e+07	-26.495
2.9e+09	2.3e+07	-26.743
3e+09	2.3e+07	-27.949
3.1e+09	2.3e+07	-28.282
3.2e+09	2.3e+07	-27.72
3.3e+09	2.3e+07	-27.495
3.4e+09	2.3e+07	-28.404
3.5e+09	2.3e+07	-28.645
3.6e+09	2.3e+07	-28.63
3.7e+09	2.3e+07	-29.677
3.8e+09	2.3e+07	-30.083
3.9e+09	2.3e+07	-29.603
4e+09	2.3e+07	-30.056
4.1e+09	2.3e+07	-31.102
4.2e+09	2.3e+07	-30.984
4.3e+09	2.3e+07	-30.224
4.4e+09	2.3e+07	-30.58
4e+08	2.4e+07	-16.498
5e+08	2.4e+07	-16.118
6e+08	2.4e+07	-16.516
7e+08	2.4e+07	-16.708
8e+08	2.4e+07	-17.155
9e+08	2.4e+07	-17.662
1e+09	2.4e+07	-18.422
1.1e+09	2.4e+07	-19.201
1.2e+09	2.4e+07	-19.639
1.3e+09	2.4e+07	-20.209
1.4e+09	2.4e+07	-20.613
1.5e+09	2.4e+07	-21.611
1.6e+09	2.4e+07	-22.372
1.7e+09	2.4e+07	-22.983
1.8e+09	2.4e+07	-23.488
1.9e+09	2.4e+07	-24.109
2e+09	2.4e+07	-24.851
2.1e+09	2.4e+07	-25.701
2.2e+09	2.4e+07	-26.69
2.3e+09	2.4e+07	-27.267
2.4e+09	2.4e+07	-27.292
2.5e+09	2.4e+07	-28.114
2.6e+09	2.4e+07	-29.306
2.7e+09	2.4e+07	-29.797
2.8e+09	2.4e+07	-29.257
2.9e+09	2.4e+07	-29.519
3e+09	2.4e+07	-30.732
3.1e+09	2.4e+07	-31.041
3.2e+09	2.4e+07	-30.482
3.3e+09	2.4e+07	-30.269
3.4e+09	2.4e+07	-31.17
3.5e+09	2.4e+07	-31.416
3.6e+09	2.4e+07	-31.404
3.7e+09	2.4e+07	-32.454
3.8e+09	2.4e+07	-32.849
3.9e+09	2.4e+07	-32.368
4e+09	2.4e+07	-32.838
4.1e+09	2.4e+07	-33.883
4.2e+09	2.4e+07	-33.743
4.3e+09	2.4e+07	-32.976
4.4e+09	2.4e+07	-33.361
4e+08	2.5e+07	-19.854
5e+08	2.5e+07	-19.497
6e+08	2.5e+07	-19.899
7e+08	2.5e+07	-20.087
8e+08	2.5e+07	-20.533
9e+08	2.5e+07	-21.043
1e+09	2.5e+07	-21.809
1.1e+09	2.5e+07	-22.582
1.2e+09	2.5e+07	-23.026
1.3e+09	2.5e+07	-23.592
1.4e+09	2.5e+07	-23.993
1.5e+09	2.5e+07	-24.998
1.6e+09	2.5e+07	-25.763
1.7e+09	2.5e+07	-26.374
1.8e+09	2.5e+07	-26.88
1.9e+09	2.5e+07	-27.504
2e+09	2.5e+07	-28.248
2.1e+09	2.5e+07	-29.091
2.2e+09	2.5e+07	-30.077
2.3e+09	2.5e+07	-30.656
2.4e+09	2.5e+07	-30.678
2.5e+09	2.5e+07	-31.501
2.6e+09	2.5e+07	-32.69
2.7e+09	2.5e+07	-33.174
2.8e+09	2.5e+07	-32.626
2.9e+09	2.5e+07	-32.904
3e+09	2.5e+07	-34.125
3.1e+09	2.5e+07	-34.402
3.2e+09	2.5e+07	-33.853
3.3e+09	2.5e+07	-33.651
3.4e+09	2.5e+07	-34.538
3.5e+09	2.5e+07	-34.79
3.6e+09	2.5e+07	-34.774
3.7e+09	2.5e+07	-35.813
3.8e+09	2.5e+07	-36.211
3.9e+09	2.5e+07	-35.723
4e+09	2.5e+07	-36.209
4.1e+09	2.5e+07	-37.265
4.2e+09	2.5e+07	-37.115
4.3e+09	2.5e+07	-36.336
4.4e+09	2.5e+07	-36.735
4e+08	2.6e+07	-22.606
5e+08	2.6e+07	-22.24
6e+08	2.6e+07	-22.648
7e+08	2.6e+07	-22.834
8e+08	2.6e+07	-23.284
9e+08	2.6e+07	-23.789
1e+09	2.6e+07	-24.558
1.1e+09	2.6e+07	-25.328
1.2e+09	2.6e+07	-25.767
1.3e+09	2.6e+07	-26.337
1.4e+09	2.6e+07	-26.951
1.5e+09	2.6e+07	-27.75
1.6e+09	2.6e+07	-28.51
1.7e+09	2.6e+07	-29.111
1.8e+09	2.6e+07	-29.62
1.9e+09	2.6e+07	-30.241
2e+09	2.6e+07	-30.986
2.1e+09	2.6e+07	-31.828
2.2e+09	2.6e+07	-32.823
2.3e+09	2.6e+07	-33.386
2.4e+09	2.6e+07	-33.412
2.5e+09	2.6e+07	-34.259
2.6e+09	2.6e+07	-35.444
2.7e+09	2.6e+07	-35.908
2.8e+09	2.6e+07	-35.369
2.9e+09	2.6e+07	-35.664
3e+09	2.6e+07	-36.881
3.1e+09	2.6e+07	-37.157
3.2e+09	2.6e+07	-36.61
3.3e+09	2.6e+07	-36.409
3.4e+09	2.6e+07	-37.292
3.5e+09	2.6e+07	-37.551
3.6e+09	2.6e+07	-37.535
3.7e+09	2.6e+07	-38.577
3.8e+09	2.6e+07	-38.975
3.9e+09	2.6e+07	-38.488
4e+09	2.6e+07	-38.991
4.1e+09	2.6e+07	-40.033
4.2e+09	2.6e+07	-39.871
4.3e+09	2.6e+07	-39.099
4.4e+09	2.6e+07	-39.511
4e+08	2.7e+07	-25.881
5e+08	2.7e+07	-25.522
6e+08	2.7e+07	-25.934
7e+08	2.7e+07	-26.117
8e+08	2.7e+07	-26.563
9e+08	2.7e+07	-27.07
1e+09	2.7e+07	-27.843
1.1e+09	2.7e+07	-28.599
1.2e+09	2.7e+07	-29.043
1.3e+09	2.7e+07	-29.615
1.4e+09	2.7e+07	-30.225
1.5e+09	2.7e+07	-31.025
1.6e+09	2.7e+07	-31.79
1.7e+09	2.7e+07	-32.388
1.8e+09	2.7e+07	-32.909
1.9e+09	2.7e+07	-33.52
2e+09	2.7e+07	-34.278
2.1e+09	2.7e+07	-35.117
2.2e+09	2.7e+07	-36.118
2.3e+09	2.7e+07	-36.68
2.4e+09	2.7e+07	-36.646
2.5e+09	2.7e+07	-37.549
2.6e+09	2.7e+07	-38.73
2.7e+09	2.7e+07	-39.185
2.8e+09	2.7e+07	-38.643
2.9e+09	2.7e+07	-38.955
3e+09	2.7e+07	-40.18
3.1e+09	2.7e+07	-40.421
3.2e+09	2.7e+07	-39.891
3.3e+09	2.7e+07	-39.709
3.4e+09	2.7e+07	-40.591
3.5e+09	2.7e+07	-40.837
3.6e+09	2.7e+07	-40.819
3.7e+09	2.7e+07	-41.873
3.8e+09	2.7e+07	-42.248
3.9e+09	2.7e+07	-41.755
4e+09	2.7e+07	-42.299
4.1e+09	2.7e+07	-43.3
4.2e+09	2.7e+07	-43.146
4.3e+09	2.7e+07	-42.367
4.4e+09	2.7e+07	-42.798
4e+08	2.8e+07	-29.228
5e+08	2.8e+07	-28.882
6e+08	2.8e+07	-29.286
7e+08	2.8e+07	-29.454
8e+08	2.8e+07	-29.901
9e+08	2.8e+07	-30.399
1e+09	2.8e+07	-31.177
1.1e+09	2.8e+07	-31.932
1.2e+09	2.8e+07	-32.382
1.3e+09	2.8e+07	-32.951
1.4e+09	2.8e+07	-33.45
1.5e+09	2.8e+07	-34.376
1.6e+09	2.8e+07	-35.16
1.7e+09	2.8e+07	-35.753
1.8e+09	2.8e+07	-36.282
1.9e+09	2.8e+07	-36.913
2e+09	2.8e+07	-37.664
2.1e+09	2.8e+07	-38.51
2.2e+09	2.8e+07	-39.512
2.3e+09	2.8e+07	-40.07
2.4e+09	2.8e+07	-39.889
2.5e+09	2.8e+07	-40.966
2.6e+09	2.8e+07	-42.13
2.7e+09	2.8e+07	-42.597
2.8e+09	2.8e+07	-42.033
2.9e+09	2.8e+07	-42.368
3e+09	2.8e+07	-43.606
3.1e+09	2.8e+07	-43.83
3.2e+09	2.8e+07	-43.289
3.3e+09	2.8e+07	-43.124
3.4e+09	2.8e+07	-43.999
3.5e+09	2.8e+07	-44.253
3.6e+09	2.8e+07	-44.246
3.7e+09	2.8e+07	-45.277
3.8e+09	2.8e+07	-45.648
3.9e+09	2.8e+07	-45.204
4e+09	2.8e+07	-45.718
4.1e+09	2.8e+07	-46.746
4.2e+09	2.8e+07	-46.56
4.3e+09	2.8e+07	-45.783
4.4e+09	2.8e+07	-46.238
4e+08	2.9e+07	-32.447
5e+08	2.9e+07	-32.127
6e+08	2.9e+07	-32.495
7e+08	2.9e+07	-32.652
8e+08	2.9e+07	-33.076
9e+08	2.9e+07	-33.579
1e+09	2.9e+07	-34.383
1.1e+09	2.9e+07	-35.126
1.2e+09	2.9e+07	-35.585
1.3e+09	2.9e+07	-36.177
1.4e+09	2.9e+07	-36.634
1.5e+09	2.9e+07	-37.646
1.6e+09	2.9e+07	-38.461
1.7e+09	2.9e+07	-39.062
1.8e+09	2.9e+07	-39.621
1.9e+09	2.9e+07	-40.256
2e+09	2.9e+07	-41.054
2.1e+09	2.9e+07	-41.933
2.2e+09	2.9e+07	-42.929
2.3e+09	2.9e+07	-43.495
2.4e+09	2.9e+07	-43.323
2.5e+09	2.9e+07	-44.413
2.6e+09	2.9e+07	-45.575
2.7e+09	2.9e+07	-46.035
2.8e+09	2.9e+07	-45.491
2.9e+09	2.9e+07	-45.834
3e+09	2.9e+07	-47.118
3.1e+09	2.9e+07	-47.328
3.2e+09	2.9e+07	-46.776
3.3e+09	2.9e+07	-46.635
3.4e+09	2.9e+07	-47.515
3.5e+09	2.9e+07	-47.764
3.6e+09	2.9e+07	-47.779
3.7e+09	2.9e+07	-48.776
3.8e+09	2.9e+07	-49.188
3.9e+09	2.9e+07	-48.695
4e+09	2.9e+07	-49.258
4.1e+09	2.9e+07	-50.282
4.2e+09	2.9e+07	-50.07
4.3e+09	2.9e+07	-49.282
4.4e+09	2.9e+07	-49.702
4e+08	3e+07	-34.876
5e+08	3e+07	-34.61
6e+08	3e+07	-34.929
7e+08	3e+07	-35.111
8e+08	3e+07	-35.591
9e+08	3e+07	-36.148
1e+09	3e+07	-37.051
1.1e+09	3e+07	-37.786
1.2e+09	3e+07	-38.316
1.3e+09	3e+07	-38.988
1.4e+09	3e+07	-39.496
1.5e+09	3e+07	-40.463
1.6e+09	3e+07	-41.454
1.7e+09	3e+07	-42.13
1.8e+09	3e+07	-42.742
1.9e+09	3e+07	-43.389
2e+09	3e+07	-44.298
2.1e+09	3e+07	-45.198
2.2e+09	3e+07	-46.23
2.3e+09	3e+07	-46.807
2.4e+09	3e+07	-46.867
2.5e+09	3e+07	-47.817
2.6e+09	3e+07	-49.006
2.7e+09	3e+07	-49.416
2.8e+09	3e+07	-48.94
2.9e+09	3e+07	-49.324
3e+09	3e+07	-50.582
3.1e+09	3e+07	-50.766
3.2e+09	3e+07	-50.242
3.3e+09	3e+07	-50.231
3.4e+09	3e+07	-50.978
3.5e+09	3e+07	-51.336
3.6e+09	3e+07	-51.337
3.7e+09	3e+07	-52.378
3.8e+09	3e+07	-52.778
3.9e+09	3e+07	-52.287
4e+09	3e+07	-52.896
4.1e+09	3e+07	-53.883
4.2e+09	3e+07	-53.707
4.3e+09	3e+07	-52.84
4.4e+09	3e+07	-53.201
4e+08	3.1e+07	-35.644
5e+08	3.1e+07	-35.367
6e+08	3.1e+07	-35.761
7e+08	3.1e+07	-36.137
8e+08	3.1e+07	-36.815
9e+08	3.1e+07	-37.64
1e+09	3.1e+07	-38.813
1.1e+09	3.1e+07	-39.608
1.2e+09	3.1e+07	-40.276
1.3e+09	3.1e+07	-41.073
1.4e+09	3.1e+07	-41.749
1.5e+09	3.1e+07	-42.748
1.6e+09	3.1e+07	-43.917
1.7e+09	3.1e+07	-44.693
1.8e+09	3.1e+07	-45.421
1.9e+09	3.1e+07	-46.232
2e+09	3.1e+07	-47.212
2.1e+09	3.1e+07	-48.217
2.2e+09	3.1e+07	-49.329
2.3e+09	3.1e+07	-49.929
2.4e+09	3.1e+07	-50.093
2.5e+09	3.1e+07	-51.037
2.6e+09	3.1e+07	-52.191
2.7e+09	3.1e+07	-52.652
2.8e+09	3.1e+07	-52.256
2.9e+09	3.1e+07	-52.684
3e+09	3.1e+07	-53.991
3.1e+09	3.1e+07	-54.215
3.2e+09	3.1e+07	-53.688
3.3e+09	3.1e+07	-53.696
3.4e+09	3.1e+07	-54.504
3.5e+09	3.1e+07	-54.948
3.6e+09	3.1e+07	-54.928
3.7e+09	3.1e+07	-55.92
3.8e+09	3.1e+07	-56.467
3.9e+09	3.1e+07	-55.899
4e+09	3.1e+07	-56.415
4.1e+09	3.1e+07	-57.497
4.2e+09	3.1e+07	-57.268
4.3e+09	3.1e+07	-56.337
4.4e+09	3.1e+07	-56.547
4e+08	3.2e+07	-35.233
5e+08	3.2e+07	-34.89
6e+08	3.2e+07	-35.412
7e+08	3.2e+07	-36.004
8e+08	3.2e+07	-36.922
9e+08	3.2e+07	-38.081
1e+09	3.2e+07	-39.661
1.1e+09	3.2e+07	-40.473
1.2e+09	3.2e+07	-41.378
1.3e+09	3.2e+07	-42.395
1.4e+09	3.2e+07	-43.256
1.5e+09	3.2e+07	-44.592
1.6e+09	3.2e+07	-45.727
1.7e+09	3.2e+07	-46.683
1.8e+09	3.2e+07	-47.5
1.9e+09	3.2e+07	-48.515
2e+09	3.2e+07	-49.566
2.1e+09	3.2e+07	-50.801
2.2e+09	3.2e+07	-51.963
2.3e+09	3.2e+07	-52.637
2.4e+09	3.2e+07	-52.896
2.5e+09	3.2e+07	-53.878
2.6e+09	3.2e+07	-55.085
2.7e+09	3.2e+07	-55.632
2.8e+09	3.2e+07	-55.249
2.9e+09	3.2e+07	-55.739
3e+09	3.2e+07	-57.113
3.1e+09	3.2e+07	-57.392
3.2e+09	3.2e+07	-57.039
3.3e+09	3.2e+07	-56.976
3.4e+09	3.2e+07	-57.97
3.5e+09	3.2e+07	-58.188
3.6e+09	3.2e+07	-58.316
3.7e+09	3.2e+07	-59.455
3.8e+09	3.2e+07	-59.315
3.9e+09	3.2e+07	-59.425
4e+09	3.2e+07	-59.893
4.1e+09	3.2e+07	-60.857
4.2e+09	3.2e+07	-60.603
4.3e+09	3.2e+07	-59.306
4.4e+09	3.2e+07	-59.225
4e+08	3.3e+07	-35.173
5e+08	3.3e+07	-34.776
6e+08	3.3e+07	-35.413
7e+08	3.3e+07	-36.106
8e+08	3.3e+07	-37.152
9e+08	3.3e+07	-38.489
1e+09	3.3e+07	-40.36
1.1e+09	3.3e+07	-41.202
1.2e+09	3.3e+07	-42.276
1.3e+09	3.3e+07	-43.47
1.4e+09	3.3e+07	-44.508
1.5e+09	3.3e+07	-45.931
1.6e+09	3.3e+07	-47.228
1.7e+09	3.3e+07	-48.307
1.8e+09	3.3e+07	-49.23
1.9e+09	3.3e+07	-50.338
2e+09	3.3e+07	-51.673
2.1e+09	3.3e+07	-53.075
2.2e+09	3.3e+07	-54.244
2.3e+09	3.3e+07	-54.967
2.4e+09	3.3e+07	-55.356
2.5e+09	3.3e+07	-56.419
2.6e+09	3.3e+07	-57.665
2.7e+09	3.3e+07	-58.203
2.8e+09	3.3e+07	-57.969
2.9e+09	3.3e+07	-58.591
3e+09	3.3e+07	-59.937
3.1e+09	3.3e+07	-60.378
3.2e+09	3.3e+07	-60.154
3.3e+09	3.3e+07	-60.087
3.4e+09	3.3e+07	-61.055
3.5e+09	3.3e+07	-61.498
3.6e+09	3.3e+07	-61.656
3.7e+09	3.3e+07	-62.553
3.8e+09	3.3e+07	-62.949
3.9e+09	3.3e+07	-62.555
4e+09	3.3e+07	-63.111
4.1e+09	3.3e+07	-63.877
4.2e+09	3.3e+07	-63.103
4.3e+09	3.3e+07	-61.639
4.4e+09	3.3e+07	-61.196
4e+08	3.4e+07	-36.128
5e+08	3.4e+07	-35.733
6e+08	3.4e+07	-36.404
7e+08	3.4e+07	-37.148
8e+08	3.4e+07	-38.233
9e+08	3.4e+07	-39.663
1e+09	3.4e+07	-41.665
1.1e+09	3.4e+07	-42.508
1.2e+09	3.4e+07	-43.625
1.3e+09	3.4e+07	-44.898
1.4e+09	3.4e+07	-46.054
1.5e+09	3.4e+07	-47.548
1.6e+09	3.4e+07	-48.914
1.7e+09	3.4e+07	-50.056
1.8e+09	3.4e+07	-51.15
1.9e+09	3.4e+07	-52.29
2e+09	3.4e+07	-53.813
2.1e+09	3.4e+07	-55.188
2.2e+09	3.4e+07	-56.607
2.3e+09	3.4e+07	-57.4
2.4e+09	3.4e+07	-57.656
2.5e+09	3.4e+07	-58.931
2.6e+09	3.4e+07	-60.099
2.7e+09	3.4e+07	-60.72
2.8e+09	3.4e+07	-60.625
2.9e+09	3.4e+07	-61.302
3e+09	3.4e+07	-62.833
3.1e+09	3.4e+07	-63.256
3.2e+09	3.4e+07	-62.951
3.3e+09	3.4e+07	-63.202
3.4e+09	3.4e+07	-64.038
3.5e+09	3.4e+07	-64.427
3.6e+09	3.4e+07	-64.737
3.7e+09	3.4e+07	-65.475
3.8e+09	3.4e+07	-66.043
3.9e+09	3.4e+07	-65.45
4e+09	3.4e+07	-66.14
4.1e+09	3.4e+07	-66.348
4.2e+09	3.4e+07	-65.298
4.3e+09	3.4e+07	-63.705
4.4e+09	3.4e+07	-63.111
4e+08	3.5e+07	-38.635
5e+08	3.5e+07	-38.169
6e+08	3.5e+07	-38.834
7e+08	3.5e+07	-39.64
8e+08	3.5e+07	-40.697
9e+08	3.5e+07	-42.096
1e+09	3.5e+07	-44.055
1.1e+09	3.5e+07	-44.786
1.2e+09	3.5e+07	-45.949
1.3e+09	3.5e+07	-47.281
1.4e+09	3.5e+07	-48.515
1.5e+09	3.5e+07	-49.978
1.6e+09	3.5e+07	-51.386
1.7e+09	3.5e+07	-52.666
1.8e+09	3.5e+07	-53.883
1.9e+09	3.5e+07	-54.968
2e+09	3.5e+07	-56.65
2.1e+09	3.5e+07	-58.092
2.2e+09	3.5e+07	-59.419
2.3e+09	3.5e+07	-60.321
2.4e+09	3.5e+07	-60.415
2.5e+09	3.5e+07	-61.787
2.6e+09	3.5e+07	-63.12
2.7e+09	3.5e+07	-63.737
2.8e+09	3.5e+07	-63.435
2.9e+09	3.5e+07	-64.505
3e+09	3.5e+07	-65.796
3.1e+09	3.5e+07	-66.574
3.2e+09	3.5e+07	-66.345
3.3e+09	3.5e+07	-66.578
3.4e+09	3.5e+07	-67.451
3.5e+09	3.5e+07	-67.631
3.6e+09	3.5e+07	-67.918
3.7e+09	3.5e+07	-69.081
3.8e+09	3.5e+07	-69.431
3.9e+09	3.5e+07	-68.493
4e+09	3.5e+07	-69.276
4.1e+09	3.5e+07	-69.648
4.2e+09	3.5e+07	-68.083
4.3e+09	3.5e+07	-66.155
4.4e+09	3.5e+07	-65.549
4e+08	3.6e+07	-43.398
5e+08	3.6e+07	-42.996
6e+08	3.6e+07	-43.555
7e+08	3.6e+07	-44.27
8e+08	3.6e+07	-45.225
9e+08	3.6e+07	-46.512
1e+09	3.6e+07	-48.389
1.1e+09	3.6e+07	-49.078
1.2e+09	3.6e+07	-50.195
1.3e+09	3.6e+07	-51.543
1.4e+09	3.6e+07	-52.718
1.5e+09	3.6e+07	-54.306
1.6e+09	3.6e+07	-55.681
1.7e+09	3.6e+07	-56.932
1.8e+09	3.6e+07	-58.071
1.9e+09	3.6e+07	-59.202
2e+09	3.6e+07	-60.865
2.1e+09	3.6e+07	-62.488
2.2e+09	3.6e+07	-64.071
2.3e+09	3.6e+07	-64.814
2.4e+09	3.6e+07	-65.015
2.5e+09	3.6e+07	-66.4
2.6e+09	3.6e+07	-67.613
2.7e+09	3.6e+07	-68.165
2.8e+09	3.6e+07	-68.337
2.9e+09	3.6e+07	-69.428
3e+09	3.6e+07	-70.928
3.1e+09	3.6e+07	-71.357
3.2e+09	3.6e+07	-70.838
3.3e+09	3.6e+07	-71.355
3.4e+09	3.6e+07	-71.821
3.5e+09	3.6e+07	-72.197
3.6e+09	3.6e+07	-72.182
3.7e+09	3.6e+07	-73.47
3.8e+09	3.6e+07	-74.125
3.9e+09	3.6e+07	-72.919
4e+09	3.6e+07	-73.44
4.1e+09	3.6e+07	-74.092
4.2e+09	3.6e+07	-72.66
4.3e+09	3.6e+07	-70.342
4.4e+09	3.6e+07	-69.785
4e+08	3.7e+07	-54.102
5e+08	3.7e+07	-53.65
6e+08	3.7e+07	-53.97
7e+08	3.7e+07	-54.408
8e+08	3.7e+07	-55.347
9e+08	3.7e+07	-56.358
1e+09	3.7e+07	-58.232
1.1e+09	3.7e+07	-58.969
1.2e+09	3.7e+07	-59.858
1.3e+09	3.7e+07	-61.346
1.4e+09	3.7e+07	-62.36
1.5e+09	3.7e+07	-63.981
1.6e+09	3.7e+07	-65.326
1.7e+09	3.7e+07	-66.91
1.8e+09	3.7e+07	-67.911
1.9e+09	3.7e+07	-69.225
2e+09	3.7e+07	-70.274
2.1e+09	3.7e+07	-72.552
2.2e+09	3.7e+07	-73.887
2.3e+09	3.7e+07	-74.662
2.4e+09	3.7e+07	-75.1
2.5e+09	3.7e+07	-75.102
2.6e+09	3.7e+07	-76.616
2.7e+09	3.7e+07	-77.716
2.8e+09	3.7e+07	-77.519
2.9e+09	3.7e+07	-77.625
3e+09	3.7e+07	-79.375
3.1e+09	3.7e+07	-80.269
3.2e+09	3.7e+07	-80.907
3.3e+09	3.7e+07	-79.721
3.4e+09	3.7e+07	-80.606
3.5e+09	3.7e+07	-78.549
3.6e+09	3.7e+07	-80.086
3.7e+09	3.7e+07	-80.969
3.8e+09	3.7e+07	-80.916
3.9e+09	3.7e+07	-80.732
4e+09	3.7e+07	-81.374
4.1e+09	3.7e+07	-82.263
4.2e+09	3.7e+07	-81.253
4.3e+09	3.7e+07	-78.976
4.4e+09	3.7e+07	-79.143
4e+08	3.8e+07	-55.195
5e+08	3.8e+07	-54.711
6e+08	3.8e+07	-54.946
7e+08	3.8e+07	-55.249
8e+08	3.8e+07	-55.833
9e+08	3.8e+07	-57.017
1e+09	3.8e+07	-58.678
1.1e+09	3.8e+07	-59.406
1.2e+09	3.8e+07	-60.625
1.3e+09	3.8e+07	-61.735
1.4e+09	3.8e+07	-62.839
1.5e+09	3.8e+07	-64.515
1.6e+09	3.8e+07	-65.73
1.7e+09	3.8e+07	-66.911
1.8e+09	3.8e+07	-68.24
1.9e+09	3.8e+07	-69.49
2e+09	3.8e+07	-72.314
2.1e+09	3.8e+07	-72.753
2.2e+09	3.8e+07	-73.804
2.3e+09	3.8e+07	-74.655
2.4e+09	3.8e+07	-75.58
2.5e+09	3.8e+07	-76.971
2.6e+09	3.8e+07	-77.901
2.7e+09	3.8e+07	-78.603
2.8e+09	3.8e+07	-78.538
2.9e+09	3.8e+07	-79.408
3e+09	3.8e+07	-79.292
3.1e+09	3.8e+07	-81.161
3.2e+09	3.8e+07	-80.843
3.3e+09	3.8e+07	-80.152
3.4e+09	3.8e+07	-79.301
3.5e+09	3.8e+07	-79.378
3.6e+09	3.8e+07	-80.856
3.7e+09	3.8e+07	-81.204
3.8e+09	3.8e+07	-81.751
3.9e+09	3.8e+07	-82.567
4e+09	3.8e+07	-81.339
4.1e+09	3.8e+07	-83.139
4.2e+09	3.8e+07	-81.089
4.3e+09	3.8e+07	-80.056
4.4e+09	3.8e+07	-79.032
4e+08	3.9e+07	-46.361
5e+08	3.9e+07	-45.806
6e+08	3.9e+07	-46.146
7e+08	3.9e+07	-46.456
8e+08	3.9e+07	-47.046
9e+08	3.9e+07	-48.221
1e+09	3.9e+07	-50.097
1.1e+09	3.9e+07	-50.647
1.2e+09	3.9e+07	-51.73
1.3e+09	3.9e+07	-53.034
1.4e+09	3.9e+07	-54.297
1.5e+09	3.9e+07	-55.54
1.6e+09	3.9e+07	-57.164
1.7e+09	3.9e+07	-58.475
1.8e+09	3.9e+07	-59.708
1.9e+09	3.9e+07	-60.92
2e+09	3.9e+07	-62.787
2.1e+09	3.9e+07	-64.178
2.2e+09	3.9e+07	-65.438
2.3e+09	3.9e+07	-66.51
2.4e+09	3.9e+07	-67.025
2.5e+09	3.9e+07	-68.249
2.6e+09	3.9e+07	-69.328
2.7e+09	3.9e+07	-69.637
2.8e+09	3.9e+07	-69.862
2.9e+09	3.9e+07	-70.659
3e+09	3.9e+07	-72.81
3.1e+09	3.9e+07	-72.944
3.2e+09	3.9e+07	-73.215
3.3e+09	3.9e+07	-73.846
3.4e+09	3.9e+07	-74.126
3.5e+09	3.9e+07	-74.454
3.6e+09	3.9e+07	-75.068
3.7e+09	3.9e+07	-75.559
3.8e+09	3.9e+07	-76.132
3.9e+09	3.9e+07	-75.909
4e+09	3.9e+07	-76.016
4.1e+09	3.9e+07	-75.653
4.2e+09	3.9e+07	-74.23
4.3e+09	3.9e+07	-71.928
4.4e+09	3.9e+07	-71.539
4e+08	4e+07	-42.719
5e+08	4e+07	-42.095
6e+08	4e+07	-42.513
7e+08	4e+07	-42.957
8e+08	4e+07	-43.802
9e+08	4e+07	-44.913
1e+09	4e+07	-46.834
1.1e+09	4e+07	-47.396
1.2e+09	4e+07	-48.48
1.3e+09	4e+07	-49.787
1.4e+09	4e+07	-51.237
1.5e+09	4e+07	-52.369
1.6e+09	4e+07	-53.974
1.7e+09	4e+07	-55.183
1.8e+09	4e+07	-56.527
1.9e+09	4e+07	-57.854
2e+09	4e+07	-59.417
2.1e+09	4e+07	-61.045
2.2e+09	4e+07	-62.443
2.3e+09	4e+07	-63.283
2.4e+09	4e+07	-63.756
2.5e+09	4e+07	-65.098
2.6e+09	4e+07	-66.33
2.7e+09	4e+07	-66.447
2.8e+09	4e+07	-66.885
2.9e+09	4e+07	-67.706
3e+09	4e+07	-69.474
3.1e+09	4e+07	-70.102
3.2e+09	4e+07	-70.096
3.3e+09	4e+07	-70.36
3.4e+09	4e+07	-71.673
3.5e+09	4e+07	-71.135
3.6e+09	4e+07	-71.887
3.7e+09	4e+07	-72.857
3.8e+09	4e+07	-73.364
3.9e+09	4e+07	-72.004
4e+09	4e+07	-73.064
4.1e+09	4e+07	-72.996
4.2e+09	4e+07	-71.158
4.3e+09	4e+07	-68.786
4.4e+09	4e+07	-68.297
4e+08	4.1e+07	-40.729
5e+08	4.1e+07	-40.112
6e+08	4.1e+07	-40.723
7e+08	4.1e+07	-41.215
8e+08	4.1e+07	-42.203
9e+08	4.1e+07	-43.467
1e+09	4.1e+07	-45.436
1.1e+09	4.1e+07	-46.027
1.2e+09	4.1e+07	-47.153
1.3e+09	4.1e+07	-48.461
1.4e+09	4.1e+07	-49.92
1.5e+09	4.1e+07	-51.12
1.6e+09	4.1e+07	-52.699
1.7e+09	4.1e+07	-54.034
1.8e+09	4.1e+07	-55.189
1.9e+09	4.1e+07	-56.489
2e+09	4.1e+07	-58.214
2.1e+09	4.1e+07	-59.887
2.2e+09	4.1e+07	-61.178
2.3e+09	4.1e+07	-62.033
2.4e+09	4.1e+07	-62.498
2.5e+09	4.1e+07	-64.033
2.6e+09	4.1e+07	-65.01
2.7e+09	4.1e+07	-65.276
2.8e+09	4.1e+07	-65.684
2.9e+09	4.1e+07	-66.69
3e+09	4.1e+07	-68.617
3.1e+09	4.1e+07	-68.984
3.2e+09	4.1e+07	-68.607
3.3e+09	4.1e+07	-69.095
3.4e+09	4.1e+07	-70.25
3.5e+09	4.1e+07	-70.633
3.6e+09	4.1e+07	-71.077
3.7e+09	4.1e+07	-71.431
3.8e+09	4.1e+07	-72.123
3.9e+09	4.1e+07	-71.758
4e+09	4.1e+07	-71.521
4.1e+09	4.1e+07	-71.82
4.2e+09	4.1e+07	-70.38
4.3e+09	4.1e+07	-68.085
4.4e+09	4.1e+07	-66.835
4e+08	4.2e+07	-40.082
5e+08	4.2e+07	-39.502
6e+08	4.2e+07	-40.19
7e+08	4.2e+07	-40.68
8e+08	4.2e+07	-41.848
9e+08	4.2e+07	-43.201
1e+09	4.2e+07	-45.29
1.1e+09	4.2e+07	-45.875
1.2e+09	4.2e+07	-47.099
1.3e+09	4.2e+07	-48.487
1.4e+09	4.2e+07	-49.973
1.5e+09	4.2e+07	-51.202
1.6e+09	4.2e+07	-52.74
1.7e+09	4.2e+07	-54.102
1.8e+09	4.2e+07	-55.241
1.9e+09	4.2e+07	-56.536
2e+09	4.2e+07	-58.36
2.1e+09	4.2e+07	-59.99
2.2e+09	4.2e+07	-61.363
2.3e+09	4.2e+07	-62.104
2.4e+09	4.2e+07	-62.775
2.5e+09	4.2e+07	-63.93
2.6e+09	4.2e+07	-65.273
2.7e+09	4.2e+07	-65.393
2.8e+09	4.2e+07	-65.743
2.9e+09	4.2e+07	-66.77
3e+09	4.2e+07	-68.339
3.1e+09	4.2e+07	-69.165
3.2e+09	4.2e+07	-69.092
3.3e+09	4.2e+07	-69.128
3.4e+09	4.2e+07	-69.87
3.5e+09	4.2e+07	-70.064
3.6e+09	4.2e+07	-70.673
3.7e+09	4.2e+07	-71.704
3.8e+09	4.2e+07	-72.435
3.9e+09	4.2e+07	-71.249
4e+09	4.2e+07	-71.47
4.1e+09	4.2e+07	-71.521
4.2e+09	4.2e+07	-70.15
4.3e+09	4.2e+07	-68.002
4.4e+09	4.2e+07	-66.943
4e+08	4.3e+07	-40.765
5e+08	4.3e+07	-40.183
6e+08	4.3e+07	-41.003
7e+08	4.3e+07	-41.707
8e+08	4.3e+07	-42.82
9e+08	4.3e+07	-44.244
1e+09	4.3e+07	-46.435
1.1e+09	4.3e+07	-47.023
1.2e+09	4.3e+07	-48.327
1.3e+09	4.3e+07	-49.732
1.4e+09	4.3e+07	-51.109
1.5e+09	4.3e+07	-52.393
1.6e+09	4.3e+07	-54.048
1.7e+09	4.3e+07	-55.341
1.8e+09	4.3e+07	-56.561
1.9e+09	4.3e+07	-58.035
2e+09	4.3e+07	-59.762
2.1e+09	4.3e+07	-61.443
2.2e+09	4.3e+07	-62.643
2.3e+09	4.3e+07	-63.577
2.4e+09	4.3e+07	-63.94
2.5e+09	4.3e+07	-65.476
2.6e+09	4.3e+07	-66.49
2.7e+09	4.3e+07	-66.783
2.8e+09	4.3e+07	-67.25
2.9e+09	4.3e+07	-67.958
3e+09	4.3e+07	-70.376
3.1e+09	4.3e+07	-70.509
3.2e+09	4.3e+07	-70.127
3.3e+09	4.3e+07	-70.581
3.4e+09	4.3e+07	-71.943
3.5e+09	4.3e+07	-71.236
3.6e+09	4.3e+07	-72.25
3.7e+09	4.3e+07	-72.516
3.8e+09	4.3e+07	-73.1
3.9e+09	4.3e+07	-72.379
4e+09	4.3e+07	-72.803
4.1e+09	4.3e+07	-72.729
4.2e+09	4.3e+07	-71.67
4.3e+09	4.3e+07	-69.244
4.4e+09	4.3e+07	-68.165
4e+08	4.4e+07	-43.047
5e+08	4.4e+07	-42.457
6e+08	4.4e+07	-43.371
7e+08	4.4e+07	-44.206
8e+08	4.4e+07	-45.336
9e+08	4.4e+07	-46.829
1e+09	4.4e+07	-49.117
1.1e+09	4.4e+07	-49.632
1.2e+09	4.4e+07	-51.055
1.3e+09	4.4e+07	-52.496
1.4e+09	4.4e+07	-53.919
1.5e+09	4.4e+07	-55.367
1.6e+09	4.4e+07	-56.912
1.7e+09	4.4e+07	-58.171
1.8e+09	4.4e+07	-59.567
1.9e+09	4.4e+07	-60.866
2e+09	4.4e+07	-62.573
2.1e+09	4.4e+07	-64.391
2.2e+09	4.4e+07	-65.45
2.3e+09	4.4e+07	-66.553
2.4e+09	4.4e+07	-66.509
2.5e+09	4.4e+07	-67.933
2.6e+09	4.4e+07	-69.271
2.7e+09	4.4e+07	-69.254
2.8e+09	4.4e+07	-70.122
2.9e+09	4.4e+07	-70.748
3e+09	4.4e+07	-73.097
3.1e+09	4.4e+07	-73.479
3.2e+09	4.4e+07	-72.487
3.3e+09	4.4e+07	-73.27
3.4e+09	4.4e+07	-73.698
3.5e+09	4.4e+07	-73.659
3.6e+09	4.4e+07	-74.865
3.7e+09	4.4e+07	-74.908
3.8e+09	4.4e+07	-75.897
3.9e+09	4.4e+07	-74.939
4e+09	4.4e+07	-75.129
4.1e+09	4.4e+07	-75.056
4.2e+09	4.4e+07	-73.731
4.3e+09	4.4e+07	-71.785
4.4e+09	4.4e+07	-70.652
4e+08	4.5e+07	-47.208
5e+08	4.5e+07	-46.658
6e+08	4.5e+07	-47.538
7e+08	4.5e+07	-48.513
8e+08	4.5e+07	-49.759
9e+08	4.5e+07	-51.353
1e+09	4.5e+07	-53.748
1.1e+09	4.5e+07	-54.222
1.2e+09	4.5e+07	-55.752
1.3e+09	4.5e+07	-57.251
1.4e+09	4.5e+07	-58.566
1.5e+09	4.5e+07	-59.969
1.6e+09	4.5e+07	-61.618
1.7e+09	4.5e+07	-63.028
1.8e+09	4.5e+07	-64.19
1.9e+09	4.5e+07	-65.78
2e+09	4.5e+07	-67.288
2.1e+09	4.5e+07	-69.103
2.2e+09	4.5e+07	-70.279
2.3e+09	4.5e+07	-70.941
2.4e+09	4.5e+07	-71.402
2.5e+09	4.5e+07	-72.63
2.6e+09	4.5e+07	-73.682
2.7e+09	4.5e+07	-73.982
2.8e+09	4.5e+07	-74.487
2.9e+09	4.5e+07	-75.731
3e+09	4.5e+07	-76.954
3.1e+09	4.5e+07	-77.742
3.2e+09	4.5e+07	-76.842
3.3e+09	4.5e+07	-77.652
3.4e+09	4.5e+07	-79.092
3.5e+09	4.5e+07	-78.418
3.6e+09	4.5e+07	-79.963
3.7e+09	4.5e+07	-79.079
3.8e+09	4.5e+07	-79.498
3.9e+09	4.5e+07	-79.645
4e+09	4.5e+07	-80.451
4.1e+09	4.5e+07	-79.17
4.2e+09	4.5e+07	-78.582
4.3e+09	4.5e+07	-75.592
4.4e+09	4.5e+07	-75.571
4e+08	4.6e+07	-53.321
5e+08	4.6e+07	-52.912
6e+08	4.6e+07	-54.037
7e+08	4.6e+07	-55.037
8e+08	4.6e+07	-56.472
9e+08	4.6e+07	-58.233
1e+09	4.6e+07	-60.551
1.1e+09	4.6e+07	-61.539
1.2e+09	4.6e+07	-62.869
1.3e+09	4.6e+07	-64.259
1.4e+09	4.6e+07	-65.814
1.5e+09	4.6e+07	-67.203
1.6e+09	4.6e+07	-69.142
1.7e+09	4.6e+07	-70.468
1.8e+09	4.6e+07	-71.401
1.9e+09	4.6e+07	-72.52
2e+09	4.6e+07	-74.151
2.1e+09	4.6e+07	-76.193
2.2e+09	4.6e+07	-77.984
2.3e+09	4.6e+07	-78.941
2.4e+09	4.6e+07	-78.648
2.5e+09	4.6e+07	-79.61
2.6e+09	4.6e+07	-80.513
2.7e+09	4.6e+07	-81.341
2.8e+09	4.6e+07	-80.191
2.9e+09	4.6e+07	-80.013
3e+09	4.6e+07	-81.605
3.1e+09	4.6e+07	-81.506
3.2e+09	4.6e+07	-81.635
3.3e+09	4.6e+07	-82.509
3.4e+09	4.6e+07	-82.069
3.5e+09	4.6e+07	-80.775
3.6e+09	4.6e+07	-81.707
3.7e+09	4.6e+07	-81.292
3.8e+09	4.6e+07	-83.177
3.9e+09	4.6e+07	-82.212
4e+09	4.6e+07	-85.1
4.1e+09	4.6e+07	-84.082
4.2e+09	4.6e+07	-83.006
4.3e+09	4.6e+07	-81.243
4.4e+09	4.6e+07	-81.9
4e+08	4.7e+07	-62.119
5e+08	4.7e+07	-61.742
6e+08	4.7e+07	-63.495
7e+08	4.7e+07	-64.78
8e+08	4.7e+07	-65.877
9e+08	4.7e+07	-68.413
1e+09	4.7e+07	-70.661
1.1e+09	4.7e+07	-70.933
1.2e+09	4.7e+07	-73.047
1.3e+09	4.7e+07	-74.807
1.4e+09	4.7e+07	-76.458
1.5e+09	4.7e+07	-76.46
1.6e+09	4.7e+07	-78.103
1.7e+09	4.7e+07	-79.44
1.8e+09	4.7e+07	-81.554
1.9e+09	4.7e+07	-81.549
2e+09	4.7e+07	-82.215
2.1e+09	4.7e+07	-82.971
2.2e+09	4.7e+07	-84.18
2.3e+09	4.7e+07	-84.672
2.4e+09	4.7e+07	-82.908
2.5e+09	4.7e+07	-83.3
2.6e+09	4.7e+07	-84.753
2.7e+09	4.7e+07	-83.271
2.8e+09	4.7e+07	-84.198
2.9e+09	4.7e+07	-83.94
3e+09	4.7e+07	-83.14
3.1e+09	4.7e+07	-84.12
3.2e+09	4.7e+07	-82.689
3.3e+09	4.7e+07	-83.812
3.4e+09	4.7e+07	-82.435
3.5e+09	4.7e+07	-82.295
3.6e+09	4.7e+07	-81.297
3.7e+09	4.7e+07	-82.209
3.8e+09	4.7e+07	-83.562
3.9e+09	4.7e+07	-84.724
4e+09	4.7e+07	-84.637
4.1e+09	4.7e+07	-85.582
4.2e+09	4.7e+07	-84.946
4.3e+09	4.7e+07	-84.179
4.4e+09	4.7e+07	-84.231
4e+08	4.8e+07	-74.844
5e+08	4.8e+07	-75.162
6e+08	4.8e+07	-76.742
7e+08	4.8e+07	-80.313
8e+08	4.8e+07	-79.573
9e+08	4.8e+07	-80.344
1e+09	4.8e+07	-82.997
1.1e+09	4.8e+07	-82.536
1.2e+09	4.8e+07	-83.375
1.3e+09	4.8e+07	-83.094
1.4e+09	4.8e+07	-82.225
1.5e+09	4.8e+07	-83.214
1.6e+09	4.8e+07	-83.2
1.7e+09	4.8e+07	-83.278
1.8e+09	4.8e+07	-83.858
1.9e+09	4.8e+07	-83.971
2e+09	4.8e+07	-84.28
2.1e+09	4.8e+07	-84.897
2.2e+09	4.8e+07	-85.511
2.3e+09	4.8e+07	-85.665
2.4e+09	4.8e+07	-83.364
2.5e+09	4.8e+07	-83.25
2.6e+09	4.8e+07	-83.96
2.7e+09	4.8e+07	-83.756
2.8e+09	4.8e+07	-85.089
2.9e+09	4.8e+07	-85.355
3e+09	4.8e+07	-84.658
3.1e+09	4.8e+07	-83.186
3.2e+09	4.8e+07	-83.533
3.3e+09	4.8e+07	-83.281
3.4e+09	4.8e+07	-82.965
3.5e+09	4.8e+07	-83.636
3.6e+09	4.8e+07	-82.497
3.7e+09	4.8e+07	-81.746
3.8e+09	4.8e+07	-82.792
3.9e+09	4.8e+07	-84.81
4e+09	4.8e+07	-86.007
4.1e+09	4.8e+07	-85.212
4.2e+09	4.8e+07	-86.123
4.3e+09	4.8e+07	-84.303
4.4e+09	4.8e+07	-85.39
