4e+08	-1.7e+07	-83.324
5e+08	-1.7e+07	-82.743
6e+08	-1.7e+07	-84.906
7e+08	-1.7e+07	-83.525
8e+08	-1.7e+07	-82.946
9e+08	-1.7e+07	-83.686
1e+09	-1.7e+07	-83.724
1.1e+09	-1.7e+07	-83.664
1.2e+09	-1.7e+07	-83.77
1.3e+09	-1.7e+07	-83.132
1.4e+09	-1.7e+07	-84.584
1.5e+09	-1.7e+07	-84.03
1.6e+09	-1.7e+07	-83.929
1.7e+09	-1.7e+07	-84.372
1.8e+09	-1.7e+07	-84.113
1.9e+09	-1.7e+07	-84.35
2e+09	-1.7e+07	-85.072
2.1e+09	-1.7e+07	-84.096
2.2e+09	-1.7e+07	-85.732
2.3e+09	-1.7e+07	-85.356
2.4e+09	-1.7e+07	-84.896
2.5e+09	-1.7e+07	-83.849
2.6e+09	-1.7e+07	-83.554
2.7e+09	-1.7e+07	-83.494
2.8e+09	-1.7e+07	-83.471
2.9e+09	-1.7e+07	-83.983
3e+09	-1.7e+07	-84.473
3.1e+09	-1.7e+07	-84.238
3.2e+09	-1.7e+07	-83.722
3.3e+09	-1.7e+07	-82.679
3.4e+09	-1.7e+07	-83.867
3.5e+09	-1.7e+07	-84.381
3.6e+09	-1.7e+07	-81.654
3.7e+09	-1.7e+07	-80.923
3.8e+09	-1.7e+07	-79.841
3.9e+09	-1.7e+07	-82.194
4e+09	-1.7e+07	-83.275
4.1e+09	-1.7e+07	-82.907
4.2e+09	-1.7e+07	-82.236
4.3e+09	-1.7e+07	-82.879
4.4e+09	-1.7e+07	-84.227
4e+08	-1.65e+07	-83.687
5e+08	-1.65e+07	-83.472
6e+08	-1.65e+07	-83.2
7e+08	-1.65e+07	-82.3
8e+08	-1.65e+07	-83.483
9e+08	-1.65e+07	-83.419
1e+09	-1.65e+07	-83.459
1.1e+09	-1.65e+07	-82.988
1.2e+09	-1.65e+07	-83.637
1.3e+09	-1.65e+07	-82.935
1.4e+09	-1.65e+07	-83.648
1.5e+09	-1.65e+07	-82.563
1.6e+09	-1.65e+07	-84.058
1.7e+09	-1.65e+07	-84.685
1.8e+09	-1.65e+07	-84.164
1.9e+09	-1.65e+07	-83.998
2e+09	-1.65e+07	-85.498
2.1e+09	-1.65e+07	-83.94
2.2e+09	-1.65e+07	-85.958
2.3e+09	-1.65e+07	-84.685
2.4e+09	-1.65e+07	-83.783
2.5e+09	-1.65e+07	-84.07
2.6e+09	-1.65e+07	-83.099
2.7e+09	-1.65e+07	-84.946
2.8e+09	-1.65e+07	-83.572
2.9e+09	-1.65e+07	-83.895
3e+09	-1.65e+07	-83.59
3.1e+09	-1.65e+07	-83.942
3.2e+09	-1.65e+07	-83.188
3.3e+09	-1.65e+07	-84.975
3.4e+09	-1.65e+07	-83.379
3.5e+09	-1.65e+07	-83.585
3.6e+09	-1.65e+07	-82.247
3.7e+09	-1.65e+07	-81.602
3.8e+09	-1.65e+07	-79.879
3.9e+09	-1.65e+07	-82.017
4e+09	-1.65e+07	-83.899
4.1e+09	-1.65e+07	-83.489
4.2e+09	-1.65e+07	-82.878
4.3e+09	-1.65e+07	-82.63
4.4e+09	-1.65e+07	-82.342
4e+08	-1.6e+07	-78.485
5e+08	-1.6e+07	-78.026
6e+08	-1.6e+07	-78.267
7e+08	-1.6e+07	-78.732
8e+08	-1.6e+07	-78.696
9e+08	-1.6e+07	-78.264
1e+09	-1.6e+07	-78.714
1.1e+09	-1.6e+07	-80.607
1.2e+09	-1.6e+07	-80.095
1.3e+09	-1.6e+07	-81.181
1.4e+09	-1.6e+07	-82.048
1.5e+09	-1.6e+07	-80.349
1.6e+09	-1.6e+07	-81.745
1.7e+09	-1.6e+07	-82.178
1.8e+09	-1.6e+07	-82.668
1.9e+09	-1.6e+07	-83.191
2e+09	-1.6e+07	-84.504
2.1e+09	-1.6e+07	-83.285
2.2e+09	-1.6e+07	-83.991
2.3e+09	-1.6e+07	-84.354
2.4e+09	-1.6e+07	-82.982
2.5e+09	-1.6e+07	-83.234
2.6e+09	-1.6e+07	-85.001
2.7e+09	-1.6e+07	-83.303
2.8e+09	-1.6e+07	-84.343
2.9e+09	-1.6e+07	-82.712
3e+09	-1.6e+07	-83.582
3.1e+09	-1.6e+07	-83.42
3.2e+09	-1.6e+07	-83.185
3.3e+09	-1.6e+07	-82.389
3.4e+09	-1.6e+07	-83.249
3.5e+09	-1.6e+07	-83.409
3.6e+09	-1.6e+07	-82.641
3.7e+09	-1.6e+07	-81.214
3.8e+09	-1.6e+07	-79.88
3.9e+09	-1.6e+07	-81.927
4e+09	-1.6e+07	-82.618
4.1e+09	-1.6e+07	-83.443
4.2e+09	-1.6e+07	-82.506
4.3e+09	-1.6e+07	-81.313
4.4e+09	-1.6e+07	-83.48
4e+08	-1.55e+07	-61.234
5e+08	-1.55e+07	-60.289
6e+08	-1.55e+07	-60.214
7e+08	-1.55e+07	-60.272
8e+08	-1.55e+07	-61.223
9e+08	-1.55e+07	-61.696
1e+09	-1.55e+07	-62.421
1.1e+09	-1.55e+07	-63.353
1.2e+09	-1.55e+07	-63.813
1.3e+09	-1.55e+07	-64.431
1.4e+09	-1.55e+07	-65.158
1.5e+09	-1.55e+07	-65.97
1.6e+09	-1.55e+07	-66.73
1.7e+09	-1.55e+07	-67.308
1.8e+09	-1.55e+07	-68.168
1.9e+09	-1.55e+07	-68.414
2e+09	-1.55e+07	-69.321
2.1e+09	-1.55e+07	-70.088
2.2e+09	-1.55e+07	-70.781
2.3e+09	-1.55e+07	-71.358
2.4e+09	-1.55e+07	-72.059
2.5e+09	-1.55e+07	-72.272
2.6e+09	-1.55e+07	-73.289
2.7e+09	-1.55e+07	-74.489
2.8e+09	-1.55e+07	-73.903
2.9e+09	-1.55e+07	-73.747
3e+09	-1.55e+07	-74.972
3.1e+09	-1.55e+07	-75.892
3.2e+09	-1.55e+07	-75.598
3.3e+09	-1.55e+07	-74.321
3.4e+09	-1.55e+07	-75.138
3.5e+09	-1.55e+07	-75.55
3.6e+09	-1.55e+07	-75.805
3.7e+09	-1.55e+07	-75.543
3.8e+09	-1.55e+07	-76.399
3.9e+09	-1.55e+07	-77.151
4e+09	-1.55e+07	-76.972
4.1e+09	-1.55e+07	-77.582
4.2e+09	-1.55e+07	-77.652
4.3e+09	-1.55e+07	-76.803
4.4e+09	-1.55e+07	-77.555
4e+08	-1.5e+07	-49.84
5e+08	-1.5e+07	-48.907
6e+08	-1.5e+07	-48.652
7e+08	-1.5e+07	-48.953
8e+08	-1.5e+07	-49.648
9e+08	-1.5e+07	-50.341
1e+09	-1.5e+07	-50.946
1.1e+09	-1.5e+07	-51.965
1.2e+09	-1.5e+07	-52.408
1.3e+09	-1.5e+07	-53.071
1.4e+09	-1.5e+07	-54.014
1.5e+09	-1.5e+07	-54.377
1.6e+09	-1.5e+07	-55.229
1.7e+09	-1.5e+07	-55.877
1.8e+09	-1.5e+07	-56.507
1.9e+09	-1.5e+07	-57.095
2e+09	-1.5e+07	-57.805
2.1e+09	-1.5e+07	-58.678
2.2e+09	-1.5e+07	-59.517
2.3e+09	-1.5e+07	-59.946
2.4e+09	-1.5e+07	-60.218
2.5e+09	-1.5e+07	-61.248
2.6e+09	-1.5e+07	-62.217
2.7e+09	-1.5e+07	-63.156
2.8e+09	-1.5e+07	-62.737
2.9e+09	-1.5e+07	-62.309
3e+09	-1.5e+07	-63.632
3.1e+09	-1.5e+07	-64.321
3.2e+09	-1.5e+07	-63.739
3.3e+09	-1.5e+07	-63.359
3.4e+09	-1.5e+07	-63.996
3.5e+09	-1.5e+07	-64.297
3.6e+09	-1.5e+07	-64.083
3.7e+09	-1.5e+07	-65.191
3.8e+09	-1.5e+07	-65.949
3.9e+09	-1.5e+07	-65.399
4e+09	-1.5e+07	-65.478
4.1e+09	-1.5e+07	-66.263
4.2e+09	-1.5e+07	-66.788
4.3e+09	-1.5e+07	-66.032
4.4e+09	-1.5e+07	-66.221
4e+08	-1.45e+07	-41.29
5e+08	-1.45e+07	-40.364
6e+08	-1.45e+07	-40.126
7e+08	-1.45e+07	-40.459
8e+08	-1.45e+07	-41.159
9e+08	-1.45e+07	-41.84
1e+09	-1.45e+07	-42.575
1.1e+09	-1.45e+07	-43.488
1.2e+09	-1.45e+07	-43.949
1.3e+09	-1.45e+07	-44.588
1.4e+09	-1.45e+07	-45.552
1.5e+09	-1.45e+07	-45.883
1.6e+09	-1.45e+07	-46.747
1.7e+09	-1.45e+07	-47.417
1.8e+09	-1.45e+07	-47.992
1.9e+09	-1.45e+07	-48.588
2e+09	-1.45e+07	-49.365
2.1e+09	-1.45e+07	-50.195
2.2e+09	-1.45e+07	-51.136
2.3e+09	-1.45e+07	-51.616
2.4e+09	-1.45e+07	-51.908
2.5e+09	-1.45e+07	-52.717
2.6e+09	-1.45e+07	-53.922
2.7e+09	-1.45e+07	-54.624
2.8e+09	-1.45e+07	-54.239
2.9e+09	-1.45e+07	-53.983
3e+09	-1.45e+07	-55.094
3.1e+09	-1.45e+07	-55.851
3.2e+09	-1.45e+07	-55.313
3.3e+09	-1.45e+07	-54.942
3.4e+09	-1.45e+07	-55.619
3.5e+09	-1.45e+07	-56.004
3.6e+09	-1.45e+07	-55.623
3.7e+09	-1.45e+07	-56.569
3.8e+09	-1.45e+07	-57.429
3.9e+09	-1.45e+07	-57.148
4e+09	-1.45e+07	-57.152
4.1e+09	-1.45e+07	-57.862
4.2e+09	-1.45e+07	-58.34
4.3e+09	-1.45e+07	-57.633
4.4e+09	-1.45e+07	-57.778
4e+08	-1.4e+07	-34.658
5e+08	-1.4e+07	-33.752
6e+08	-1.4e+07	-33.545
7e+08	-1.4e+07	-33.872
8e+08	-1.4e+07	-34.596
9e+08	-1.4e+07	-35.265
1e+09	-1.4e+07	-36.013
1.1e+09	-1.4e+07	-36.916
1.2e+09	-1.4e+07	-37.389
1.3e+09	-1.4e+07	-38.02
1.4e+09	-1.4e+07	-39.009
1.5e+09	-1.4e+07	-39.33
1.6e+09	-1.4e+07	-40.208
1.7e+09	-1.4e+07	-40.877
1.8e+09	-1.4e+07	-41.466
1.9e+09	-1.4e+07	-42.059
2e+09	-1.4e+07	-42.807
2.1e+09	-1.4e+07	-43.685
2.2e+09	-1.4e+07	-44.622
2.3e+09	-1.4e+07	-45.023
2.4e+09	-1.4e+07	-45.403
2.5e+09	-1.4e+07	-46.28
2.6e+09	-1.4e+07	-47.44
2.7e+09	-1.4e+07	-48.052
2.8e+09	-1.4e+07	-47.694
2.9e+09	-1.4e+07	-47.416
3e+09	-1.4e+07	-48.608
3.1e+09	-1.4e+07	-49.344
3.2e+09	-1.4e+07	-48.83
3.3e+09	-1.4e+07	-48.456
3.4e+09	-1.4e+07	-49.142
3.5e+09	-1.4e+07	-49.484
3.6e+09	-1.4e+07	-49.162
3.7e+09	-1.4e+07	-50.145
3.8e+09	-1.4e+07	-50.974
3.9e+09	-1.4e+07	-50.642
4e+09	-1.4e+07	-50.659
4.1e+09	-1.4e+07	-51.48
4.2e+09	-1.4e+07	-51.777
4.3e+09	-1.4e+07	-51.194
4.4e+09	-1.4e+07	-51.168
4e+08	-1.35e+07	-29.441
5e+08	-1.35e+07	-28.565
6e+08	-1.35e+07	-28.368
7e+08	-1.35e+07	-28.706
8e+08	-1.35e+07	-29.432
9e+08	-1.35e+07	-30.115
1e+09	-1.35e+07	-30.818
1.1e+09	-1.35e+07	-31.758
1.2e+09	-1.35e+07	-32.236
1.3e+09	-1.35e+07	-32.879
1.4e+09	-1.35e+07	-33.857
1.5e+09	-1.35e+07	-34.188
1.6e+09	-1.35e+07	-35.082
1.7e+09	-1.35e+07	-35.737
1.8e+09	-1.35e+07	-36.332
1.9e+09	-1.35e+07	-36.933
2e+09	-1.35e+07	-37.677
2.1e+09	-1.35e+07	-38.569
2.2e+09	-1.35e+07	-39.482
2.3e+09	-1.35e+07	-39.902
2.4e+09	-1.35e+07	-40.269
2.5e+09	-1.35e+07	-41.144
2.6e+09	-1.35e+07	-42.323
2.7e+09	-1.35e+07	-42.946
2.8e+09	-1.35e+07	-42.568
2.9e+09	-1.35e+07	-42.314
3e+09	-1.35e+07	-43.485
3.1e+09	-1.35e+07	-44.202
3.2e+09	-1.35e+07	-43.701
3.3e+09	-1.35e+07	-43.341
3.4e+09	-1.35e+07	-44.02
3.5e+09	-1.35e+07	-44.381
3.6e+09	-1.35e+07	-44.015
3.7e+09	-1.35e+07	-44.956
3.8e+09	-1.35e+07	-45.864
3.9e+09	-1.35e+07	-45.536
4e+09	-1.35e+07	-45.58
4.1e+09	-1.35e+07	-46.349
4.2e+09	-1.35e+07	-46.728
4.3e+09	-1.35e+07	-46.09
4.4e+09	-1.35e+07	-46.042
4e+08	-1.3e+07	-25.362
5e+08	-1.3e+07	-24.501
6e+08	-1.3e+07	-24.317
7e+08	-1.3e+07	-24.665
8e+08	-1.3e+07	-25.394
9e+08	-1.3e+07	-26.081
1e+09	-1.3e+07	-26.748
1.1e+09	-1.3e+07	-27.732
1.2e+09	-1.3e+07	-28.207
1.3e+09	-1.3e+07	-28.843
1.4e+09	-1.3e+07	-29.824
1.5e+09	-1.3e+07	-30.159
1.6e+09	-1.3e+07	-31.06
1.7e+09	-1.3e+07	-31.715
1.8e+09	-1.3e+07	-32.301
1.9e+09	-1.3e+07	-32.91
2e+09	-1.3e+07	-33.673
2.1e+09	-1.3e+07	-34.556
2.2e+09	-1.3e+07	-35.471
2.3e+09	-1.3e+07	-35.888
2.4e+09	-1.3e+07	-36.274
2.5e+09	-1.3e+07	-37.128
2.6e+09	-1.3e+07	-38.311
2.7e+09	-1.3e+07	-38.922
2.8e+09	-1.3e+07	-38.567
2.9e+09	-1.3e+07	-38.321
3e+09	-1.3e+07	-39.482
3.1e+09	-1.3e+07	-40.202
3.2e+09	-1.3e+07	-39.687
3.3e+09	-1.3e+07	-39.327
3.4e+09	-1.3e+07	-40.024
3.5e+09	-1.3e+07	-40.349
3.6e+09	-1.3e+07	-39.996
3.7e+09	-1.3e+07	-40.992
3.8e+09	-1.3e+07	-41.862
3.9e+09	-1.3e+07	-41.512
4e+09	-1.3e+07	-41.549
4.1e+09	-1.3e+07	-42.358
4.2e+09	-1.3e+07	-42.718
4.3e+09	-1.3e+07	-42.085
4.4e+09	-1.3e+07	-42.049
4e+08	-1.25e+07	-22.163
5e+08	-1.25e+07	-21.347
6e+08	-1.25e+07	-21.203
7e+08	-1.25e+07	-21.568
8e+08	-1.25e+07	-22.304
9e+08	-1.25e+07	-22.995
1e+09	-1.25e+07	-23.661
1.1e+09	-1.25e+07	-24.658
1.2e+09	-1.25e+07	-25.135
1.3e+09	-1.25e+07	-25.777
1.4e+09	-1.25e+07	-26.763
1.5e+09	-1.25e+07	-27.097
1.6e+09	-1.25e+07	-27.996
1.7e+09	-1.25e+07	-28.641
1.8e+09	-1.25e+07	-29.232
1.9e+09	-1.25e+07	-29.85
2e+09	-1.25e+07	-30.62
2.1e+09	-1.25e+07	-31.497
2.2e+09	-1.25e+07	-32.416
2.3e+09	-1.25e+07	-32.83
2.4e+09	-1.25e+07	-33.242
2.5e+09	-1.25e+07	-34.069
2.6e+09	-1.25e+07	-35.252
2.7e+09	-1.25e+07	-35.866
2.8e+09	-1.25e+07	-35.484
2.9e+09	-1.25e+07	-35.26
3e+09	-1.25e+07	-36.422
3.1e+09	-1.25e+07	-37.122
3.2e+09	-1.25e+07	-36.605
3.3e+09	-1.25e+07	-36.263
3.4e+09	-1.25e+07	-36.956
3.5e+09	-1.25e+07	-37.27
3.6e+09	-1.25e+07	-36.906
3.7e+09	-1.25e+07	-37.898
3.8e+09	-1.25e+07	-38.777
3.9e+09	-1.25e+07	-38.419
4e+09	-1.25e+07	-38.473
4.1e+09	-1.25e+07	-39.277
4.2e+09	-1.25e+07	-39.641
4.3e+09	-1.25e+07	-39.003
4.4e+09	-1.25e+07	-38.967
4e+08	-1.2e+07	-19.897
5e+08	-1.2e+07	-19.054
6e+08	-1.2e+07	-18.877
7e+08	-1.2e+07	-19.234
8e+08	-1.2e+07	-19.961
9e+08	-1.2e+07	-20.649
1e+09	-1.2e+07	-21.308
1.1e+09	-1.2e+07	-22.3
1.2e+09	-1.2e+07	-22.776
1.3e+09	-1.2e+07	-23.412
1.4e+09	-1.2e+07	-24.386
1.5e+09	-1.2e+07	-24.736
1.6e+09	-1.2e+07	-25.64
1.7e+09	-1.2e+07	-26.293
1.8e+09	-1.2e+07	-26.881
1.9e+09	-1.2e+07	-27.498
2e+09	-1.2e+07	-28.263
2.1e+09	-1.2e+07	-29.14
2.2e+09	-1.2e+07	-30.051
2.3e+09	-1.2e+07	-30.461
2.4e+09	-1.2e+07	-30.877
2.5e+09	-1.2e+07	-31.706
2.6e+09	-1.2e+07	-32.898
2.7e+09	-1.2e+07	-33.51
2.8e+09	-1.2e+07	-33.124
2.9e+09	-1.2e+07	-32.913
3e+09	-1.2e+07	-34.086
3.1e+09	-1.2e+07	-34.781
3.2e+09	-1.2e+07	-34.257
3.3e+09	-1.2e+07	-33.914
3.4e+09	-1.2e+07	-34.61
3.5e+09	-1.2e+07	-34.928
3.6e+09	-1.2e+07	-34.539
3.7e+09	-1.2e+07	-35.562
3.8e+09	-1.2e+07	-36.438
3.9e+09	-1.2e+07	-36.086
4e+09	-1.2e+07	-36.143
4.1e+09	-1.2e+07	-36.933
4.2e+09	-1.2e+07	-37.305
4.3e+09	-1.2e+07	-36.668
4.4e+09	-1.2e+07	-36.633
4e+08	-1.15e+07	-18.239
5e+08	-1.15e+07	-17.394
6e+08	-1.15e+07	-17.218
7e+08	-1.15e+07	-17.577
8e+08	-1.15e+07	-18.303
9e+08	-1.15e+07	-18.989
1e+09	-1.15e+07	-19.648
1.1e+09	-1.15e+07	-20.638
1.2e+09	-1.15e+07	-21.112
1.3e+09	-1.15e+07	-21.746
1.4e+09	-1.15e+07	-22.736
1.5e+09	-1.15e+07	-23.072
1.6e+09	-1.15e+07	-23.977
1.7e+09	-1.15e+07	-24.627
1.8e+09	-1.15e+07	-25.21
1.9e+09	-1.15e+07	-25.831
2e+09	-1.15e+07	-26.595
2.1e+09	-1.15e+07	-27.475
2.2e+09	-1.15e+07	-28.389
2.3e+09	-1.15e+07	-28.792
2.4e+09	-1.15e+07	-29.214
2.5e+09	-1.15e+07	-30.034
2.6e+09	-1.15e+07	-31.231
2.7e+09	-1.15e+07	-31.845
2.8e+09	-1.15e+07	-31.439
2.9e+09	-1.15e+07	-31.243
3e+09	-1.15e+07	-32.411
3.1e+09	-1.15e+07	-33.105
3.2e+09	-1.15e+07	-32.582
3.3e+09	-1.15e+07	-32.24
3.4e+09	-1.15e+07	-32.948
3.5e+09	-1.15e+07	-33.257
3.6e+09	-1.15e+07	-33.761
3.7e+09	-1.15e+07	-33.891
3.8e+09	-1.15e+07	-34.755
3.9e+09	-1.15e+07	-34.402
4e+09	-1.15e+07	-34.474
4.1e+09	-1.15e+07	-35.268
4.2e+09	-1.15e+07	-35.624
4.3e+09	-1.15e+07	-34.985
4.4e+09	-1.15e+07	-34.955
4e+08	-1.1e+07	-17.131
5e+08	-1.1e+07	-16.28
6e+08	-1.1e+07	-16.102
7e+08	-1.1e+07	-16.461
8e+08	-1.1e+07	-17.176
9e+08	-1.1e+07	-17.87
1e+09	-1.1e+07	-18.528
1.1e+09	-1.1e+07	-19.517
1.2e+09	-1.1e+07	-19.987
1.3e+09	-1.1e+07	-20.618
1.4e+09	-1.1e+07	-21.608
1.5e+09	-1.1e+07	-21.944
1.6e+09	-1.1e+07	-22.852
1.7e+09	-1.1e+07	-23.5
1.8e+09	-1.1e+07	-24.079
1.9e+09	-1.1e+07	-24.701
2e+09	-1.1e+07	-25.461
2.1e+09	-1.1e+07	-26.347
2.2e+09	-1.1e+07	-27.257
2.3e+09	-1.1e+07	-27.654
2.4e+09	-1.1e+07	-28.087
2.5e+09	-1.1e+07	-28.909
2.6e+09	-1.1e+07	-30.099
2.7e+09	-1.1e+07	-30.699
2.8e+09	-1.1e+07	-30.301
2.9e+09	-1.1e+07	-30.105
3e+09	-1.1e+07	-31.273
3.1e+09	-1.1e+07	-31.969
3.2e+09	-1.1e+07	-31.43
3.3e+09	-1.1e+07	-31.1
3.4e+09	-1.1e+07	-31.814
3.5e+09	-1.1e+07	-32.115
3.6e+09	-1.1e+07	-32.609
3.7e+09	-1.1e+07	-32.759
3.8e+09	-1.1e+07	-33.619
3.9e+09	-1.1e+07	-33.268
4e+09	-1.1e+07	-33.342
4.1e+09	-1.1e+07	-34.125
4.2e+09	-1.1e+07	-34.486
4.3e+09	-1.1e+07	-33.842
4.4e+09	-1.1e+07	-33.823
4e+08	-1.05e+07	-16.443
5e+08	-1.05e+07	-15.587
6e+08	-1.05e+07	-15.408
7e+08	-1.05e+07	-15.766
8e+08	-1.05e+07	-16.467
9e+08	-1.05e+07	-17.169
1e+09	-1.05e+07	-17.827
1.1e+09	-1.05e+07	-18.814
1.2e+09	-1.05e+07	-19.283
1.3e+09	-1.05e+07	-19.914
1.4e+09	-1.05e+07	-20.899
1.5e+09	-1.05e+07	-21.238
1.6e+09	-1.05e+07	-22.141
1.7e+09	-1.05e+07	-22.79
1.8e+09	-1.05e+07	-23.365
1.9e+09	-1.05e+07	-23.991
2e+09	-1.05e+07	-24.749
2.1e+09	-1.05e+07	-25.633
2.2e+09	-1.05e+07	-26.542
2.3e+09	-1.05e+07	-26.934
2.4e+09	-1.05e+07	-27.367
2.5e+09	-1.05e+07	-28.193
2.6e+09	-1.05e+07	-29.387
2.7e+09	-1.05e+07	-29.983
2.8e+09	-1.05e+07	-29.574
2.9e+09	-1.05e+07	-29.392
3e+09	-1.05e+07	-30.558
3.1e+09	-1.05e+07	-31.247
3.2e+09	-1.05e+07	-30.711
3.3e+09	-1.05e+07	-30.381
3.4e+09	-1.05e+07	-31.093
3.5e+09	-1.05e+07	-31.391
3.6e+09	-1.05e+07	-31.875
3.7e+09	-1.05e+07	-32.031
3.8e+09	-1.05e+07	-32.897
3.9e+09	-1.05e+07	-32.544
4e+09	-1.05e+07	-32.614
4.1e+09	-1.05e+07	-33.402
4.2e+09	-1.05e+07	-33.76
4.3e+09	-1.05e+07	-33.114
4.4e+09	-1.05e+07	-33.101
4e+08	-1e+07	-16.056
5e+08	-1e+07	-15.195
6e+08	-1e+07	-15.015
7e+08	-1e+07	-15.373
8e+08	-1e+07	-16.07
9e+08	-1e+07	-16.771
1e+09	-1e+07	-17.428
1.1e+09	-1e+07	-18.413
1.2e+09	-1e+07	-18.881
1.3e+09	-1e+07	-19.51
1.4e+09	-1e+07	-20.495
1.5e+09	-1e+07	-20.832
1.6e+09	-1e+07	-21.736
1.7e+09	-1e+07	-22.287
1.8e+09	-1e+07	-22.957
1.9e+09	-1e+07	-23.583
2e+09	-1e+07	-24.339
2.1e+09	-1e+07	-25.225
2.2e+09	-1e+07	-26.131
2.3e+09	-1e+07	-26.522
2.4e+09	-1e+07	-26.957
2.5e+09	-1e+07	-27.782
2.6e+09	-1e+07	-28.98
2.7e+09	-1e+07	-29.575
2.8e+09	-1e+07	-29.156
2.9e+09	-1e+07	-28.977
3e+09	-1e+07	-30.151
3.1e+09	-1e+07	-30.833
3.2e+09	-1e+07	-30.287
3.3e+09	-1e+07	-29.966
3.4e+09	-1e+07	-30.681
3.5e+09	-1e+07	-30.975
3.6e+09	-1e+07	-31.502
3.7e+09	-1e+07	-31.623
3.8e+09	-1e+07	-32.478
3.9e+09	-1e+07	-32.126
4e+09	-1e+07	-32.204
4.1e+09	-1e+07	-32.994
4.2e+09	-1e+07	-33.347
4.3e+09	-1e+07	-32.698
4.4e+09	-1e+07	-32.691
4e+08	-9.5e+06	-15.858
5e+08	-9.5e+06	-14.996
6e+08	-9.5e+06	-14.817
7e+08	-9.5e+06	-15.175
8e+08	-9.5e+06	-15.883
9e+08	-9.5e+06	-16.57
1e+09	-9.5e+06	-17.229
1.1e+09	-9.5e+06	-18.211
1.2e+09	-9.5e+06	-18.677
1.3e+09	-9.5e+06	-19.304
1.4e+09	-9.5e+06	-20.29
1.5e+09	-9.5e+06	-20.626
1.6e+09	-9.5e+06	-21.53
1.7e+09	-9.5e+06	-22.08
1.8e+09	-9.5e+06	-22.747
1.9e+09	-9.5e+06	-23.376
2e+09	-9.5e+06	-24.13
2.1e+09	-9.5e+06	-25.02
2.2e+09	-9.5e+06	-25.925
2.3e+09	-9.5e+06	-26.314
2.4e+09	-9.5e+06	-26.75
2.5e+09	-9.5e+06	-27.571
2.6e+09	-9.5e+06	-28.768
2.7e+09	-9.5e+06	-29.357
2.8e+09	-9.5e+06	-28.933
2.9e+09	-9.5e+06	-28.768
3e+09	-9.5e+06	-29.947
3.1e+09	-9.5e+06	-30.617
3.2e+09	-9.5e+06	-30.064
3.3e+09	-9.5e+06	-29.758
3.4e+09	-9.5e+06	-30.471
3.5e+09	-9.5e+06	-30.753
3.6e+09	-9.5e+06	-31.266
3.7e+09	-9.5e+06	-31.42
3.8e+09	-9.5e+06	-32.263
3.9e+09	-9.5e+06	-31.907
4e+09	-9.5e+06	-31.993
4.1e+09	-9.5e+06	-32.778
4.2e+09	-9.5e+06	-33.132
4.3e+09	-9.5e+06	-32.481
4.4e+09	-9.5e+06	-32.477
4e+08	-9e+06	-15.761
5e+08	-9e+06	-14.9
6e+08	-9e+06	-14.721
7e+08	-9e+06	-15.081
8e+08	-9e+06	-15.797
9e+08	-9e+06	-16.476
1e+09	-9e+06	-17.222
1.1e+09	-9e+06	-18.116
1.2e+09	-9e+06	-18.581
1.3e+09	-9e+06	-19.206
1.4e+09	-9e+06	-20.191
1.5e+09	-9e+06	-20.531
1.6e+09	-9e+06	-21.435
1.7e+09	-9e+06	-22.085
1.8e+09	-9e+06	-22.648
1.9e+09	-9e+06	-23.281
2e+09	-9e+06	-24.033
2.1e+09	-9e+06	-24.922
2.2e+09	-9e+06	-25.826
2.3e+09	-9e+06	-26.218
2.4e+09	-9e+06	-26.651
2.5e+09	-9e+06	-27.476
2.6e+09	-9e+06	-28.676
2.7e+09	-9e+06	-29.26
2.8e+09	-9e+06	-28.827
2.9e+09	-9e+06	-28.672
3e+09	-9e+06	-29.853
3.1e+09	-9e+06	-30.517
3.2e+09	-9e+06	-29.961
3.3e+09	-9e+06	-29.664
3.4e+09	-9e+06	-30.37
3.5e+09	-9e+06	-30.641
3.6e+09	-9e+06	-31.144
3.7e+09	-9e+06	-31.32
3.8e+09	-9e+06	-32.155
3.9e+09	-9e+06	-31.807
4e+09	-9e+06	-31.897
4.1e+09	-9e+06	-32.684
4.2e+09	-9e+06	-33.03
4.3e+09	-9e+06	-32.373
4.4e+09	-9e+06	-32.375
4e+08	-8.5e+06	-15.708
5e+08	-8.5e+06	-14.849
6e+08	-8.5e+06	-14.674
7e+08	-8.5e+06	-15.036
8e+08	-8.5e+06	-15.751
9e+08	-8.5e+06	-16.429
1e+09	-8.5e+06	-17.175
1.1e+09	-8.5e+06	-18.07
1.2e+09	-8.5e+06	-18.534
1.3e+09	-8.5e+06	-19.158
1.4e+09	-8.5e+06	-20.143
1.5e+09	-8.5e+06	-20.482
1.6e+09	-8.5e+06	-21.388
1.7e+09	-8.5e+06	-22.037
1.8e+09	-8.5e+06	-22.599
1.9e+09	-8.5e+06	-23.232
2e+09	-8.5e+06	-23.985
2.1e+09	-8.5e+06	-24.876
2.2e+09	-8.5e+06	-25.776
2.3e+09	-8.5e+06	-26.172
2.4e+09	-8.5e+06	-26.604
2.5e+09	-8.5e+06	-27.423
2.6e+09	-8.5e+06	-28.629
2.7e+09	-8.5e+06	-29.211
2.8e+09	-8.5e+06	-28.765
2.9e+09	-8.5e+06	-28.626
3e+09	-8.5e+06	-29.805
3.1e+09	-8.5e+06	-30.465
3.2e+09	-8.5e+06	-29.905
3.3e+09	-8.5e+06	-29.612
3.4e+09	-8.5e+06	-30.323
3.5e+09	-8.5e+06	-30.579
3.6e+09	-8.5e+06	-31.071
3.7e+09	-8.5e+06	-31.28
3.8e+09	-8.5e+06	-32.1
3.9e+09	-8.5e+06	-31.755
4e+09	-8.5e+06	-31.848
4.1e+09	-8.5e+06	-32.631
4.2e+09	-8.5e+06	-32.974
4.3e+09	-8.5e+06	-32.322
4.4e+09	-8.5e+06	-32.319
4e+08	-8e+06	-15.67
5e+08	-8e+06	-14.813
6e+08	-8e+06	-14.577
7e+08	-8e+06	-15.008
8e+08	-8e+06	-15.722
9e+08	-8e+06	-16.4
1e+09	-8e+06	-17.145
1.1e+09	-8e+06	-18.039
1.2e+09	-8e+06	-18.502
1.3e+09	-8e+06	-19.125
1.4e+09	-8e+06	-20.111
1.5e+09	-8e+06	-20.453
1.6e+09	-8e+06	-21.358
1.7e+09	-8e+06	-22.006
1.8e+09	-8e+06	-22.565
1.9e+09	-8e+06	-23.201
2e+09	-8e+06	-23.952
2.1e+09	-8e+06	-24.846
2.2e+09	-8e+06	-25.747
2.3e+09	-8e+06	-26.147
2.4e+09	-8e+06	-26.573
2.5e+09	-8e+06	-27.393
2.6e+09	-8e+06	-28.6
2.7e+09	-8e+06	-29.179
2.8e+09	-8e+06	-28.725
2.9e+09	-8e+06	-28.591
3e+09	-8e+06	-29.777
3.1e+09	-8e+06	-30.435
3.2e+09	-8e+06	-29.871
3.3e+09	-8e+06	-29.579
3.4e+09	-8e+06	-30.287
3.5e+09	-8e+06	-30.56
3.6e+09	-8e+06	-30.967
3.7e+09	-8e+06	-31.254
3.8e+09	-8e+06	-32.065
3.9e+09	-8e+06	-31.719
4e+09	-8e+06	-31.825
4.1e+09	-8e+06	-32.601
4.2e+09	-8e+06	-32.937
4.3e+09	-8e+06	-32.284
4.4e+09	-8e+06	-32.292
4e+08	-7.5e+06	-15.635
5e+08	-7.5e+06	-14.782
6e+08	-7.5e+06	-14.548
7e+08	-7.5e+06	-14.984
8e+08	-7.5e+06	-15.695
9e+08	-7.5e+06	-16.374
1e+09	-7.5e+06	-17.119
1.1e+09	-7.5e+06	-18.014
1.2e+09	-7.5e+06	-18.476
1.3e+09	-7.5e+06	-19.098
1.4e+09	-7.5e+06	-20.085
1.5e+09	-7.5e+06	-20.429
1.6e+09	-7.5e+06	-21.331
1.7e+09	-7.5e+06	-21.979
1.8e+09	-7.5e+06	-22.518
1.9e+09	-7.5e+06	-23.175
2e+09	-7.5e+06	-23.926
2.1e+09	-7.5e+06	-24.819
2.2e+09	-7.5e+06	-25.721
2.3e+09	-7.5e+06	-26.126
2.4e+09	-7.5e+06	-26.547
2.5e+09	-7.5e+06	-27.363
2.6e+09	-7.5e+06	-28.576
2.7e+09	-7.5e+06	-29.151
2.8e+09	-7.5e+06	-28.692
2.9e+09	-7.5e+06	-28.565
3e+09	-7.5e+06	-29.746
3.1e+09	-7.5e+06	-30.4
3.2e+09	-7.5e+06	-29.835
3.3e+09	-7.5e+06	-29.548
3.4e+09	-7.5e+06	-30.263
3.5e+09	-7.5e+06	-30.531
3.6e+09	-7.5e+06	-30.98
3.7e+09	-7.5e+06	-31.23
3.8e+09	-7.5e+06	-32.03
3.9e+09	-7.5e+06	-31.689
4e+09	-7.5e+06	-31.794
4.1e+09	-7.5e+06	-32.571
4.2e+09	-7.5e+06	-32.908
4.3e+09	-7.5e+06	-32.254
4.4e+09	-7.5e+06	-32.265
4e+08	-7e+06	-15.608
5e+08	-7e+06	-14.757
6e+08	-7e+06	-14.523
7e+08	-7e+06	-14.963
8e+08	-7e+06	-15.674
9e+08	-7e+06	-16.353
1e+09	-7e+06	-17.099
1.1e+09	-7e+06	-17.994
1.2e+09	-7e+06	-18.456
1.3e+09	-7e+06	-19.076
1.4e+09	-7e+06	-20.063
1.5e+09	-7e+06	-20.408
1.6e+09	-7e+06	-21.309
1.7e+09	-7e+06	-21.959
1.8e+09	-7e+06	-22.494
1.9e+09	-7e+06	-23.094
2e+09	-7e+06	-23.906
2.1e+09	-7e+06	-24.8
2.2e+09	-7e+06	-25.7
2.3e+09	-7e+06	-26.112
2.4e+09	-7e+06	-26.524
2.5e+09	-7e+06	-27.343
2.6e+09	-7e+06	-28.553
2.7e+09	-7e+06	-29.125
2.8e+09	-7e+06	-28.662
2.9e+09	-7e+06	-28.543
3e+09	-7e+06	-29.729
3.1e+09	-7e+06	-30.377
3.2e+09	-7e+06	-29.804
3.3e+09	-7e+06	-29.526
3.4e+09	-7e+06	-30.243
3.5e+09	-7e+06	-30.504
3.6e+09	-7e+06	-30.931
3.7e+09	-7e+06	-31.205
3.8e+09	-7e+06	-32.015
3.9e+09	-7e+06	-31.659
4e+09	-7e+06	-31.776
4.1e+09	-7e+06	-32.551
4.2e+09	-7e+06	-32.876
4.3e+09	-7e+06	-32.22
4.4e+09	-7e+06	-32.241
4e+08	-6.5e+06	-15.583
5e+08	-6.5e+06	-14.734
6e+08	-6.5e+06	-14.505
7e+08	-6.5e+06	-14.947
8e+08	-6.5e+06	-15.658
9e+08	-6.5e+06	-16.337
1e+09	-6.5e+06	-17.085
1.1e+09	-6.5e+06	-17.978
1.2e+09	-6.5e+06	-18.44
1.3e+09	-6.5e+06	-19.06
1.4e+09	-6.5e+06	-20.047
1.5e+09	-6.5e+06	-20.394
1.6e+09	-6.5e+06	-21.293
1.7e+09	-6.5e+06	-21.943
1.8e+09	-6.5e+06	-22.495
1.9e+09	-6.5e+06	-23.014
2e+09	-6.5e+06	-23.886
2.1e+09	-6.5e+06	-24.786
2.2e+09	-6.5e+06	-25.684
2.3e+09	-6.5e+06	-26.102
2.4e+09	-6.5e+06	-26.51
2.5e+09	-6.5e+06	-27.33
2.6e+09	-6.5e+06	-28.54
2.7e+09	-6.5e+06	-29.108
2.8e+09	-6.5e+06	-28.635
2.9e+09	-6.5e+06	-28.542
3e+09	-6.5e+06	-29.714
3.1e+09	-6.5e+06	-30.359
3.2e+09	-6.5e+06	-29.778
3.3e+09	-6.5e+06	-29.507
3.4e+09	-6.5e+06	-30.224
3.5e+09	-6.5e+06	-30.483
3.6e+09	-6.5e+06	-30.889
3.7e+09	-6.5e+06	-31.192
3.8e+09	-6.5e+06	-31.982
3.9e+09	-6.5e+06	-31.639
4e+09	-6.5e+06	-31.762
4.1e+09	-6.5e+06	-32.535
4.2e+09	-6.5e+06	-32.86
4.3e+09	-6.5e+06	-32.198
4.4e+09	-6.5e+06	-32.222
4e+08	-6e+06	-15.563
5e+08	-6e+06	-14.717
6e+08	-6e+06	-14.427
7e+08	-6e+06	-14.937
8e+08	-6e+06	-15.647
9e+08	-6e+06	-16.326
1e+09	-6e+06	-17.075
1.1e+09	-6e+06	-17.967
1.2e+09	-6e+06	-18.428
1.3e+09	-6e+06	-19.047
1.4e+09	-6e+06	-20.036
1.5e+09	-6e+06	-20.38
1.6e+09	-6e+06	-21.281
1.7e+09	-6e+06	-21.933
1.8e+09	-6e+06	-22.482
1.9e+09	-6e+06	-23.071
2e+09	-6e+06	-23.876
2.1e+09	-6e+06	-24.776
2.2e+09	-6e+06	-25.673
2.3e+09	-6e+06	-26.102
2.4e+09	-6e+06	-26.497
2.5e+09	-6e+06	-27.315
2.6e+09	-6e+06	-28.532
2.7e+09	-6e+06	-29.093
2.8e+09	-6e+06	-28.616
2.9e+09	-6e+06	-28.532
3e+09	-6e+06	-29.705
3.1e+09	-6e+06	-30.344
3.2e+09	-6e+06	-29.762
3.3e+09	-6e+06	-29.493
3.4e+09	-6e+06	-30.216
3.5e+09	-6e+06	-30.47
3.6e+09	-6e+06	-30.857
3.7e+09	-6e+06	-31.185
3.8e+09	-6e+06	-31.965
3.9e+09	-6e+06	-31.616
4e+09	-6e+06	-31.75
4.1e+09	-6e+06	-32.523
4.2e+09	-6e+06	-32.837
4.3e+09	-6e+06	-32.175
4.4e+09	-6e+06	-32.213
4e+08	-5.5e+06	-15.546
5e+08	-5.5e+06	-14.693
6e+08	-5.5e+06	-14.378
7e+08	-5.5e+06	-14.929
8e+08	-5.5e+06	-15.637
9e+08	-5.5e+06	-16.317
1e+09	-5.5e+06	-17.066
1.1e+09	-5.5e+06	-17.957
1.2e+09	-5.5e+06	-18.417
1.3e+09	-5.5e+06	-19.035
1.4e+09	-5.5e+06	-20.024
1.5e+09	-5.5e+06	-20.373
1.6e+09	-5.5e+06	-21.272
1.7e+09	-5.5e+06	-21.998
1.8e+09	-5.5e+06	-22.471
1.9e+09	-5.5e+06	-23.123
2e+09	-5.5e+06	-23.865
2.1e+09	-5.5e+06	-24.747
2.2e+09	-5.5e+06	-25.664
2.3e+09	-5.5e+06	-26.1
2.4e+09	-5.5e+06	-26.49
2.5e+09	-5.5e+06	-27.302
2.6e+09	-5.5e+06	-28.522
2.7e+09	-5.5e+06	-29.083
2.8e+09	-5.5e+06	-28.599
2.9e+09	-5.5e+06	-28.524
3e+09	-5.5e+06	-29.697
3.1e+09	-5.5e+06	-30.333
3.2e+09	-5.5e+06	-29.746
3.3e+09	-5.5e+06	-29.482
3.4e+09	-5.5e+06	-30.206
3.5e+09	-5.5e+06	-30.451
3.6e+09	-5.5e+06	-30.82
3.7e+09	-5.5e+06	-31.176
3.8e+09	-5.5e+06	-31.951
3.9e+09	-5.5e+06	-31.602
4e+09	-5.5e+06	-31.745
4.1e+09	-5.5e+06	-32.516
4.2e+09	-5.5e+06	-32.826
4.3e+09	-5.5e+06	-32.172
4.4e+09	-5.5e+06	-32.206
4e+08	-5e+06	-15.529
5e+08	-5e+06	-14.688
6e+08	-5e+06	-14.469
7e+08	-5e+06	-14.919
8e+08	-5e+06	-15.629
9e+08	-5e+06	-16.308
1e+09	-5e+06	-17.059
1.1e+09	-5e+06	-17.95
1.2e+09	-5e+06	-18.409
1.3e+09	-5e+06	-19.025
1.4e+09	-5e+06	-20.014
1.5e+09	-5e+06	-20.365
1.6e+09	-5e+06	-21.263
1.7e+09	-5e+06	-21.99
1.8e+09	-5e+06	-22.46
1.9e+09	-5e+06	-23.112
2e+09	-5e+06	-23.857
2.1e+09	-5e+06	-24.75
2.2e+09	-5e+06	-25.657
2.3e+09	-5e+06	-26.1
2.4e+09	-5e+06	-26.48
2.5e+09	-5e+06	-27.293
2.6e+09	-5e+06	-28.517
2.7e+09	-5e+06	-29.071
2.8e+09	-5e+06	-28.58
2.9e+09	-5e+06	-28.515
3e+09	-5e+06	-29.683
3.1e+09	-5e+06	-30.32
3.2e+09	-5e+06	-29.729
3.3e+09	-5e+06	-29.469
3.4e+09	-5e+06	-30.198
3.5e+09	-5e+06	-30.444
3.6e+09	-5e+06	-30.782
3.7e+09	-5e+06	-31.17
3.8e+09	-5e+06	-31.933
3.9e+09	-5e+06	-31.59
4e+09	-5e+06	-31.734
4.1e+09	-5e+06	-32.501
4.2e+09	-5e+06	-32.811
4.3e+09	-5e+06	-32.138
4.4e+09	-5e+06	-32.195
4e+08	-4.5e+06	-15.513
5e+08	-4.5e+06	-14.677
6e+08	-4.5e+06	-14.461
7e+08	-4.5e+06	-14.913
8e+08	-4.5e+06	-15.621
9e+08	-4.5e+06	-16.288
1e+09	-4.5e+06	-17.054
1.1e+09	-4.5e+06	-17.944
1.2e+09	-4.5e+06	-18.402
1.3e+09	-4.5e+06	-19.018
1.4e+09	-4.5e+06	-20.007
1.5e+09	-4.5e+06	-20.36
1.6e+09	-4.5e+06	-21.255
1.7e+09	-4.5e+06	-21.981
1.8e+09	-4.5e+06	-22.45
1.9e+09	-4.5e+06	-23.102
2e+09	-4.5e+06	-23.848
2.1e+09	-4.5e+06	-24.753
2.2e+09	-4.5e+06	-25.651
2.3e+09	-4.5e+06	-26.101
2.4e+09	-4.5e+06	-26.476
2.5e+09	-4.5e+06	-27.289
2.6e+09	-4.5e+06	-28.511
2.7e+09	-4.5e+06	-29.064
2.8e+09	-4.5e+06	-28.563
2.9e+09	-4.5e+06	-28.51
3e+09	-4.5e+06	-29.681
3.1e+09	-4.5e+06	-30.308
3.2e+09	-4.5e+06	-29.718
3.3e+09	-4.5e+06	-29.461
3.4e+09	-4.5e+06	-30.193
3.5e+09	-4.5e+06	-30.431
3.6e+09	-4.5e+06	-30.753
3.7e+09	-4.5e+06	-31.162
3.8e+09	-4.5e+06	-31.925
3.9e+09	-4.5e+06	-31.575
4e+09	-4.5e+06	-31.728
4.1e+09	-4.5e+06	-32.495
4.2e+09	-4.5e+06	-32.8
4.3e+09	-4.5e+06	-32.144
4.4e+09	-4.5e+06	-32.192
4e+08	-4e+06	-15.499
5e+08	-4e+06	-14.665
6e+08	-4e+06	-14.453
7e+08	-4e+06	-14.907
8e+08	-4e+06	-15.616
9e+08	-4e+06	-16.298
1e+09	-4e+06	-17.05
1.1e+09	-4e+06	-17.94
1.2e+09	-4e+06	-18.396
1.3e+09	-4e+06	-19.013
1.4e+09	-4e+06	-19.999
1.5e+09	-4e+06	-20.353
1.6e+09	-4e+06	-21.25
1.7e+09	-4e+06	-21.974
1.8e+09	-4e+06	-22.444
1.9e+09	-4e+06	-23.099
2e+09	-4e+06	-23.845
2.1e+09	-4e+06	-24.747
2.2e+09	-4e+06	-25.645
2.3e+09	-4e+06	-26.104
2.4e+09	-4e+06	-26.47
2.5e+09	-4e+06	-27.283
2.6e+09	-4e+06	-28.508
2.7e+09	-4e+06	-29.055
2.8e+09	-4e+06	-28.551
2.9e+09	-4e+06	-28.508
3e+09	-4e+06	-29.681
3.1e+09	-4e+06	-30.302
3.2e+09	-4e+06	-29.704
3.3e+09	-4e+06	-29.452
3.4e+09	-4e+06	-30.187
3.5e+09	-4e+06	-30.424
3.6e+09	-4e+06	-30.721
3.7e+09	-4e+06	-31.163
3.8e+09	-4e+06	-31.918
3.9e+09	-4e+06	-31.563
4e+09	-4e+06	-31.728
4.1e+09	-4e+06	-32.484
4.2e+09	-4e+06	-32.786
4.3e+09	-4e+06	-32.135
4.4e+09	-4e+06	-32.188
4e+08	-3.5e+06	-15.485
5e+08	-3.5e+06	-14.655
6e+08	-3.5e+06	-14.447
7e+08	-3.5e+06	-14.904
8e+08	-3.5e+06	-15.608
9e+08	-3.5e+06	-16.293
1e+09	-3.5e+06	-17.046
1.1e+09	-3.5e+06	-17.935
1.2e+09	-3.5e+06	-18.392
1.3e+09	-3.5e+06	-19.006
1.4e+09	-3.5e+06	-19.596
1.5e+09	-3.5e+06	-20.351
1.6e+09	-3.5e+06	-21.244
1.7e+09	-3.5e+06	-21.967
1.8e+09	-3.5e+06	-22.437
1.9e+09	-3.5e+06	-23.095
2e+09	-3.5e+06	-23.838
2.1e+09	-3.5e+06	-24.747
2.2e+09	-3.5e+06	-25.643
2.3e+09	-3.5e+06	-26.109
2.4e+09	-3.5e+06	-26.465
2.5e+09	-3.5e+06	-27.278
2.6e+09	-3.5e+06	-28.504
2.7e+09	-3.5e+06	-29.048
2.8e+09	-3.5e+06	-28.54
2.9e+09	-3.5e+06	-28.504
3e+09	-3.5e+06	-29.675
3.1e+09	-3.5e+06	-30.291
3.2e+09	-3.5e+06	-29.693
3.3e+09	-3.5e+06	-29.449
3.4e+09	-3.5e+06	-30.18
3.5e+09	-3.5e+06	-30.419
3.6e+09	-3.5e+06	-30.698
3.7e+09	-3.5e+06	-31.158
3.8e+09	-3.5e+06	-31.906
3.9e+09	-3.5e+06	-31.557
4e+09	-3.5e+06	-31.727
4.1e+09	-3.5e+06	-32.482
4.2e+09	-3.5e+06	-32.773
4.3e+09	-3.5e+06	-32.123
4.4e+09	-3.5e+06	-32.178
4e+08	-3e+06	-15.473
5e+08	-3e+06	-14.645
6e+08	-3e+06	-14.441
7e+08	-3e+06	-14.901
8e+08	-3e+06	-15.608
9e+08	-3e+06	-16.29
1e+09	-3e+06	-17.044
1.1e+09	-3e+06	-17.932
1.2e+09	-3e+06	-18.388
1.3e+09	-3e+06	-19.001
1.4e+09	-3e+06	-19.589
1.5e+09	-3e+06	-20.35
1.6e+09	-3e+06	-21.239
1.7e+09	-3e+06	-21.965
1.8e+09	-3e+06	-22.431
1.9e+09	-3e+06	-23.09
2e+09	-3e+06	-23.836
2.1e+09	-3e+06	-24.74
2.2e+09	-3e+06	-25.642
2.3e+09	-3e+06	-26.112
2.4e+09	-3e+06	-26.465
2.5e+09	-3e+06	-27.278
2.6e+09	-3e+06	-28.501
2.7e+09	-3e+06	-29.048
2.8e+09	-3e+06	-28.532
2.9e+09	-3e+06	-28.5
3e+09	-3e+06	-29.675
3.1e+09	-3e+06	-30.277
3.2e+09	-3e+06	-29.685
3.3e+09	-3e+06	-29.444
3.4e+09	-3e+06	-30.179
3.5e+09	-3e+06	-30.413
3.6e+09	-3e+06	-30.668
3.7e+09	-3e+06	-31.157
3.8e+09	-3e+06	-31.889
3.9e+09	-3e+06	-31.545
4e+09	-3e+06	-31.724
4.1e+09	-3e+06	-32.483
4.2e+09	-3e+06	-32.771
4.3e+09	-3e+06	-32.112
4.4e+09	-3e+06	-32.177
4e+08	-2.5e+06	-15.297
5e+08	-2.5e+06	-14.635
6e+08	-2.5e+06	-14.434
7e+08	-2.5e+06	-14.897
8e+08	-2.5e+06	-15.605
9e+08	-2.5e+06	-16.286
1e+09	-2.5e+06	-17.042
1.1e+09	-2.5e+06	-17.929
1.2e+09	-2.5e+06	-18.383
1.3e+09	-2.5e+06	-18.998
1.4e+09	-2.5e+06	-19.585
1.5e+09	-2.5e+06	-20.346
1.6e+09	-2.5e+06	-21.237
1.7e+09	-2.5e+06	-21.959
1.8e+09	-2.5e+06	-22.427
1.9e+09	-2.5e+06	-23.087
2e+09	-2.5e+06	-23.832
2.1e+09	-2.5e+06	-24.739
2.2e+09	-2.5e+06	-25.638
2.3e+09	-2.5e+06	-26.112
2.4e+09	-2.5e+06	-26.461
2.5e+09	-2.5e+06	-27.273
2.6e+09	-2.5e+06	-28.498
2.7e+09	-2.5e+06	-29.04
2.8e+09	-2.5e+06	-28.52
2.9e+09	-2.5e+06	-28.499
3e+09	-2.5e+06	-29.67
3.1e+09	-2.5e+06	-30.257
3.2e+09	-2.5e+06	-29.68
3.3e+09	-2.5e+06	-29.439
3.4e+09	-2.5e+06	-30.177
3.5e+09	-2.5e+06	-30.406
3.6e+09	-2.5e+06	-30.637
3.7e+09	-2.5e+06	-31.161
3.8e+09	-2.5e+06	-31.882
3.9e+09	-2.5e+06	-31.537
4e+09	-2.5e+06	-31.722
4.1e+09	-2.5e+06	-32.479
4.2e+09	-2.5e+06	-32.76
4.3e+09	-2.5e+06	-32.103
4.4e+09	-2.5e+06	-32.177
4e+08	-2e+06	-15.283
5e+08	-2e+06	-14.627
6e+08	-2e+06	-14.428
7e+08	-2e+06	-14.893
8e+08	-2e+06	-15.602
9e+08	-2e+06	-16.283
1e+09	-2e+06	-17.041
1.1e+09	-2e+06	-17.926
1.2e+09	-2e+06	-18.38
1.3e+09	-2e+06	-18.993
1.4e+09	-2e+06	-19.582
1.5e+09	-2e+06	-20.343
1.6e+09	-2e+06	-21.232
1.7e+09	-2e+06	-21.953
1.8e+09	-2e+06	-22.421
1.9e+09	-2e+06	-23.084
2e+09	-2e+06	-23.83
2.1e+09	-2e+06	-24.737
2.2e+09	-2e+06	-25.638
2.3e+09	-2e+06	-26.117
2.4e+09	-2e+06	-26.459
2.5e+09	-2e+06	-27.265
2.6e+09	-2e+06	-28.497
2.7e+09	-2e+06	-29.036
2.8e+09	-2e+06	-28.511
2.9e+09	-2e+06	-28.5
3e+09	-2e+06	-29.673
3.1e+09	-2e+06	-30.268
3.2e+09	-2e+06	-29.661
3.3e+09	-2e+06	-29.429
3.4e+09	-2e+06	-30.175
3.5e+09	-2e+06	-30.393
3.6e+09	-2e+06	-30.61
3.7e+09	-2e+06	-31.161
3.8e+09	-2e+06	-31.877
3.9e+09	-2e+06	-31.526
4e+09	-2e+06	-31.721
4.1e+09	-2e+06	-32.475
4.2e+09	-2e+06	-32.75
4.3e+09	-2e+06	-32.094
4.4e+09	-2e+06	-32.174
4e+08	-1.5e+06	-15.27
5e+08	-1.5e+06	-14.617
6e+08	-1.5e+06	-14.423
7e+08	-1.5e+06	-14.889
8e+08	-1.5e+06	-15.598
9e+08	-1.5e+06	-16.278
1e+09	-1.5e+06	-17.038
1.1e+09	-1.5e+06	-17.923
1.2e+09	-1.5e+06	-18.376
1.3e+09	-1.5e+06	-18.99
1.4e+09	-1.5e+06	-19.578
1.5e+09	-1.5e+06	-20.34
1.6e+09	-1.5e+06	-21.229
1.7e+09	-1.5e+06	-21.949
1.8e+09	-1.5e+06	-22.416
1.9e+09	-1.5e+06	-23.08
2e+09	-1.5e+06	-23.827
2.1e+09	-1.5e+06	-24.735
2.2e+09	-1.5e+06	-25.634
2.3e+09	-1.5e+06	-26.115
2.4e+09	-1.5e+06	-26.454
2.5e+09	-1.5e+06	-27.264
2.6e+09	-1.5e+06	-28.496
2.7e+09	-1.5e+06	-29.031
2.8e+09	-1.5e+06	-28.496
2.9e+09	-1.5e+06	-28.501
3e+09	-1.5e+06	-29.668
3.1e+09	-1.5e+06	-30.258
3.2e+09	-1.5e+06	-29.633
3.3e+09	-1.5e+06	-29.424
3.4e+09	-1.5e+06	-30.169
3.5e+09	-1.5e+06	-30.333
3.6e+09	-1.5e+06	-30.581
3.7e+09	-1.5e+06	-31.167
3.8e+09	-1.5e+06	-31.864
3.9e+09	-1.5e+06	-31.513
4e+09	-1.5e+06	-31.721
4.1e+09	-1.5e+06	-32.472
4.2e+09	-1.5e+06	-32.738
4.3e+09	-1.5e+06	-32.089
4.4e+09	-1.5e+06	-32.176
4e+08	-1e+06	-15.422
5e+08	-1e+06	-14.608
6e+08	-1e+06	-14.419
7e+08	-1e+06	-14.887
8e+08	-1e+06	-15.597
9e+08	-1e+06	-16.277
1e+09	-1e+06	-17.038
1.1e+09	-1e+06	-17.922
1.2e+09	-1e+06	-18.372
1.3e+09	-1e+06	-18.987
1.4e+09	-1e+06	-19.577
1.5e+09	-1e+06	-20.34
1.6e+09	-1e+06	-21.223
1.7e+09	-1e+06	-21.946
1.8e+09	-1e+06	-22.411
1.9e+09	-1e+06	-23.078
2e+09	-1e+06	-23.823
2.1e+09	-1e+06	-24.729
2.2e+09	-1e+06	-25.631
2.3e+09	-1e+06	-26.116
2.4e+09	-1e+06	-26.455
2.5e+09	-1e+06	-27.262
2.6e+09	-1e+06	-28.494
2.7e+09	-1e+06	-29.027
2.8e+09	-1e+06	-28.488
2.9e+09	-1e+06	-28.498
3e+09	-1e+06	-29.669
3.1e+09	-1e+06	-30.259
3.2e+09	-1e+06	-29.627
3.3e+09	-1e+06	-29.415
3.4e+09	-1e+06	-30.165
3.5e+09	-1e+06	-30.254
3.6e+09	-1e+06	-30.559
3.7e+09	-1e+06	-31.165
3.8e+09	-1e+06	-31.86
3.9e+09	-1e+06	-31.509
4e+09	-1e+06	-31.725
4.1e+09	-1e+06	-32.471
4.2e+09	-1e+06	-32.73
4.3e+09	-1e+06	-32.072
4.4e+09	-1e+06	-32.173
4e+08	-5e+05	-15.409
5e+08	-5e+05	-14.599
6e+08	-5e+05	-14.412
7e+08	-5e+05	-14.884
8e+08	-5e+05	-15.593
9e+08	-5e+05	-16.272
1e+09	-5e+05	-17.037
1.1e+09	-5e+05	-17.919
1.2e+09	-5e+05	-18.369
1.3e+09	-5e+05	-18.982
1.4e+09	-5e+05	-19.573
1.5e+09	-5e+05	-20.337
1.6e+09	-5e+05	-21.219
1.7e+09	-5e+05	-21.941
1.8e+09	-5e+05	-22.405
1.9e+09	-5e+05	-23.074
2e+09	-5e+05	-23.821
2.1e+09	-5e+05	-24.729
2.2e+09	-5e+05	-25.632
2.3e+09	-5e+05	-26.117
2.4e+09	-5e+05	-26.309
2.5e+09	-5e+05	-27.255
2.6e+09	-5e+05	-28.491
2.7e+09	-5e+05	-29.022
2.8e+09	-5e+05	-28.476
2.9e+09	-5e+05	-28.499
3e+09	-5e+05	-29.664
3.1e+09	-5e+05	-30.251
3.2e+09	-5e+05	-29.642
3.3e+09	-5e+05	-29.415
3.4e+09	-5e+05	-30.16
3.5e+09	-5e+05	-30.316
3.6e+09	-5e+05	-30.527
3.7e+09	-5e+05	-31.163
3.8e+09	-5e+05	-31.845
3.9e+09	-5e+05	-31.5
4e+09	-5e+05	-31.725
4.1e+09	-5e+05	-32.464
4.2e+09	-5e+05	-32.725
4.3e+09	-5e+05	-32.065
4.4e+09	-5e+05	-32.169
4e+08	0	-15.165
5e+08	0	-14.401
6e+08	0	-14.247
7e+08	0	-14.745
8e+08	0	-15.469
9e+08	0	-16.154
1e+09	0	-16.939
1.1e+09	0	-17.824
1.2e+09	0	-18.27
1.3e+09	0	-18.879
1.4e+09	0	-19.45
1.5e+09	0	-20.203
1.6e+09	0	-21.096
1.7e+09	0	-21.837
1.8e+09	0	-22.294
1.9e+09	0	-22.968
2e+09	0	-23.715
2.1e+09	0	-24.615
2.2e+09	0	-25.518
2.3e+09	0	-25.966
2.4e+09	0	-26.195
2.5e+09	0	-27.154
2.6e+09	0	-28.389
2.7e+09	0	-28.895
2.8e+09	0	-28.387
2.9e+09	0	-28.315
3e+09	0	-29.465
3.1e+09	0	-30.034
3.2e+09	0	-29.403
3.3e+09	0	-29.208
3.4e+09	0	-29.96
3.5e+09	0	-30.183
3.6e+09	0	-30.291
3.7e+09	0	-30.814
3.8e+09	0	-31.639
3.9e+09	0	-31.237
4e+09	0	-31.496
4.1e+09	0	-32.031
4.2e+09	0	-32.319
4.3e+09	0	-31.63
4.4e+09	0	-31.75
4e+08	5e+05	-15.394
5e+08	5e+05	-14.593
6e+08	5e+05	-14.415
7e+08	5e+05	-14.892
8e+08	5e+05	-15.601
9e+08	5e+05	-16.281
1e+09	5e+05	-17.046
1.1e+09	5e+05	-17.926
1.2e+09	5e+05	-18.377
1.3e+09	5e+05	-18.989
1.4e+09	5e+05	-19.585
1.5e+09	5e+05	-20.35
1.6e+09	5e+05	-21.227
1.7e+09	5e+05	-21.949
1.8e+09	5e+05	-22.41
1.9e+09	5e+05	-23.023
2e+09	5e+05	-23.831
2.1e+09	5e+05	-24.74
2.2e+09	5e+05	-25.641
2.3e+09	5e+05	-26.125
2.4e+09	5e+05	-26.47
2.5e+09	5e+05	-27.269
2.6e+09	5e+05	-28.506
2.7e+09	5e+05	-29.03
2.8e+09	5e+05	-28.477
2.9e+09	5e+05	-28.512
3e+09	5e+05	-29.681
3.1e+09	5e+05	-30.251
3.2e+09	5e+05	-29.637
3.3e+09	5e+05	-29.42
3.4e+09	5e+05	-30.179
3.5e+09	5e+05	-30.389
3.6e+09	5e+05	-30.512
3.7e+09	5e+05	-31.182
3.8e+09	5e+05	-31.85
3.9e+09	5e+05	-31.5
4e+09	5e+05	-31.744
4.1e+09	5e+05	-32.484
4.2e+09	5e+05	-32.722
4.3e+09	5e+05	-32.068
4.4e+09	5e+05	-32.186
4e+08	1e+06	-15.393
5e+08	1e+06	-14.596
6e+08	1e+06	-14.452
7e+08	1e+06	-14.901
8e+08	1e+06	-15.599
9e+08	1e+06	-16.291
1e+09	1e+06	-17.058
1.1e+09	1e+06	-17.935
1.2e+09	1e+06	-18.389
1.3e+09	1e+06	-18.996
1.4e+09	1e+06	-19.985
1.5e+09	1e+06	-20.362
1.6e+09	1e+06	-21.235
1.7e+09	1e+06	-21.957
1.8e+09	1e+06	-22.422
1.9e+09	1e+06	-22.975
2e+09	1e+06	-23.842
2.1e+09	1e+06	-24.752
2.2e+09	1e+06	-25.651
2.3e+09	1e+06	-26.137
2.4e+09	1e+06	-26.478
2.5e+09	1e+06	-27.259
2.6e+09	1e+06	-28.519
2.7e+09	1e+06	-29.036
2.8e+09	1e+06	-28.48
2.9e+09	1e+06	-28.532
3e+09	1e+06	-29.689
3.1e+09	1e+06	-30.258
3.2e+09	1e+06	-29.638
3.3e+09	1e+06	-29.424
3.4e+09	1e+06	-30.192
3.5e+09	1e+06	-30.394
3.6e+09	1e+06	-30.518
3.7e+09	1e+06	-31.195
3.8e+09	1e+06	-31.866
3.9e+09	1e+06	-31.505
4e+09	1e+06	-31.746
4.1e+09	1e+06	-32.486
4.2e+09	1e+06	-32.725
4.3e+09	1e+06	-32.081
4.4e+09	1e+06	-32.195
4e+08	1.5e+06	-15.393
5e+08	1.5e+06	-14.598
6e+08	1.5e+06	-14.488
7e+08	1.5e+06	-14.91
8e+08	1.5e+06	-15.62
9e+08	1.5e+06	-16.299
1e+09	1.5e+06	-17.068
1.1e+09	1.5e+06	-17.944
1.2e+09	1.5e+06	-18.399
1.3e+09	1.5e+06	-19.005
1.4e+09	1.5e+06	-19.997
1.5e+09	1.5e+06	-20.372
1.6e+09	1.5e+06	-21.245
1.7e+09	1.5e+06	-21.966
1.8e+09	1.5e+06	-22.428
1.9e+09	1.5e+06	-22.981
2e+09	1.5e+06	-23.852
2.1e+09	1.5e+06	-24.762
2.2e+09	1.5e+06	-25.662
2.3e+09	1.5e+06	-26.146
2.4e+09	1.5e+06	-26.486
2.5e+09	1.5e+06	-27.247
2.6e+09	1.5e+06	-28.529
2.7e+09	1.5e+06	-29.044
2.8e+09	1.5e+06	-28.472
2.9e+09	1.5e+06	-28.543
3e+09	1.5e+06	-29.698
3.1e+09	1.5e+06	-30.262
3.2e+09	1.5e+06	-29.643
3.3e+09	1.5e+06	-29.431
3.4e+09	1.5e+06	-30.198
3.5e+09	1.5e+06	-30.4
3.6e+09	1.5e+06	-30.518
3.7e+09	1.5e+06	-31.208
3.8e+09	1.5e+06	-31.864
3.9e+09	1.5e+06	-31.512
4e+09	1.5e+06	-31.762
4.1e+09	1.5e+06	-32.494
4.2e+09	1.5e+06	-32.73
4.3e+09	1.5e+06	-32.076
4.4e+09	1.5e+06	-32.199
4e+08	2e+06	-15.392
5e+08	2e+06	-14.602
6e+08	2e+06	-14.496
7e+08	2e+06	-14.92
8e+08	2e+06	-15.631
9e+08	2e+06	-16.311
1e+09	2e+06	-17.079
1.1e+09	2e+06	-17.954
1.2e+09	2e+06	-18.41
1.3e+09	2e+06	-19.012
1.4e+09	2e+06	-20.005
1.5e+09	2e+06	-20.383
1.6e+09	2e+06	-21.252
1.7e+09	2e+06	-21.975
1.8e+09	2e+06	-22.437
1.9e+09	2e+06	-22.991
2e+09	2e+06	-23.864
2.1e+09	2e+06	-24.773
2.2e+09	2e+06	-25.672
2.3e+09	2e+06	-26.085
2.4e+09	2e+06	-26.498
2.5e+09	2e+06	-27.258
2.6e+09	2e+06	-28.543
2.7e+09	2e+06	-29.048
2.8e+09	2e+06	-28.49
2.9e+09	2e+06	-28.554
3e+09	2e+06	-29.712
3.1e+09	2e+06	-30.272
3.2e+09	2e+06	-29.655
3.3e+09	2e+06	-29.437
3.4e+09	2e+06	-30.21
3.5e+09	2e+06	-30.406
3.6e+09	2e+06	-30.525
3.7e+09	2e+06	-31.225
3.8e+09	2e+06	-31.878
3.9e+09	2e+06	-31.508
4e+09	2e+06	-31.773
4.1e+09	2e+06	-32.508
4.2e+09	2e+06	-32.727
4.3e+09	2e+06	-32.086
4.4e+09	2e+06	-32.218
4e+08	2.5e+06	-15.392
5e+08	2.5e+06	-14.603
6e+08	2.5e+06	-14.447
7e+08	2.5e+06	-14.931
8e+08	2.5e+06	-15.642
9e+08	2.5e+06	-16.321
1e+09	2.5e+06	-17.091
1.1e+09	2.5e+06	-17.964
1.2e+09	2.5e+06	-18.422
1.3e+09	2.5e+06	-19.012
1.4e+09	2.5e+06	-20.015
1.5e+09	2.5e+06	-20.393
1.6e+09	2.5e+06	-21.262
1.7e+09	2.5e+06	-21.984
1.8e+09	2.5e+06	-22.446
1.9e+09	2.5e+06	-23.003
2e+09	2.5e+06	-23.875
2.1e+09	2.5e+06	-24.785
2.2e+09	2.5e+06	-25.686
2.3e+09	2.5e+06	-26.093
2.4e+09	2.5e+06	-26.507
2.5e+09	2.5e+06	-27.329
2.6e+09	2.5e+06	-28.558
2.7e+09	2.5e+06	-29.063
2.8e+09	2.5e+06	-28.493
2.9e+09	2.5e+06	-28.572
3e+09	2.5e+06	-29.719
3.1e+09	2.5e+06	-30.274
3.2e+09	2.5e+06	-29.468
3.3e+09	2.5e+06	-29.435
3.4e+09	2.5e+06	-30.226
3.5e+09	2.5e+06	-30.413
3.6e+09	2.5e+06	-30.535
3.7e+09	2.5e+06	-31.232
3.8e+09	2.5e+06	-31.887
3.9e+09	2.5e+06	-31.518
4e+09	2.5e+06	-31.779
4.1e+09	2.5e+06	-32.524
4.2e+09	2.5e+06	-32.738
4.3e+09	2.5e+06	-32.092
4.4e+09	2.5e+06	-32.223
4e+08	3e+06	-15.392
5e+08	3e+06	-14.607
6e+08	3e+06	-14.452
7e+08	3e+06	-14.941
8e+08	3e+06	-15.652
9e+08	3e+06	-16.333
1e+09	3e+06	-17.104
1.1e+09	3e+06	-17.974
1.2e+09	3e+06	-18.434
1.3e+09	3e+06	-19.028
1.4e+09	3e+06	-20.026
1.5e+09	3e+06	-20.406
1.6e+09	3e+06	-21.272
1.7e+09	3e+06	-21.979
1.8e+09	3e+06	-22.454
1.9e+09	3e+06	-23.013
2e+09	3e+06	-23.886
2.1e+09	3e+06	-24.795
2.2e+09	3e+06	-25.693
2.3e+09	3e+06	-26.1
2.4e+09	3e+06	-26.519
2.5e+09	3e+06	-27.339
2.6e+09	3e+06	-28.569
2.7e+09	3e+06	-29.071
2.8e+09	3e+06	-28.499
2.9e+09	3e+06	-28.587
3e+09	3e+06	-29.729
3.1e+09	3e+06	-30.282
3.2e+09	3e+06	-29.474
3.3e+09	3e+06	-29.431
3.4e+09	3e+06	-30.239
3.5e+09	3e+06	-30.422
3.6e+09	3e+06	-30.536
3.7e+09	3e+06	-31.255
3.8e+09	3e+06	-31.886
3.9e+09	3e+06	-31.523
4e+09	3e+06	-31.791
4.1e+09	3e+06	-32.531
4.2e+09	3e+06	-32.743
4.3e+09	3e+06	-32.099
4.4e+09	3e+06	-32.236
4e+08	3.5e+06	-15.393
5e+08	3.5e+06	-14.61
6e+08	3.5e+06	-14.459
7e+08	3.5e+06	-14.951
8e+08	3.5e+06	-15.662
9e+08	3.5e+06	-16.34
1e+09	3.5e+06	-17.114
1.1e+09	3.5e+06	-17.983
1.2e+09	3.5e+06	-18.443
1.3e+09	3.5e+06	-19.038
1.4e+09	3.5e+06	-20.036
1.5e+09	3.5e+06	-20.42
1.6e+09	3.5e+06	-21.281
1.7e+09	3.5e+06	-21.98
1.8e+09	3.5e+06	-22.463
1.9e+09	3.5e+06	-23.023
2e+09	3.5e+06	-23.899
2.1e+09	3.5e+06	-24.809
2.2e+09	3.5e+06	-25.708
2.3e+09	3.5e+06	-26.108
2.4e+09	3.5e+06	-26.53
2.5e+09	3.5e+06	-27.352
2.6e+09	3.5e+06	-28.579
2.7e+09	3.5e+06	-29.076
2.8e+09	3.5e+06	-28.504
2.9e+09	3.5e+06	-28.604
3e+09	3.5e+06	-29.745
3.1e+09	3.5e+06	-30.286
3.2e+09	3.5e+06	-29.478
3.3e+09	3.5e+06	-29.449
3.4e+09	3.5e+06	-30.255
3.5e+09	3.5e+06	-30.432
3.6e+09	3.5e+06	-30.551
3.7e+09	3.5e+06	-31.265
3.8e+09	3.5e+06	-31.901
3.9e+09	3.5e+06	-31.527
4e+09	3.5e+06	-31.791
4.1e+09	3.5e+06	-32.548
4.2e+09	3.5e+06	-32.746
4.3e+09	3.5e+06	-32.104
4.4e+09	3.5e+06	-32.248
4e+08	4e+06	-15.392
5e+08	4e+06	-14.614
6e+08	4e+06	-14.469
7e+08	4e+06	-14.962
8e+08	4e+06	-15.673
9e+08	4e+06	-16.354
1e+09	4e+06	-17.128
1.1e+09	4e+06	-17.994
1.2e+09	4e+06	-18.457
1.3e+09	4e+06	-19.046
1.4e+09	4e+06	-20.045
1.5e+09	4e+06	-20.433
1.6e+09	4e+06	-21.291
1.7e+09	4e+06	-22.011
1.8e+09	4e+06	-22.474
1.9e+09	4e+06	-22.982
2e+09	4e+06	-23.91
2.1e+09	4e+06	-24.822
2.2e+09	4e+06	-25.718
2.3e+09	4e+06	-26.119
2.4e+09	4e+06	-26.538
2.5e+09	4e+06	-27.361
2.6e+09	4e+06	-28.592
2.7e+09	4e+06	-29.087
2.8e+09	4e+06	-28.51
2.9e+09	4e+06	-28.616
3e+09	4e+06	-29.754
3.1e+09	4e+06	-30.298
3.2e+09	4e+06	-29.486
3.3e+09	4e+06	-29.468
3.4e+09	4e+06	-30.267
3.5e+09	4e+06	-30.437
3.6e+09	4e+06	-30.555
3.7e+09	4e+06	-31.283
3.8e+09	4e+06	-31.915
3.9e+09	4e+06	-31.531
4e+09	4e+06	-31.806
4.1e+09	4e+06	-32.556
4.2e+09	4e+06	-32.754
4.3e+09	4e+06	-32.113
4.4e+09	4e+06	-32.261
4e+08	4.5e+06	-15.394
5e+08	4.5e+06	-14.619
6e+08	4.5e+06	-14.479
7e+08	4.5e+06	-14.961
8e+08	4.5e+06	-15.685
9e+08	4.5e+06	-16.366
1e+09	4.5e+06	-17.141
1.1e+09	4.5e+06	-18.004
1.2e+09	4.5e+06	-18.471
1.3e+09	4.5e+06	-19.058
1.4e+09	4.5e+06	-20.058
1.5e+09	4.5e+06	-20.446
1.6e+09	4.5e+06	-21.301
1.7e+09	4.5e+06	-22.021
1.8e+09	4.5e+06	-22.485
1.9e+09	4.5e+06	-22.947
2e+09	4.5e+06	-23.924
2.1e+09	4.5e+06	-24.835
2.2e+09	4.5e+06	-25.731
2.3e+09	4.5e+06	-26.125
2.4e+09	4.5e+06	-26.552
2.5e+09	4.5e+06	-27.378
2.6e+09	4.5e+06	-28.607
2.7e+09	4.5e+06	-29.094
2.8e+09	4.5e+06	-28.518
2.9e+09	4.5e+06	-28.634
3e+09	4.5e+06	-29.768
3.1e+09	4.5e+06	-30.306
3.2e+09	4.5e+06	-29.49
3.3e+09	4.5e+06	-29.48
3.4e+09	4.5e+06	-30.275
3.5e+09	4.5e+06	-30.446
3.6e+09	4.5e+06	-30.559
3.7e+09	4.5e+06	-31.295
3.8e+09	4.5e+06	-31.476
3.9e+09	4.5e+06	-31.536
4e+09	4.5e+06	-31.829
4.1e+09	4.5e+06	-32.571
4.2e+09	4.5e+06	-32.755
4.3e+09	4.5e+06	-32.121
4.4e+09	4.5e+06	-32.278
4e+08	5e+06	-15.398
5e+08	5e+06	-14.615
6e+08	5e+06	-14.491
7e+08	5e+06	-14.987
8e+08	5e+06	-15.699
9e+08	5e+06	-16.379
1e+09	5e+06	-17.155
1.1e+09	5e+06	-18.019
1.2e+09	5e+06	-18.485
1.3e+09	5e+06	-19.07
1.4e+09	5e+06	-20.071
1.5e+09	5e+06	-20.463
1.6e+09	5e+06	-21.315
1.7e+09	5e+06	-22.034
1.8e+09	5e+06	-22.495
1.9e+09	5e+06	-22.959
2e+09	5e+06	-23.937
2.1e+09	5e+06	-24.851
2.2e+09	5e+06	-25.747
2.3e+09	5e+06	-26.139
2.4e+09	5e+06	-26.564
2.5e+09	5e+06	-27.393
2.6e+09	5e+06	-28.619
2.7e+09	5e+06	-29.106
2.8e+09	5e+06	-28.523
2.9e+09	5e+06	-28.652
3e+09	5e+06	-29.787
3.1e+09	5e+06	-30.314
3.2e+09	5e+06	-29.501
3.3e+09	5e+06	-29.487
3.4e+09	5e+06	-30.297
3.5e+09	5e+06	-30.456
3.6e+09	5e+06	-30.572
3.7e+09	5e+06	-31.316
3.8e+09	5e+06	-31.484
3.9e+09	5e+06	-31.545
4e+09	5e+06	-31.84
4.1e+09	5e+06	-32.587
4.2e+09	5e+06	-32.763
4.3e+09	5e+06	-32.126
4.4e+09	5e+06	-32.289
4e+08	5.5e+06	-15.402
5e+08	5.5e+06	-14.633
6e+08	5.5e+06	-14.534
7e+08	5.5e+06	-15.002
8e+08	5.5e+06	-15.714
9e+08	5.5e+06	-16.394
1e+09	5.5e+06	-17.172
1.1e+09	5.5e+06	-18.033
1.2e+09	5.5e+06	-18.501
1.3e+09	5.5e+06	-19.084
1.4e+09	5.5e+06	-20.084
1.5e+09	5.5e+06	-20.478
1.6e+09	5.5e+06	-21.33
1.7e+09	5.5e+06	-22.047
1.8e+09	5.5e+06	-22.511
1.9e+09	5.5e+06	-23.097
2e+09	5.5e+06	-23.956
2.1e+09	5.5e+06	-24.867
2.2e+09	5.5e+06	-25.763
2.3e+09	5.5e+06	-26.149
2.4e+09	5.5e+06	-26.58
2.5e+09	5.5e+06	-27.413
2.6e+09	5.5e+06	-28.641
2.7e+09	5.5e+06	-29.124
2.8e+09	5.5e+06	-28.538
2.9e+09	5.5e+06	-28.672
3e+09	5.5e+06	-29.797
3.1e+09	5.5e+06	-30.325
3.2e+09	5.5e+06	-29.513
3.3e+09	5.5e+06	-29.498
3.4e+09	5.5e+06	-30.309
3.5e+09	5.5e+06	-30.471
3.6e+09	5.5e+06	-30.583
3.7e+09	5.5e+06	-31.334
3.8e+09	5.5e+06	-31.952
3.9e+09	5.5e+06	-31.556
4e+09	5.5e+06	-31.856
4.1e+09	5.5e+06	-32.604
4.2e+09	5.5e+06	-32.77
4.3e+09	5.5e+06	-32.139
4.4e+09	5.5e+06	-32.306
4e+08	6e+06	-15.408
5e+08	6e+06	-14.642
6e+08	6e+06	-14.575
7e+08	6e+06	-15.017
8e+08	6e+06	-15.73
9e+08	6e+06	-16.411
1e+09	6e+06	-17.19
1.1e+09	6e+06	-18.047
1.2e+09	6e+06	-18.516
1.3e+09	6e+06	-19.099
1.4e+09	6e+06	-20.102
1.5e+09	6e+06	-20.497
1.6e+09	6e+06	-21.347
1.7e+09	6e+06	-22.063
1.8e+09	6e+06	-22.525
1.9e+09	6e+06	-23.213
2e+09	6e+06	-23.972
2.1e+09	6e+06	-24.883
2.2e+09	6e+06	-25.78
2.3e+09	6e+06	-26.165
2.4e+09	6e+06	-26.597
2.5e+09	6e+06	-27.434
2.6e+09	6e+06	-28.655
2.7e+09	6e+06	-29.134
2.8e+09	6e+06	-28.547
2.9e+09	6e+06	-28.68
3e+09	6e+06	-29.816
3.1e+09	6e+06	-30.336
3.2e+09	6e+06	-29.525
3.3e+09	6e+06	-29.518
3.4e+09	6e+06	-30.325
3.5e+09	6e+06	-30.467
3.6e+09	6e+06	-30.591
3.7e+09	6e+06	-31.352
3.8e+09	6e+06	-31.971
3.9e+09	6e+06	-31.57
4e+09	6e+06	-31.872
4.1e+09	6e+06	-32.622
4.2e+09	6e+06	-32.782
4.3e+09	6e+06	-32.153
4.4e+09	6e+06	-32.325
4e+08	6.5e+06	-15.414
5e+08	6.5e+06	-14.652
6e+08	6.5e+06	-14.594
7e+08	6.5e+06	-15.036
8e+08	6.5e+06	-15.749
9e+08	6.5e+06	-16.428
1e+09	6.5e+06	-17.208
1.1e+09	6.5e+06	-18.065
1.2e+09	6.5e+06	-18.534
1.3e+09	6.5e+06	-19.116
1.4e+09	6.5e+06	-20.119
1.5e+09	6.5e+06	-20.517
1.6e+09	6.5e+06	-21.362
1.7e+09	6.5e+06	-22.078
1.8e+09	6.5e+06	-22.541
1.9e+09	6.5e+06	-23.231
2e+09	6.5e+06	-23.993
2.1e+09	6.5e+06	-24.903
2.2e+09	6.5e+06	-25.801
2.3e+09	6.5e+06	-26.18
2.4e+09	6.5e+06	-26.616
2.5e+09	6.5e+06	-27.453
2.6e+09	6.5e+06	-28.674
2.7e+09	6.5e+06	-29.149
2.8e+09	6.5e+06	-28.557
2.9e+09	6.5e+06	-28.702
3e+09	6.5e+06	-29.833
3.1e+09	6.5e+06	-30.351
3.2e+09	6.5e+06	-29.54
3.3e+09	6.5e+06	-29.531
3.4e+09	6.5e+06	-30.346
3.5e+09	6.5e+06	-30.482
3.6e+09	6.5e+06	-30.609
3.7e+09	6.5e+06	-31.377
3.8e+09	6.5e+06	-31.976
3.9e+09	6.5e+06	-31.574
4e+09	6.5e+06	-31.891
4.1e+09	6.5e+06	-32.634
4.2e+09	6.5e+06	-32.798
4.3e+09	6.5e+06	-32.152
4.4e+09	6.5e+06	-32.343
4e+08	7e+06	-15.426
5e+08	7e+06	-14.667
6e+08	7e+06	-14.565
7e+08	7e+06	-15.058
8e+08	7e+06	-15.771
9e+08	7e+06	-16.451
1e+09	7e+06	-17.233
1.1e+09	7e+06	-18.088
1.2e+09	7e+06	-18.556
1.3e+09	7e+06	-19.138
1.4e+09	7e+06	-20.142
1.5e+09	7e+06	-20.543
1.6e+09	7e+06	-21.385
1.7e+09	7e+06	-22.101
1.8e+09	7e+06	-22.567
1.9e+09	7e+06	-23.254
2e+09	7e+06	-24.017
2.1e+09	7e+06	-24.928
2.2e+09	7e+06	-25.824
2.3e+09	7e+06	-26.2
2.4e+09	7e+06	-26.639
2.5e+09	7e+06	-27.479
2.6e+09	7e+06	-28.703
2.7e+09	7e+06	-29.176
2.8e+09	7e+06	-28.578
2.9e+09	7e+06	-28.742
3e+09	7e+06	-29.861
3.1e+09	7e+06	-30.368
3.2e+09	7e+06	-29.754
3.3e+09	7e+06	-29.548
3.4e+09	7e+06	-30.375
3.5e+09	7e+06	-30.524
3.6e+09	7e+06	-30.633
3.7e+09	7e+06	-31.405
3.8e+09	7e+06	-32.002
3.9e+09	7e+06	-31.592
4e+09	7e+06	-31.91
4.1e+09	7e+06	-32.659
4.2e+09	7e+06	-32.815
4.3e+09	7e+06	-32.184
4.4e+09	7e+06	-32.377
4e+08	7.5e+06	-15.441
5e+08	7.5e+06	-14.687
6e+08	7.5e+06	-14.589
7e+08	7.5e+06	-15.084
8e+08	7.5e+06	-15.798
9e+08	7.5e+06	-16.478
1e+09	7.5e+06	-17.261
1.1e+09	7.5e+06	-18.115
1.2e+09	7.5e+06	-18.583
1.3e+09	7.5e+06	-19.165
1.4e+09	7.5e+06	-20.17
1.5e+09	7.5e+06	-20.572
1.6e+09	7.5e+06	-21.412
1.7e+09	7.5e+06	-22.127
1.8e+09	7.5e+06	-22.593
1.9e+09	7.5e+06	-23.28
2e+09	7.5e+06	-24.047
2.1e+09	7.5e+06	-24.936
2.2e+09	7.5e+06	-25.854
2.3e+09	7.5e+06	-26.223
2.4e+09	7.5e+06	-26.668
2.5e+09	7.5e+06	-27.51
2.6e+09	7.5e+06	-28.736
2.7e+09	7.5e+06	-29.198
2.8e+09	7.5e+06	-28.603
2.9e+09	7.5e+06	-28.776
3e+09	7.5e+06	-29.891
3.1e+09	7.5e+06	-30.394
3.2e+09	7.5e+06	-29.776
3.3e+09	7.5e+06	-29.571
3.4e+09	7.5e+06	-30.402
3.5e+09	7.5e+06	-30.556
3.6e+09	7.5e+06	-30.652
3.7e+09	7.5e+06	-31.439
3.8e+09	7.5e+06	-32.031
3.9e+09	7.5e+06	-31.612
4e+09	7.5e+06	-31.939
4.1e+09	7.5e+06	-32.691
4.2e+09	7.5e+06	-32.837
4.3e+09	7.5e+06	-32.207
4.4e+09	7.5e+06	-32.407
4e+08	8e+06	-15.461
5e+08	8e+06	-14.711
6e+08	8e+06	-14.623
7e+08	8e+06	-15.116
8e+08	8e+06	-15.831
9e+08	8e+06	-16.511
1e+09	8e+06	-17.296
1.1e+09	8e+06	-18.147
1.2e+09	8e+06	-18.615
1.3e+09	8e+06	-19.197
1.4e+09	8e+06	-20.127
1.5e+09	8e+06	-20.608
1.6e+09	8e+06	-21.444
1.7e+09	8e+06	-22.158
1.8e+09	8e+06	-22.625
1.9e+09	8e+06	-23.315
2e+09	8e+06	-24.081
2.1e+09	8e+06	-24.99
2.2e+09	8e+06	-25.888
2.3e+09	8e+06	-26.254
2.4e+09	8e+06	-26.699
2.5e+09	8e+06	-27.548
2.6e+09	8e+06	-28.769
2.7e+09	8e+06	-29.23
2.8e+09	8e+06	-28.627
2.9e+09	8e+06	-28.811
3e+09	8e+06	-29.929
3.1e+09	8e+06	-30.423
3.2e+09	8e+06	-29.802
3.3e+09	8e+06	-29.602
3.4e+09	8e+06	-30.436
3.5e+09	8e+06	-30.582
3.6e+09	8e+06	-30.685
3.7e+09	8e+06	-31.255
3.8e+09	8e+06	-32.062
3.9e+09	8e+06	-31.642
4e+09	8e+06	-31.973
4.1e+09	8e+06	-32.724
4.2e+09	8e+06	-32.857
4.3e+09	8e+06	-32.232
4.4e+09	8e+06	-32.444
4e+08	8.5e+06	-15.486
5e+08	8.5e+06	-14.739
6e+08	8.5e+06	-14.71
7e+08	8.5e+06	-15.152
8e+08	8.5e+06	-15.869
9e+08	8.5e+06	-16.549
1e+09	8.5e+06	-17.335
1.1e+09	8.5e+06	-18.183
1.2e+09	8.5e+06	-18.652
1.3e+09	8.5e+06	-19.235
1.4e+09	8.5e+06	-20.163
1.5e+09	8.5e+06	-20.648
1.6e+09	8.5e+06	-21.481
1.7e+09	8.5e+06	-22.196
1.8e+09	8.5e+06	-22.662
1.9e+09	8.5e+06	-23.354
2e+09	8.5e+06	-24.121
2.1e+09	8.5e+06	-25.03
2.2e+09	8.5e+06	-25.927
2.3e+09	8.5e+06	-26.289
2.4e+09	8.5e+06	-26.74
2.5e+09	8.5e+06	-27.587
2.6e+09	8.5e+06	-28.805
2.7e+09	8.5e+06	-29.27
2.8e+09	8.5e+06	-28.662
2.9e+09	8.5e+06	-28.853
3e+09	8.5e+06	-29.963
3.1e+09	8.5e+06	-30.456
3.2e+09	8.5e+06	-29.837
3.3e+09	8.5e+06	-29.639
3.4e+09	8.5e+06	-30.471
3.5e+09	8.5e+06	-30.622
3.6e+09	8.5e+06	-30.656
3.7e+09	8.5e+06	-31.291
3.8e+09	8.5e+06	-32.097
3.9e+09	8.5e+06	-31.677
4e+09	8.5e+06	-32.008
4.1e+09	8.5e+06	-32.762
4.2e+09	8.5e+06	-32.889
4.3e+09	8.5e+06	-32.26
4.4e+09	8.5e+06	-32.478
4e+08	9e+06	-15.526
5e+08	9e+06	-14.785
6e+08	9e+06	-14.758
7e+08	9e+06	-15.204
8e+08	9e+06	-15.922
9e+08	9e+06	-16.601
1e+09	9e+06	-17.387
1.1e+09	9e+06	-18.235
1.2e+09	9e+06	-18.707
1.3e+09	9e+06	-19.286
1.4e+09	9e+06	-20.216
1.5e+09	9e+06	-20.703
1.6e+09	9e+06	-21.534
1.7e+09	9e+06	-22.248
1.8e+09	9e+06	-22.715
1.9e+09	9e+06	-23.407
2e+09	9e+06	-24.18
2.1e+09	9e+06	-25.086
2.2e+09	9e+06	-25.984
2.3e+09	9e+06	-26.341
2.4e+09	9e+06	-26.794
2.5e+09	9e+06	-27.646
2.6e+09	9e+06	-28.868
2.7e+09	9e+06	-29.319
2.8e+09	9e+06	-28.715
2.9e+09	9e+06	-28.911
3e+09	9e+06	-30.028
3.1e+09	9e+06	-30.503
3.2e+09	9e+06	-29.886
3.3e+09	9e+06	-29.689
3.4e+09	9e+06	-30.53
3.5e+09	9e+06	-30.674
3.6e+09	9e+06	-30.775
3.7e+09	9e+06	-31.575
3.8e+09	9e+06	-32.153
3.9e+09	9e+06	-31.721
4e+09	9e+06	-32.066
4.1e+09	9e+06	-32.82
4.2e+09	9e+06	-32.939
4.3e+09	9e+06	-32.313
4.4e+09	9e+06	-32.545
4e+08	9.5e+06	-15.609
5e+08	9.5e+06	-14.875
6e+08	9.5e+06	-14.852
7e+08	9.5e+06	-15.303
8e+08	9.5e+06	-16.022
9e+08	9.5e+06	-16.702
1e+09	9.5e+06	-17.491
1.1e+09	9.5e+06	-18.338
1.2e+09	9.5e+06	-18.81
1.3e+09	9.5e+06	-19.39
1.4e+09	9.5e+06	-20.318
1.5e+09	9.5e+06	-20.809
1.6e+09	9.5e+06	-21.638
1.7e+09	9.5e+06	-22.352
1.8e+09	9.5e+06	-22.821
1.9e+09	9.5e+06	-23.51
2e+09	9.5e+06	-24.287
2.1e+09	9.5e+06	-25.19
2.2e+09	9.5e+06	-26.088
2.3e+09	9.5e+06	-26.445
2.4e+09	9.5e+06	-26.898
2.5e+09	9.5e+06	-27.757
2.6e+09	9.5e+06	-28.972
2.7e+09	9.5e+06	-29.421
2.8e+09	9.5e+06	-28.815
2.9e+09	9.5e+06	-29.022
3e+09	9.5e+06	-30.132
3.1e+09	9.5e+06	-30.608
3.2e+09	9.5e+06	-29.987
3.3e+09	9.5e+06	-29.795
3.4e+09	9.5e+06	-30.637
3.5e+09	9.5e+06	-30.776
3.6e+09	9.5e+06	-30.874
3.7e+09	9.5e+06	-31.689
3.8e+09	9.5e+06	-32.249
3.9e+09	9.5e+06	-31.821
4e+09	9.5e+06	-32.166
4.1e+09	9.5e+06	-32.933
4.2e+09	9.5e+06	-33.039
4.3e+09	9.5e+06	-32.421
4.4e+09	9.5e+06	-32.657
4e+08	1e+07	-15.795
5e+08	1e+07	-15.058
6e+08	1e+07	-15.051
7e+08	1e+07	-15.508
8e+08	1e+07	-16.229
9e+08	1e+07	-16.911
1e+09	1e+07	-17.702
1.1e+09	1e+07	-18.547
1.2e+09	1e+07	-19.021
1.3e+09	1e+07	-19.601
1.4e+09	1e+07	-20.529
1.5e+09	1e+07	-21.024
1.6e+09	1e+07	-21.851
1.7e+09	1e+07	-22.562
1.8e+09	1e+07	-23.033
1.9e+09	1e+07	-23.726
2e+09	1e+07	-24.483
2.1e+09	1e+07	-25.406
2.2e+09	1e+07	-26.308
2.3e+09	1e+07	-26.713
2.4e+09	1e+07	-27.114
2.5e+09	1e+07	-27.974
2.6e+09	1e+07	-29.187
2.7e+09	1e+07	-29.633
2.8e+09	1e+07	-29.026
2.9e+09	1e+07	-29.244
3e+09	1e+07	-30.35
3.1e+09	1e+07	-30.727
3.2e+09	1e+07	-30.196
3.3e+09	1e+07	-30.004
3.4e+09	1e+07	-30.856
3.5e+09	1e+07	-30.98
3.6e+09	1e+07	-31.029
3.7e+09	1e+07	-31.909
3.8e+09	1e+07	-32.471
3.9e+09	1e+07	-32.036
4e+09	1e+07	-32.385
4.1e+09	1e+07	-33.145
4.2e+09	1e+07	-33.246
4.3e+09	1e+07	-32.62
4.4e+09	1e+07	-32.874
4e+08	1.05e+07	-16.171
5e+08	1.05e+07	-15.442
6e+08	1.05e+07	-15.443
7e+08	1.05e+07	-15.909
8e+08	1.05e+07	-16.633
9e+08	1.05e+07	-17.315
1e+09	1.05e+07	-18.109
1.1e+09	1.05e+07	-18.953
1.2e+09	1.05e+07	-19.429
1.3e+09	1.05e+07	-20.011
1.4e+09	1.05e+07	-20.939
1.5e+09	1.05e+07	-21.435
1.6e+09	1.05e+07	-22.263
1.7e+09	1.05e+07	-22.974
1.8e+09	1.05e+07	-23.446
1.9e+09	1.05e+07	-24.139
2e+09	1.05e+07	-24.898
2.1e+09	1.05e+07	-25.822
2.2e+09	1.05e+07	-26.722
2.3e+09	1.05e+07	-27.126
2.4e+09	1.05e+07	-27.531
2.5e+09	1.05e+07	-28.395
2.6e+09	1.05e+07	-29.61
2.7e+09	1.05e+07	-30.051
2.8e+09	1.05e+07	-29.437
2.9e+09	1.05e+07	-29.662
3e+09	1.05e+07	-30.748
3.1e+09	1.05e+07	-31.146
3.2e+09	1.05e+07	-30.611
3.3e+09	1.05e+07	-30.424
3.4e+09	1.05e+07	-31.273
3.5e+09	1.05e+07	-31.405
3.6e+09	1.05e+07	-31.508
3.7e+09	1.05e+07	-32.33
3.8e+09	1.05e+07	-32.885
3.9e+09	1.05e+07	-32.449
4e+09	1.05e+07	-32.803
4.1e+09	1.05e+07	-33.563
4.2e+09	1.05e+07	-33.666
4.3e+09	1.05e+07	-33.052
4.4e+09	1.05e+07	-33.3
4e+08	1.1e+07	-16.846
5e+08	1.1e+07	-16.14
6e+08	1.1e+07	-16.139
7e+08	1.1e+07	-16.611
8e+08	1.1e+07	-17.337
9e+08	1.1e+07	-18.023
1e+09	1.1e+07	-18.821
1.1e+09	1.1e+07	-19.662
1.2e+09	1.1e+07	-20.14
1.3e+09	1.1e+07	-20.719
1.4e+09	1.1e+07	-21.652
1.5e+09	1.1e+07	-22.132
1.6e+09	1.1e+07	-22.976
1.7e+09	1.1e+07	-23.689
1.8e+09	1.1e+07	-24.162
1.9e+09	1.1e+07	-24.858
2e+09	1.1e+07	-25.644
2.1e+09	1.1e+07	-26.546
2.2e+09	1.1e+07	-27.446
2.3e+09	1.1e+07	-27.842
2.4e+09	1.1e+07	-28.253
2.5e+09	1.1e+07	-29.119
2.6e+09	1.1e+07	-30.329
2.7e+09	1.1e+07	-30.77
2.8e+09	1.1e+07	-30.149
2.9e+09	1.1e+07	-30.388
3e+09	1.1e+07	-31.477
3.1e+09	1.1e+07	-31.86
3.2e+09	1.1e+07	-31.332
3.3e+09	1.1e+07	-31.148
3.4e+09	1.1e+07	-32.002
3.5e+09	1.1e+07	-32.144
3.6e+09	1.1e+07	-32.223
3.7e+09	1.1e+07	-33.06
3.8e+09	1.1e+07	-33.61
3.9e+09	1.1e+07	-33.167
4e+09	1.1e+07	-33.531
4.1e+09	1.1e+07	-34.298
4.2e+09	1.1e+07	-34.381
4.3e+09	1.1e+07	-33.758
4.4e+09	1.1e+07	-34.023
4e+08	1.15e+07	-17.942
5e+08	1.15e+07	-17.248
6e+08	1.15e+07	-17.255
7e+08	1.15e+07	-17.735
8e+08	1.15e+07	-18.466
9e+08	1.15e+07	-19.149
1e+09	1.15e+07	-19.951
1.1e+09	1.15e+07	-20.79
1.2e+09	1.15e+07	-21.271
1.3e+09	1.15e+07	-21.853
1.4e+09	1.15e+07	-22.784
1.5e+09	1.15e+07	-23.29
1.6e+09	1.15e+07	-24.11
1.7e+09	1.15e+07	-24.822
1.8e+09	1.15e+07	-25.299
1.9e+09	1.15e+07	-25.999
2e+09	1.15e+07	-26.785
2.1e+09	1.15e+07	-27.682
2.2e+09	1.15e+07	-28.588
2.3e+09	1.15e+07	-28.98
2.4e+09	1.15e+07	-29.39
2.5e+09	1.15e+07	-30.257
2.6e+09	1.15e+07	-31.475
2.7e+09	1.15e+07	-31.912
2.8e+09	1.15e+07	-31.287
2.9e+09	1.15e+07	-31.537
3e+09	1.15e+07	-32.641
3.1e+09	1.15e+07	-32.997
3.2e+09	1.15e+07	-32.471
3.3e+09	1.15e+07	-32.284
3.4e+09	1.15e+07	-33.144
3.5e+09	1.15e+07	-33.287
3.6e+09	1.15e+07	-33.355
3.7e+09	1.15e+07	-34.203
3.8e+09	1.15e+07	-34.756
3.9e+09	1.15e+07	-34.304
4e+09	1.15e+07	-34.678
4.1e+09	1.15e+07	-35.437
4.2e+09	1.15e+07	-35.517
4.3e+09	1.15e+07	-34.899
4.4e+09	1.15e+07	-35.177
4e+08	1.2e+07	-19.59
5e+08	1.2e+07	-18.904
6e+08	1.2e+07	-18.867
7e+08	1.2e+07	-19.402
8e+08	1.2e+07	-20.131
9e+08	1.2e+07	-20.819
1e+09	1.2e+07	-21.624
1.1e+09	1.2e+07	-22.46
1.2e+09	1.2e+07	-22.944
1.3e+09	1.2e+07	-23.527
1.4e+09	1.2e+07	-24.456
1.5e+09	1.2e+07	-24.966
1.6e+09	1.2e+07	-25.774
1.7e+09	1.2e+07	-26.495
1.8e+09	1.2e+07	-26.972
1.9e+09	1.2e+07	-27.676
2e+09	1.2e+07	-28.459
2.1e+09	1.2e+07	-29.363
2.2e+09	1.2e+07	-30.26
2.3e+09	1.2e+07	-30.649
2.4e+09	1.2e+07	-31.062
2.5e+09	1.2e+07	-31.94
2.6e+09	1.2e+07	-33.149
2.7e+09	1.2e+07	-33.585
2.8e+09	1.2e+07	-32.967
2.9e+09	1.2e+07	-33.221
3e+09	1.2e+07	-34.319
3.1e+09	1.2e+07	-34.665
3.2e+09	1.2e+07	-34.142
3.3e+09	1.2e+07	-33.958
3.4e+09	1.2e+07	-34.822
3.5e+09	1.2e+07	-34.955
3.6e+09	1.2e+07	-35.034
3.7e+09	1.2e+07	-35.876
3.8e+09	1.2e+07	-36.436
3.9e+09	1.2e+07	-35.972
4e+09	1.2e+07	-36.348
4.1e+09	1.2e+07	-37.122
4.2e+09	1.2e+07	-37.179
4.3e+09	1.2e+07	-36.564
4.4e+09	1.2e+07	-36.857
4e+08	1.25e+07	-21.873
5e+08	1.25e+07	-21.214
6e+08	1.25e+07	-21.194
7e+08	1.25e+07	-21.687
8e+08	1.25e+07	-22.483
9e+08	1.25e+07	-23.178
1e+09	1.25e+07	-23.988
1.1e+09	1.25e+07	-24.83
1.2e+09	1.25e+07	-25.32
1.3e+09	1.25e+07	-25.9
1.4e+09	1.25e+07	-26.831
1.5e+09	1.25e+07	-27.343
1.6e+09	1.25e+07	-28.14
1.7e+09	1.25e+07	-28.872
1.8e+09	1.25e+07	-29.345
1.9e+09	1.25e+07	-30.048
2e+09	1.25e+07	-30.828
2.1e+09	1.25e+07	-31.728
2.2e+09	1.25e+07	-32.639
2.3e+09	1.25e+07	-33.018
2.4e+09	1.25e+07	-33.433
2.5e+09	1.25e+07	-34.319
2.6e+09	1.25e+07	-35.526
2.7e+09	1.25e+07	-35.955
2.8e+09	1.25e+07	-35.316
2.9e+09	1.25e+07	-35.582
3e+09	1.25e+07	-36.674
3.1e+09	1.25e+07	-37.022
3.2e+09	1.25e+07	-36.493
3.3e+09	1.25e+07	-36.307
3.4e+09	1.25e+07	-37.171
3.5e+09	1.25e+07	-37.32
3.6e+09	1.25e+07	-37.38
3.7e+09	1.25e+07	-38.234
3.8e+09	1.25e+07	-38.778
3.9e+09	1.25e+07	-38.311
4e+09	1.25e+07	-38.7
4.1e+09	1.25e+07	-39.478
4.2e+09	1.25e+07	-39.534
4.3e+09	1.25e+07	-38.912
4.4e+09	1.25e+07	-39.196
4e+08	1.3e+07	-25.029
5e+08	1.3e+07	-24.341
6e+08	1.3e+07	-24.306
7e+08	1.3e+07	-24.796
8e+08	1.3e+07	-25.58
9e+08	1.3e+07	-26.27
1e+09	1.3e+07	-27.074
1.1e+09	1.3e+07	-27.908
1.2e+09	1.3e+07	-28.391
1.3e+09	1.3e+07	-28.97
1.4e+09	1.3e+07	-29.897
1.5e+09	1.3e+07	-30.409
1.6e+09	1.3e+07	-31.2
1.7e+09	1.3e+07	-31.93
1.8e+09	1.3e+07	-32.408
1.9e+09	1.3e+07	-33.11
2e+09	1.3e+07	-33.894
2.1e+09	1.3e+07	-34.781
2.2e+09	1.3e+07	-35.694
2.3e+09	1.3e+07	-36.09
2.4e+09	1.3e+07	-36.486
2.5e+09	1.3e+07	-37.376
2.6e+09	1.3e+07	-38.579
2.7e+09	1.3e+07	-39.003
2.8e+09	1.3e+07	-38.375
2.9e+09	1.3e+07	-38.638
3e+09	1.3e+07	-39.749
3.1e+09	1.3e+07	-40.082
3.2e+09	1.3e+07	-39.552
3.3e+09	1.3e+07	-39.373
3.4e+09	1.3e+07	-40.248
3.5e+09	1.3e+07	-40.38
3.6e+09	1.3e+07	-40.456
3.7e+09	1.3e+07	-41.315
3.8e+09	1.3e+07	-41.859
3.9e+09	1.3e+07	-41.392
4e+09	1.3e+07	-41.764
4.1e+09	1.3e+07	-42.55
4.2e+09	1.3e+07	-42.599
4.3e+09	1.3e+07	-41.988
4.4e+09	1.3e+07	-42.288
4e+08	1.35e+07	-29.093
5e+08	1.35e+07	-28.396
6e+08	1.35e+07	-28.357
7e+08	1.35e+07	-28.9
8e+08	1.35e+07	-29.631
9e+08	1.35e+07	-30.315
1e+09	1.35e+07	-31.113
1.1e+09	1.35e+07	-31.948
1.2e+09	1.35e+07	-32.435
1.3e+09	1.35e+07	-33.015
1.4e+09	1.35e+07	-33.94
1.5e+09	1.35e+07	-34.45
1.6e+09	1.35e+07	-35.253
1.7e+09	1.35e+07	-35.957
1.8e+09	1.35e+07	-36.442
1.9e+09	1.35e+07	-37.128
2e+09	1.35e+07	-37.917
2.1e+09	1.35e+07	-38.812
2.2e+09	1.35e+07	-39.71
2.3e+09	1.35e+07	-40.106
2.4e+09	1.35e+07	-40.503
2.5e+09	1.35e+07	-41.398
2.6e+09	1.35e+07	-42.625
2.7e+09	1.35e+07	-43.029
2.8e+09	1.35e+07	-42.375
2.9e+09	1.35e+07	-42.66
3e+09	1.35e+07	-43.77
3.1e+09	1.35e+07	-44.19
3.2e+09	1.35e+07	-43.577
3.3e+09	1.35e+07	-43.392
3.4e+09	1.35e+07	-44.262
3.5e+09	1.35e+07	-44.401
3.6e+09	1.35e+07	-44.459
3.7e+09	1.35e+07	-45.327
3.8e+09	1.35e+07	-45.847
3.9e+09	1.35e+07	-45.394
4e+09	1.35e+07	-45.773
4.1e+09	1.35e+07	-46.567
4.2e+09	1.35e+07	-46.633
4.3e+09	1.35e+07	-45.98
4.4e+09	1.35e+07	-46.303
4e+08	1.4e+07	-34.294
5e+08	1.4e+07	-33.574
6e+08	1.4e+07	-33.537
7e+08	1.4e+07	-34.081
8e+08	1.4e+07	-34.801
9e+08	1.4e+07	-35.479
1e+09	1.4e+07	-36.283
1.1e+09	1.4e+07	-37.116
1.2e+09	1.4e+07	-37.593
1.3e+09	1.4e+07	-38.168
1.4e+09	1.4e+07	-39.083
1.5e+09	1.4e+07	-39.554
1.6e+09	1.4e+07	-40.42
1.7e+09	1.4e+07	-41.106
1.8e+09	1.4e+07	-41.574
1.9e+09	1.4e+07	-42.269
2e+09	1.4e+07	-43.07
2.1e+09	1.4e+07	-43.949
2.2e+09	1.4e+07	-44.858
2.3e+09	1.4e+07	-45.235
2.4e+09	1.4e+07	-45.617
2.5e+09	1.4e+07	-46.542
2.6e+09	1.4e+07	-47.746
2.7e+09	1.4e+07	-48.157
2.8e+09	1.4e+07	-47.509
2.9e+09	1.4e+07	-47.838
3e+09	1.4e+07	-48.891
3.1e+09	1.4e+07	-49.309
3.2e+09	1.4e+07	-48.684
3.3e+09	1.4e+07	-48.519
3.4e+09	1.4e+07	-49.399
3.5e+09	1.4e+07	-49.546
3.6e+09	1.4e+07	-49.534
3.7e+09	1.4e+07	-50.387
3.8e+09	1.4e+07	-50.965
3.9e+09	1.4e+07	-50.473
4e+09	1.4e+07	-50.865
4.1e+09	1.4e+07	-51.739
4.2e+09	1.4e+07	-51.725
4.3e+09	1.4e+07	-51.072
4.4e+09	1.4e+07	-51.459
4e+08	1.45e+07	-40.912
5e+08	1.45e+07	-40.193
6e+08	1.45e+07	-40.144
7e+08	1.45e+07	-40.661
8e+08	1.45e+07	-41.379
9e+08	1.45e+07	-42.044
1e+09	1.45e+07	-42.855
1.1e+09	1.45e+07	-43.662
1.2e+09	1.45e+07	-44.175
1.3e+09	1.45e+07	-44.728
1.4e+09	1.45e+07	-45.647
1.5e+09	1.45e+07	-46.098
1.6e+09	1.45e+07	-46.969
1.7e+09	1.45e+07	-47.679
1.8e+09	1.45e+07	-48.118
1.9e+09	1.45e+07	-48.845
2e+09	1.45e+07	-49.597
2.1e+09	1.45e+07	-50.467
2.2e+09	1.45e+07	-51.386
2.3e+09	1.45e+07	-51.754
2.4e+09	1.45e+07	-52.144
2.5e+09	1.45e+07	-53.101
2.6e+09	1.45e+07	-54.207
2.7e+09	1.45e+07	-54.655
2.8e+09	1.45e+07	-53.967
2.9e+09	1.45e+07	-54.335
3e+09	1.45e+07	-55.427
3.1e+09	1.45e+07	-55.785
3.2e+09	1.45e+07	-55.145
3.3e+09	1.45e+07	-55.014
3.4e+09	1.45e+07	-55.95
3.5e+09	1.45e+07	-55.992
3.6e+09	1.45e+07	-56.037
3.7e+09	1.45e+07	-56.995
3.8e+09	1.45e+07	-57.56
3.9e+09	1.45e+07	-56.932
4e+09	1.45e+07	-57.406
4.1e+09	1.45e+07	-58.076
4.2e+09	1.45e+07	-58.195
4.3e+09	1.45e+07	-57.643
4.4e+09	1.45e+07	-57.93
4e+08	1.5e+07	-49.44
5e+08	1.5e+07	-48.698
6e+08	1.5e+07	-48.651
7e+08	1.5e+07	-49.146
8e+08	1.5e+07	-49.902
9e+08	1.5e+07	-50.583
1e+09	1.5e+07	-51.356
1.1e+09	1.5e+07	-52.158
1.2e+09	1.5e+07	-52.589
1.3e+09	1.5e+07	-53.211
1.4e+09	1.5e+07	-54.113
1.5e+09	1.5e+07	-54.563
1.6e+09	1.5e+07	-55.429
1.7e+09	1.5e+07	-56.043
1.8e+09	1.5e+07	-56.559
1.9e+09	1.5e+07	-57.32
2e+09	1.5e+07	-58.074
2.1e+09	1.5e+07	-58.937
2.2e+09	1.5e+07	-59.875
2.3e+09	1.5e+07	-60.174
2.4e+09	1.5e+07	-60.622
2.5e+09	1.5e+07	-61.58
2.6e+09	1.5e+07	-62.694
2.7e+09	1.5e+07	-63.003
2.8e+09	1.5e+07	-62.588
2.9e+09	1.5e+07	-62.718
3e+09	1.5e+07	-63.968
3.1e+09	1.5e+07	-64.266
3.2e+09	1.5e+07	-63.528
3.3e+09	1.5e+07	-63.378
3.4e+09	1.5e+07	-64.481
3.5e+09	1.5e+07	-64.391
3.6e+09	1.5e+07	-64.354
3.7e+09	1.5e+07	-65.332
3.8e+09	1.5e+07	-66.033
3.9e+09	1.5e+07	-65.479
4e+09	1.5e+07	-65.73
4.1e+09	1.5e+07	-66.522
4.2e+09	1.5e+07	-66.903
4.3e+09	1.5e+07	-66.004
4.4e+09	1.5e+07	-66.313
4e+08	1.55e+07	-60.983
5e+08	1.55e+07	-60.097
6e+08	1.55e+07	-60.201
7e+08	1.55e+07	-60.582
8e+08	1.55e+07	-61.365
9e+08	1.55e+07	-61.981
1e+09	1.55e+07	-62.759
1.1e+09	1.55e+07	-63.569
1.2e+09	1.55e+07	-63.919
1.3e+09	1.55e+07	-64.57
1.4e+09	1.55e+07	-65.574
1.5e+09	1.55e+07	-65.903
1.6e+09	1.55e+07	-66.739
1.7e+09	1.55e+07	-67.635
1.8e+09	1.55e+07	-67.83
1.9e+09	1.55e+07	-68.697
2e+09	1.55e+07	-69.4
2.1e+09	1.55e+07	-70.306
2.2e+09	1.55e+07	-71.276
2.3e+09	1.55e+07	-71.707
2.4e+09	1.55e+07	-71.987
2.5e+09	1.55e+07	-72.503
2.6e+09	1.55e+07	-75.143
2.7e+09	1.55e+07	-74.875
2.8e+09	1.55e+07	-73.352
2.9e+09	1.55e+07	-73.984
3e+09	1.55e+07	-75.302
3.1e+09	1.55e+07	-75.372
3.2e+09	1.55e+07	-75.065
3.3e+09	1.55e+07	-74.68
3.4e+09	1.55e+07	-75.419
3.5e+09	1.55e+07	-75.704
3.6e+09	1.55e+07	-74.726
3.7e+09	1.55e+07	-75.83
3.8e+09	1.55e+07	-76.766
3.9e+09	1.55e+07	-78.121
4e+09	1.55e+07	-76.005
4.1e+09	1.55e+07	-77.333
4.2e+09	1.55e+07	-76.863
4.3e+09	1.55e+07	-76.138
4.4e+09	1.55e+07	-77.439
4e+08	1.6e+07	-78.586
5e+08	1.6e+07	-78.083
6e+08	1.6e+07	-78.506
7e+08	1.6e+07	-78.65
8e+08	1.6e+07	-79.266
9e+08	1.6e+07	-80.462
1e+09	1.6e+07	-80.854
1.1e+09	1.6e+07	-80.406
1.2e+09	1.6e+07	-81.231
1.3e+09	1.6e+07	-80.271
1.4e+09	1.6e+07	-81.083
1.5e+09	1.6e+07	-82.886
1.6e+09	1.6e+07	-82.846
1.7e+09	1.6e+07	-82.474
1.8e+09	1.6e+07	-82.571
1.9e+09	1.6e+07	-83.467
2e+09	1.6e+07	-83.004
2.1e+09	1.6e+07	-84.094
2.2e+09	1.6e+07	-82.884
2.3e+09	1.6e+07	-83.86
2.4e+09	1.6e+07	-84.216
2.5e+09	1.6e+07	-82.371
2.6e+09	1.6e+07	-84.016
2.7e+09	1.6e+07	-81.773
2.8e+09	1.6e+07	-82.388
2.9e+09	1.6e+07	-82.99
3e+09	1.6e+07	-84.561
3.1e+09	1.6e+07	-83.191
3.2e+09	1.6e+07	-84.062
3.3e+09	1.6e+07	-82.446
3.4e+09	1.6e+07	-82.964
3.5e+09	1.6e+07	-83.911
3.6e+09	1.6e+07	-80.492
3.7e+09	1.6e+07	-80.337
3.8e+09	1.6e+07	-81.043
3.9e+09	1.6e+07	-83.179
4e+09	1.6e+07	-83.652
4.1e+09	1.6e+07	-83.179
4.2e+09	1.6e+07	-82.213
4.3e+09	1.6e+07	-82.377
4.4e+09	1.6e+07	-81.587
4e+08	1.65e+07	-84.153
5e+08	1.65e+07	-82.54
6e+08	1.65e+07	-84.02
7e+08	1.65e+07	-83.673
8e+08	1.65e+07	-84.312
9e+08	1.65e+07	-83.387
1e+09	1.65e+07	-83.226
1.1e+09	1.65e+07	-83.31
1.2e+09	1.65e+07	-83.193
1.3e+09	1.65e+07	-83.874
1.4e+09	1.65e+07	-84.278
1.5e+09	1.65e+07	-83.662
1.6e+09	1.65e+07	-85.151
1.7e+09	1.65e+07	-83.9
1.8e+09	1.65e+07	-84.562
1.9e+09	1.65e+07	-85.26
2e+09	1.65e+07	-85.039
2.1e+09	1.65e+07	-84.01
2.2e+09	1.65e+07	-85.404
2.3e+09	1.65e+07	-84.404
2.4e+09	1.65e+07	-83.719
2.5e+09	1.65e+07	-83.439
2.6e+09	1.65e+07	-83.881
2.7e+09	1.65e+07	-83.532
2.8e+09	1.65e+07	-83.327
2.9e+09	1.65e+07	-83.824
3e+09	1.65e+07	-84.21
3.1e+09	1.65e+07	-83.659
3.2e+09	1.65e+07	-84.406
3.3e+09	1.65e+07	-83.986
3.4e+09	1.65e+07	-83.436
3.5e+09	1.65e+07	-82.285
3.6e+09	1.65e+07	-81.433
3.7e+09	1.65e+07	-81.711
3.8e+09	1.65e+07	-81.094
3.9e+09	1.65e+07	-82.217
4e+09	1.65e+07	-83.609
4.1e+09	1.65e+07	-83.165
4.2e+09	1.65e+07	-82.684
4.3e+09	1.65e+07	-81.852
4.4e+09	1.65e+07	-83.987
4e+08	1.7e+07	-83.541
5e+08	1.7e+07	-83.971
6e+08	1.7e+07	-83
7e+08	1.7e+07	-83.705
8e+08	1.7e+07	-83.791
9e+08	1.7e+07	-83.738
1e+09	1.7e+07	-83.565
1.1e+09	1.7e+07	-84.166
1.2e+09	1.7e+07	-83.166
1.3e+09	1.7e+07	-83.788
1.4e+09	1.7e+07	-83.016
1.5e+09	1.7e+07	-83.559
1.6e+09	1.7e+07	-85.39
1.7e+09	1.7e+07	-83.342
1.8e+09	1.7e+07	-84.473
1.9e+09	1.7e+07	-84.926
2e+09	1.7e+07	-85.213
2.1e+09	1.7e+07	-84.716
2.2e+09	1.7e+07	-84.022
2.3e+09	1.7e+07	-85.081
2.4e+09	1.7e+07	-83.371
2.5e+09	1.7e+07	-84.085
2.6e+09	1.7e+07	-83.658
2.7e+09	1.7e+07	-82.758
2.8e+09	1.7e+07	-83.411
2.9e+09	1.7e+07	-83.512
3e+09	1.7e+07	-83.443
3.1e+09	1.7e+07	-84.942
3.2e+09	1.7e+07	-83.413
3.3e+09	1.7e+07	-84.275
3.4e+09	1.7e+07	-83.454
3.5e+09	1.7e+07	-83.988
3.6e+09	1.7e+07	-81.256
3.7e+09	1.7e+07	-81.165
3.8e+09	1.7e+07	-79.703
3.9e+09	1.7e+07	-82.295
4e+09	1.7e+07	-83.858
4.1e+09	1.7e+07	-83.409
4.2e+09	1.7e+07	-83.041
4.3e+09	1.7e+07	-82.187
4.4e+09	1.7e+07	-83.936
