4e+08	-4e+07	-83.526
5e+08	-4e+07	-83.014
6e+08	-4e+07	-83.453
7e+08	-4e+07	-82.421
8e+08	-4e+07	-83.144
9e+08	-4e+07	-83.531
1e+09	-4e+07	-83.364
1.1e+09	-4e+07	-84.379
1.2e+09	-4e+07	-83.581
1.3e+09	-4e+07	-83.353
1.4e+09	-4e+07	-83.449
1.5e+09	-4e+07	-83.831
1.6e+09	-4e+07	-83.252
1.7e+09	-4e+07	-84.065
1.8e+09	-4e+07	-84.22
1.9e+09	-4e+07	-83.202
2e+09	-4e+07	-84.017
2.1e+09	-4e+07	-85.197
2.2e+09	-4e+07	-84.684
2.3e+09	-4e+07	-85.418
2.4e+09	-4e+07	-82.791
2.5e+09	-4e+07	-83.362
2.6e+09	-4e+07	-83.113
2.7e+09	-4e+07	-85.295
2.8e+09	-4e+07	-83.332
2.9e+09	-4e+07	-83.738
3e+09	-4e+07	-84.231
3.1e+09	-4e+07	-85.615
3.2e+09	-4e+07	-84.201
3.3e+09	-4e+07	-83.399
3.4e+09	-4e+07	-82.938
3.5e+09	-4e+07	-84.047
3.6e+09	-4e+07	-83.454
3.7e+09	-4e+07	-81.116
3.8e+09	-4e+07	-81.675
3.9e+09	-4e+07	-81.167
4e+09	-4e+07	-83.059
4.1e+09	-4e+07	-83.016
4.2e+09	-4e+07	-83.141
4.3e+09	-4e+07	-83.023
4.4e+09	-4e+07	-83.7
4e+08	-3.9e+07	-82.941
5e+08	-3.9e+07	-83.696
6e+08	-3.9e+07	-82.204
7e+08	-3.9e+07	-83.207
8e+08	-3.9e+07	-83.071
9e+08	-3.9e+07	-82.175
1e+09	-3.9e+07	-83.84
1.1e+09	-3.9e+07	-83.415
1.2e+09	-3.9e+07	-82.774
1.3e+09	-3.9e+07	-84.652
1.4e+09	-3.9e+07	-83.855
1.5e+09	-3.9e+07	-82.8
1.6e+09	-3.9e+07	-83.408
1.7e+09	-3.9e+07	-82.988
1.8e+09	-3.9e+07	-84.226
1.9e+09	-3.9e+07	-83.763
2e+09	-3.9e+07	-83.673
2.1e+09	-3.9e+07	-83.711
2.2e+09	-3.9e+07	-85.155
2.3e+09	-3.9e+07	-84.654
2.4e+09	-3.9e+07	-84.607
2.5e+09	-3.9e+07	-85.054
2.6e+09	-3.9e+07	-82.4
2.7e+09	-3.9e+07	-83.974
2.8e+09	-3.9e+07	-83.528
2.9e+09	-3.9e+07	-84.035
3e+09	-3.9e+07	-84.712
3.1e+09	-3.9e+07	-84.326
3.2e+09	-3.9e+07	-83.363
3.3e+09	-3.9e+07	-83.073
3.4e+09	-3.9e+07	-83.524
3.5e+09	-3.9e+07	-83.211
3.6e+09	-3.9e+07	-83.595
3.7e+09	-3.9e+07	-79.355
3.8e+09	-3.9e+07	-80.487
3.9e+09	-3.9e+07	-82.085
4e+09	-3.9e+07	-83.057
4.1e+09	-3.9e+07	-83.835
4.2e+09	-3.9e+07	-82.935
4.3e+09	-3.9e+07	-82.936
4.4e+09	-3.9e+07	-82.111
4e+08	-3.8e+07	-81.229
5e+08	-3.8e+07	-80.702
6e+08	-3.8e+07	-80.228
7e+08	-3.8e+07	-79.376
8e+08	-3.8e+07	-81.016
9e+08	-3.8e+07	-80.962
1e+09	-3.8e+07	-80.751
1.1e+09	-3.8e+07	-80.704
1.2e+09	-3.8e+07	-80.494
1.3e+09	-3.8e+07	-81.823
1.4e+09	-3.8e+07	-82.787
1.5e+09	-3.8e+07	-82.19
1.6e+09	-3.8e+07	-82.385
1.7e+09	-3.8e+07	-82.254
1.8e+09	-3.8e+07	-82.313
1.9e+09	-3.8e+07	-83.665
2e+09	-3.8e+07	-84.788
2.1e+09	-3.8e+07	-82.726
2.2e+09	-3.8e+07	-83.538
2.3e+09	-3.8e+07	-85.31
2.4e+09	-3.8e+07	-83.022
2.5e+09	-3.8e+07	-82.747
2.6e+09	-3.8e+07	-81.734
2.7e+09	-3.8e+07	-83.618
2.8e+09	-3.8e+07	-83.635
2.9e+09	-3.8e+07	-83.312
3e+09	-3.8e+07	-84.479
3.1e+09	-3.8e+07	-84.825
3.2e+09	-3.8e+07	-83.181
3.3e+09	-3.8e+07	-83.351
3.4e+09	-3.8e+07	-83.572
3.5e+09	-3.8e+07	-83.058
3.6e+09	-3.8e+07	-83.033
3.7e+09	-3.8e+07	-81.358
3.8e+09	-3.8e+07	-81.705
3.9e+09	-3.8e+07	-81.2
4e+09	-3.8e+07	-82.663
4.1e+09	-3.8e+07	-83.665
4.2e+09	-3.8e+07	-83.635
4.3e+09	-3.8e+07	-83.345
4.4e+09	-3.8e+07	-82.651
4e+08	-3.7e+07	-77.078
5e+08	-3.7e+07	-76.074
6e+08	-3.7e+07	-75.948
7e+08	-3.7e+07	-75.328
8e+08	-3.7e+07	-76.843
9e+08	-3.7e+07	-76.691
1e+09	-3.7e+07	-77.361
1.1e+09	-3.7e+07	-78.971
1.2e+09	-3.7e+07	-77.551
1.3e+09	-3.7e+07	-79.306
1.4e+09	-3.7e+07	-80.188
1.5e+09	-3.7e+07	-78.939
1.6e+09	-3.7e+07	-80.125
1.7e+09	-3.7e+07	-81
1.8e+09	-3.7e+07	-81.142
1.9e+09	-3.7e+07	-82.063
2e+09	-3.7e+07	-81.498
2.1e+09	-3.7e+07	-81.679
2.2e+09	-3.7e+07	-83.199
2.3e+09	-3.7e+07	-83.421
2.4e+09	-3.7e+07	-83.44
2.5e+09	-3.7e+07	-83.499
2.6e+09	-3.7e+07	-82.349
2.7e+09	-3.7e+07	-83.717
2.8e+09	-3.7e+07	-82.574
2.9e+09	-3.7e+07	-83.307
3e+09	-3.7e+07	-81.536
3.1e+09	-3.7e+07	-81.73
3.2e+09	-3.7e+07	-83.519
3.3e+09	-3.7e+07	-82.606
3.4e+09	-3.7e+07	-82.862
3.5e+09	-3.7e+07	-84.094
3.6e+09	-3.7e+07	-82.851
3.7e+09	-3.7e+07	-80.234
3.8e+09	-3.7e+07	-80.655
3.9e+09	-3.7e+07	-82.344
4e+09	-3.7e+07	-83.085
4.1e+09	-3.7e+07	-83.705
4.2e+09	-3.7e+07	-82.655
4.3e+09	-3.7e+07	-81.799
4.4e+09	-3.7e+07	-82.081
4e+08	-3.6e+07	-72.357
5e+08	-3.6e+07	-71.426
6e+08	-3.6e+07	-70.948
7e+08	-3.6e+07	-70.803
8e+08	-3.6e+07	-71.646
9e+08	-3.6e+07	-72.051
1e+09	-3.6e+07	-72.435
1.1e+09	-3.6e+07	-74.606
1.2e+09	-3.6e+07	-74.425
1.3e+09	-3.6e+07	-74.558
1.4e+09	-3.6e+07	-75.193
1.5e+09	-3.6e+07	-75.454
1.6e+09	-3.6e+07	-76.749
1.7e+09	-3.6e+07	-77.306
1.8e+09	-3.6e+07	-78.482
1.9e+09	-3.6e+07	-78.399
2e+09	-3.6e+07	-79.986
2.1e+09	-3.6e+07	-79.83
2.2e+09	-3.6e+07	-81.165
2.3e+09	-3.6e+07	-80.719
2.4e+09	-3.6e+07	-81.675
2.5e+09	-3.6e+07	-80.741
2.6e+09	-3.6e+07	-80.471
2.7e+09	-3.6e+07	-83.426
2.8e+09	-3.6e+07	-81.73
2.9e+09	-3.6e+07	-82.932
3e+09	-3.6e+07	-81.536
3.1e+09	-3.6e+07	-81.8
3.2e+09	-3.6e+07	-81.686
3.3e+09	-3.6e+07	-82.335
3.4e+09	-3.6e+07	-81.015
3.5e+09	-3.6e+07	-83.331
3.6e+09	-3.6e+07	-81.854
3.7e+09	-3.6e+07	-79.502
3.8e+09	-3.6e+07	-80.405
3.9e+09	-3.6e+07	-80.538
4e+09	-3.6e+07	-81.882
4.1e+09	-3.6e+07	-81.699
4.2e+09	-3.6e+07	-82.429
4.3e+09	-3.6e+07	-81.784
4.4e+09	-3.6e+07	-81.162
4e+08	-3.5e+07	-67.283
5e+08	-3.5e+07	-66.541
6e+08	-3.5e+07	-66.341
7e+08	-3.5e+07	-66.333
8e+08	-3.5e+07	-67.208
9e+08	-3.5e+07	-68.221
1e+09	-3.5e+07	-68.619
1.1e+09	-3.5e+07	-70.109
1.2e+09	-3.5e+07	-70.306
1.3e+09	-3.5e+07	-70.812
1.4e+09	-3.5e+07	-71.772
1.5e+09	-3.5e+07	-71.78
1.6e+09	-3.5e+07	-73.174
1.7e+09	-3.5e+07	-73.773
1.8e+09	-3.5e+07	-73.829
1.9e+09	-3.5e+07	-74.385
2e+09	-3.5e+07	-75.225
2.1e+09	-3.5e+07	-76.179
2.2e+09	-3.5e+07	-77.371
2.3e+09	-3.5e+07	-77.161
2.4e+09	-3.5e+07	-77.501
2.5e+09	-3.5e+07	-78.691
2.6e+09	-3.5e+07	-78.595
2.7e+09	-3.5e+07	-80.111
2.8e+09	-3.5e+07	-79.569
2.9e+09	-3.5e+07	-79.448
3e+09	-3.5e+07	-79.321
3.1e+09	-3.5e+07	-80.973
3.2e+09	-3.5e+07	-80.784
3.3e+09	-3.5e+07	-78.925
3.4e+09	-3.5e+07	-81.707
3.5e+09	-3.5e+07	-80.272
3.6e+09	-3.5e+07	-79.984
3.7e+09	-3.5e+07	-79.77
3.8e+09	-3.5e+07	-79.998
3.9e+09	-3.5e+07	-80.395
4e+09	-3.5e+07	-80.276
4.1e+09	-3.5e+07	-81.655
4.2e+09	-3.5e+07	-81.59
4.3e+09	-3.5e+07	-81.292
4.4e+09	-3.5e+07	-81.692
4e+08	-3.4e+07	-64.344
5e+08	-3.4e+07	-63.116
6e+08	-3.4e+07	-62.561
7e+08	-3.4e+07	-62.82
8e+08	-3.4e+07	-63.463
9e+08	-3.4e+07	-64.088
1e+09	-3.4e+07	-64.977
1.1e+09	-3.4e+07	-66.084
1.2e+09	-3.4e+07	-66.522
1.3e+09	-3.4e+07	-67.108
1.4e+09	-3.4e+07	-67.86
1.5e+09	-3.4e+07	-68.467
1.6e+09	-3.4e+07	-69.226
1.7e+09	-3.4e+07	-69.971
1.8e+09	-3.4e+07	-70.729
1.9e+09	-3.4e+07	-70.635
2e+09	-3.4e+07	-72.045
2.1e+09	-3.4e+07	-72.063
2.2e+09	-3.4e+07	-73.345
2.3e+09	-3.4e+07	-74.107
2.4e+09	-3.4e+07	-74.8
2.5e+09	-3.4e+07	-75.023
2.6e+09	-3.4e+07	-76.045
2.7e+09	-3.4e+07	-77.459
2.8e+09	-3.4e+07	-76.038
2.9e+09	-3.4e+07	-76.467
3e+09	-3.4e+07	-76.746
3.1e+09	-3.4e+07	-78.198
3.2e+09	-3.4e+07	-77.886
3.3e+09	-3.4e+07	-76.336
3.4e+09	-3.4e+07	-77.131
3.5e+09	-3.4e+07	-78.246
3.6e+09	-3.4e+07	-76.375
3.7e+09	-3.4e+07	-78.533
3.8e+09	-3.4e+07	-78.101
3.9e+09	-3.4e+07	-79.128
4e+09	-3.4e+07	-78.268
4.1e+09	-3.4e+07	-79.471
4.2e+09	-3.4e+07	-79.492
4.3e+09	-3.4e+07	-79.23
4.4e+09	-3.4e+07	-79.461
4e+08	-3.3e+07	-60.296
5e+08	-3.3e+07	-59.345
6e+08	-3.3e+07	-59.069
7e+08	-3.3e+07	-59.18
8e+08	-3.3e+07	-59.984
9e+08	-3.3e+07	-60.467
1e+09	-3.3e+07	-61.255
1.1e+09	-3.3e+07	-62.193
1.2e+09	-3.3e+07	-62.647
1.3e+09	-3.3e+07	-63.326
1.4e+09	-3.3e+07	-64.181
1.5e+09	-3.3e+07	-64.574
1.6e+09	-3.3e+07	-65.478
1.7e+09	-3.3e+07	-66.146
1.8e+09	-3.3e+07	-66.524
1.9e+09	-3.3e+07	-67.471
2e+09	-3.3e+07	-68.103
2.1e+09	-3.3e+07	-69.003
2.2e+09	-3.3e+07	-70.096
2.3e+09	-3.3e+07	-70.309
2.4e+09	-3.3e+07	-70.477
2.5e+09	-3.3e+07	-71.468
2.6e+09	-3.3e+07	-72.287
2.7e+09	-3.3e+07	-73.208
2.8e+09	-3.3e+07	-73.882
2.9e+09	-3.3e+07	-72.641
3e+09	-3.3e+07	-73.8
3.1e+09	-3.3e+07	-74.396
3.2e+09	-3.3e+07	-74.171
3.3e+09	-3.3e+07	-73.98
3.4e+09	-3.3e+07	-74.61
3.5e+09	-3.3e+07	-74.882
3.6e+09	-3.3e+07	-74.327
3.7e+09	-3.3e+07	-75.251
3.8e+09	-3.3e+07	-76.027
3.9e+09	-3.3e+07	-75.557
4e+09	-3.3e+07	-76.878
4.1e+09	-3.3e+07	-77.181
4.2e+09	-3.3e+07	-77.077
4.3e+09	-3.3e+07	-76.873
4.4e+09	-3.3e+07	-76.596
4e+08	-3.2e+07	-56.771
5e+08	-3.2e+07	-55.818
6e+08	-3.2e+07	-55.462
7e+08	-3.2e+07	-55.737
8e+08	-3.2e+07	-56.427
9e+08	-3.2e+07	-57.028
1e+09	-3.2e+07	-57.817
1.1e+09	-3.2e+07	-58.746
1.2e+09	-3.2e+07	-59.19
1.3e+09	-3.2e+07	-59.708
1.4e+09	-3.2e+07	-60.681
1.5e+09	-3.2e+07	-61.145
1.6e+09	-3.2e+07	-61.959
1.7e+09	-3.2e+07	-62.753
1.8e+09	-3.2e+07	-63.301
1.9e+09	-3.2e+07	-63.957
2e+09	-3.2e+07	-64.709
2.1e+09	-3.2e+07	-65.502
2.2e+09	-3.2e+07	-66.28
2.3e+09	-3.2e+07	-67.074
2.4e+09	-3.2e+07	-67.386
2.5e+09	-3.2e+07	-67.917
2.6e+09	-3.2e+07	-69.237
2.7e+09	-3.2e+07	-69.844
2.8e+09	-3.2e+07	-69.536
2.9e+09	-3.2e+07	-69.288
3e+09	-3.2e+07	-70.194
3.1e+09	-3.2e+07	-71.348
3.2e+09	-3.2e+07	-70.836
3.3e+09	-3.2e+07	-70.405
3.4e+09	-3.2e+07	-70.891
3.5e+09	-3.2e+07	-71.096
3.6e+09	-3.2e+07	-70.981
3.7e+09	-3.2e+07	-71.536
3.8e+09	-3.2e+07	-72.986
3.9e+09	-3.2e+07	-72.427
4e+09	-3.2e+07	-72.663
4.1e+09	-3.2e+07	-73.065
4.2e+09	-3.2e+07	-73.656
4.3e+09	-3.2e+07	-73.34
4.4e+09	-3.2e+07	-72.911
4e+08	-3.1e+07	-53.412
5e+08	-3.1e+07	-52.368
6e+08	-3.1e+07	-51.944
7e+08	-3.1e+07	-52.356
8e+08	-3.1e+07	-53.011
9e+08	-3.1e+07	-53.691
1e+09	-3.1e+07	-54.488
1.1e+09	-3.1e+07	-55.395
1.2e+09	-3.1e+07	-55.826
1.3e+09	-3.1e+07	-56.343
1.4e+09	-3.1e+07	-57.219
1.5e+09	-3.1e+07	-57.665
1.6e+09	-3.1e+07	-58.636
1.7e+09	-3.1e+07	-59.379
1.8e+09	-3.1e+07	-59.883
1.9e+09	-3.1e+07	-60.629
2e+09	-3.1e+07	-61.313
2.1e+09	-3.1e+07	-62.037
2.2e+09	-3.1e+07	-63.147
2.3e+09	-3.1e+07	-63.696
2.4e+09	-3.1e+07	-64.055
2.5e+09	-3.1e+07	-64.664
2.6e+09	-3.1e+07	-65.754
2.7e+09	-3.1e+07	-66.646
2.8e+09	-3.1e+07	-66.701
2.9e+09	-3.1e+07	-65.771
3e+09	-3.1e+07	-66.992
3.1e+09	-3.1e+07	-68.153
3.2e+09	-3.1e+07	-67.476
3.3e+09	-3.1e+07	-67.068
3.4e+09	-3.1e+07	-67.512
3.5e+09	-3.1e+07	-68.041
3.6e+09	-3.1e+07	-67.954
3.7e+09	-3.1e+07	-68.749
3.8e+09	-3.1e+07	-69.459
3.9e+09	-3.1e+07	-69.227
4e+09	-3.1e+07	-69.207
4.1e+09	-3.1e+07	-70.032
4.2e+09	-3.1e+07	-70.45
4.3e+09	-3.1e+07	-69.696
4.4e+09	-3.1e+07	-69.472
4e+08	-3e+07	-50.017
5e+08	-3e+07	-49.081
6e+08	-3e+07	-48.655
7e+08	-3e+07	-49.039
8e+08	-3e+07	-49.764
9e+08	-3e+07	-50.374
1e+09	-3e+07	-51.193
1.1e+09	-3e+07	-52.154
1.2e+09	-3e+07	-52.537
1.3e+09	-3e+07	-53.226
1.4e+09	-3e+07	-53.868
1.5e+09	-3e+07	-54.487
1.6e+09	-3e+07	-55.345
1.7e+09	-3e+07	-56.108
1.8e+09	-3e+07	-56.766
1.9e+09	-3e+07	-57.307
2e+09	-3e+07	-58.005
2.1e+09	-3e+07	-58.827
2.2e+09	-3e+07	-59.859
2.3e+09	-3e+07	-60.431
2.4e+09	-3e+07	-60.687
2.5e+09	-3e+07	-61.565
2.6e+09	-3e+07	-62.588
2.7e+09	-3e+07	-63.319
2.8e+09	-3e+07	-63.299
2.9e+09	-3e+07	-62.766
3e+09	-3e+07	-63.486
3.1e+09	-3e+07	-64.656
3.2e+09	-3e+07	-64.438
3.3e+09	-3e+07	-63.765
3.4e+09	-3e+07	-64.347
3.5e+09	-3e+07	-64.86
3.6e+09	-3e+07	-64.666
3.7e+09	-3e+07	-65.316
3.8e+09	-3e+07	-66.442
3.9e+09	-3e+07	-65.931
4e+09	-3e+07	-66.049
4.1e+09	-3e+07	-66.719
4.2e+09	-3e+07	-67.459
4.3e+09	-3e+07	-66.604
4.4e+09	-3e+07	-66.626
4e+08	-2.9e+07	-46.776
5e+08	-2.9e+07	-45.902
6e+08	-2.9e+07	-45.311
7e+08	-2.9e+07	-45.847
8e+08	-2.9e+07	-46.532
9e+08	-2.9e+07	-47.218
1e+09	-2.9e+07	-47.989
1.1e+09	-2.9e+07	-48.915
1.2e+09	-2.9e+07	-49.338
1.3e+09	-2.9e+07	-50.045
1.4e+09	-2.9e+07	-50.744
1.5e+09	-2.9e+07	-51.32
1.6e+09	-2.9e+07	-52.171
1.7e+09	-2.9e+07	-52.941
1.8e+09	-2.9e+07	-53.502
1.9e+09	-2.9e+07	-54.158
2e+09	-2.9e+07	-54.939
2.1e+09	-2.9e+07	-55.679
2.2e+09	-2.9e+07	-56.745
2.3e+09	-2.9e+07	-57.208
2.4e+09	-2.9e+07	-57.522
2.5e+09	-2.9e+07	-58.251
2.6e+09	-2.9e+07	-59.417
2.7e+09	-2.9e+07	-60.249
2.8e+09	-2.9e+07	-60.104
2.9e+09	-2.9e+07	-59.546
3e+09	-2.9e+07	-60.614
3.1e+09	-2.9e+07	-61.41
3.2e+09	-2.9e+07	-61.078
3.3e+09	-2.9e+07	-60.444
3.4e+09	-2.9e+07	-61.233
3.5e+09	-2.9e+07	-61.732
3.6e+09	-2.9e+07	-61.715
3.7e+09	-2.9e+07	-62.336
3.8e+09	-2.9e+07	-63.333
3.9e+09	-2.9e+07	-62.884
4e+09	-2.9e+07	-62.996
4.1e+09	-2.9e+07	-63.467
4.2e+09	-2.9e+07	-63.87
4.3e+09	-2.9e+07	-63.338
4.4e+09	-2.9e+07	-63.339
4e+08	-2.8e+07	-43.586
5e+08	-2.8e+07	-42.713
6e+08	-2.8e+07	-42.284
7e+08	-2.8e+07	-42.686
8e+08	-2.8e+07	-43.413
9e+08	-2.8e+07	-44.061
1e+09	-2.8e+07	-44.838
1.1e+09	-2.8e+07	-45.781
1.2e+09	-2.8e+07	-46.209
1.3e+09	-2.8e+07	-46.92
1.4e+09	-2.8e+07	-47.539
1.5e+09	-2.8e+07	-48.179
1.6e+09	-2.8e+07	-49.044
1.7e+09	-2.8e+07	-49.775
1.8e+09	-2.8e+07	-50.376
1.9e+09	-2.8e+07	-51.022
2e+09	-2.8e+07	-51.776
2.1e+09	-2.8e+07	-52.551
2.2e+09	-2.8e+07	-53.394
2.3e+09	-2.8e+07	-54.137
2.4e+09	-2.8e+07	-54.345
2.5e+09	-2.8e+07	-55.179
2.6e+09	-2.8e+07	-56.314
2.7e+09	-2.8e+07	-57.065
2.8e+09	-2.8e+07	-56.938
2.9e+09	-2.8e+07	-56.339
3e+09	-2.8e+07	-57.48
3.1e+09	-2.8e+07	-58.325
3.2e+09	-2.8e+07	-58.014
3.3e+09	-2.8e+07	-57.46
3.4e+09	-2.8e+07	-58.027
3.5e+09	-2.8e+07	-58.618
3.6e+09	-2.8e+07	-58.396
3.7e+09	-2.8e+07	-59.077
3.8e+09	-2.8e+07	-60.069
3.9e+09	-2.8e+07	-59.77
4e+09	-2.8e+07	-59.636
4.1e+09	-2.8e+07	-60.394
4.2e+09	-2.8e+07	-60.99
4.3e+09	-2.8e+07	-60.341
4.4e+09	-2.8e+07	-60.33
4e+08	-2.7e+07	-40.455
5e+08	-2.7e+07	-39.593
6e+08	-2.7e+07	-39.182
7e+08	-2.7e+07	-39.564
8e+08	-2.7e+07	-40.285
9e+08	-2.7e+07	-40.959
1e+09	-2.7e+07	-41.736
1.1e+09	-2.7e+07	-42.67
1.2e+09	-2.7e+07	-43.094
1.3e+09	-2.7e+07	-43.79
1.4e+09	-2.7e+07	-44.302
1.5e+09	-2.7e+07	-45.082
1.6e+09	-2.7e+07	-45.961
1.7e+09	-2.7e+07	-46.68
1.8e+09	-2.7e+07	-47.234
1.9e+09	-2.7e+07	-47.873
2e+09	-2.7e+07	-48.643
2.1e+09	-2.7e+07	-49.404
2.2e+09	-2.7e+07	-50.419
2.3e+09	-2.7e+07	-50.985
2.4e+09	-2.7e+07	-51.237
2.5e+09	-2.7e+07	-52.048
2.6e+09	-2.7e+07	-53.224
2.7e+09	-2.7e+07	-53.958
2.8e+09	-2.7e+07	-53.682
2.9e+09	-2.7e+07	-53.326
3e+09	-2.7e+07	-54.401
3.1e+09	-2.7e+07	-55.282
3.2e+09	-2.7e+07	-54.912
3.3e+09	-2.7e+07	-54.288
3.4e+09	-2.7e+07	-55.025
3.5e+09	-2.7e+07	-55.435
3.6e+09	-2.7e+07	-55.45
3.7e+09	-2.7e+07	-55.893
3.8e+09	-2.7e+07	-56.879
3.9e+09	-2.7e+07	-56.569
4e+09	-2.7e+07	-56.629
4.1e+09	-2.7e+07	-57.322
4.2e+09	-2.7e+07	-57.816
4.3e+09	-2.7e+07	-57.248
4.4e+09	-2.7e+07	-57.094
4e+08	-2.6e+07	-37.353
5e+08	-2.6e+07	-36.485
6e+08	-2.6e+07	-36.082
7e+08	-2.6e+07	-36.464
8e+08	-2.6e+07	-37.205
9e+08	-2.6e+07	-37.872
1e+09	-2.6e+07	-38.641
1.1e+09	-2.6e+07	-39.546
1.2e+09	-2.6e+07	-40.021
1.3e+09	-2.6e+07	-40.707
1.4e+09	-2.6e+07	-41.214
1.5e+09	-2.6e+07	-41.987
1.6e+09	-2.6e+07	-42.862
1.7e+09	-2.6e+07	-43.598
1.8e+09	-2.6e+07	-44.068
1.9e+09	-2.6e+07	-44.81
2e+09	-2.6e+07	-45.543
2.1e+09	-2.6e+07	-46.357
2.2e+09	-2.6e+07	-47.372
2.3e+09	-2.6e+07	-47.903
2.4e+09	-2.6e+07	-48.171
2.5e+09	-2.6e+07	-49.007
2.6e+09	-2.6e+07	-50.121
2.7e+09	-2.6e+07	-50.89
2.8e+09	-2.6e+07	-50.7
2.9e+09	-2.6e+07	-50.24
3e+09	-2.6e+07	-51.322
3.1e+09	-2.6e+07	-52.121
3.2e+09	-2.6e+07	-51.593
3.3e+09	-2.6e+07	-51.23
3.4e+09	-2.6e+07	-51.927
3.5e+09	-2.6e+07	-52.351
3.6e+09	-2.6e+07	-52.336
3.7e+09	-2.6e+07	-52.854
3.8e+09	-2.6e+07	-53.764
3.9e+09	-2.6e+07	-53.459
4e+09	-2.6e+07	-53.485
4.1e+09	-2.6e+07	-54.238
4.2e+09	-2.6e+07	-54.719
4.3e+09	-2.6e+07	-54.075
4.4e+09	-2.6e+07	-54.054
4e+08	-2.5e+07	-34.599
5e+08	-2.5e+07	-33.766
6e+08	-2.5e+07	-33.48
7e+08	-2.5e+07	-33.789
8e+08	-2.5e+07	-34.521
9e+08	-2.5e+07	-35.193
1e+09	-2.5e+07	-35.963
1.1e+09	-2.5e+07	-36.881
1.2e+09	-2.5e+07	-37.315
1.3e+09	-2.5e+07	-38.013
1.4e+09	-2.5e+07	-38.489
1.5e+09	-2.5e+07	-39.294
1.6e+09	-2.5e+07	-40.167
1.7e+09	-2.5e+07	-40.906
1.8e+09	-2.5e+07	-41.366
1.9e+09	-2.5e+07	-42.11
2e+09	-2.5e+07	-42.86
2.1e+09	-2.5e+07	-43.663
2.2e+09	-2.5e+07	-44.677
2.3e+09	-2.5e+07	-45.214
2.4e+09	-2.5e+07	-45.492
2.5e+09	-2.5e+07	-46.315
2.6e+09	-2.5e+07	-47.419
2.7e+09	-2.5e+07	-48.219
2.8e+09	-2.5e+07	-47.986
2.9e+09	-2.5e+07	-47.561
3e+09	-2.5e+07	-48.631
3.1e+09	-2.5e+07	-49.415
3.2e+09	-2.5e+07	-48.914
3.3e+09	-2.5e+07	-48.561
3.4e+09	-2.5e+07	-49.229
3.5e+09	-2.5e+07	-49.669
3.6e+09	-2.5e+07	-49.662
3.7e+09	-2.5e+07	-50.153
3.8e+09	-2.5e+07	-51.095
3.9e+09	-2.5e+07	-50.783
4e+09	-2.5e+07	-50.828
4.1e+09	-2.5e+07	-51.525
4.2e+09	-2.5e+07	-51.96
4.3e+09	-2.5e+07	-51.461
4.4e+09	-2.5e+07	-51.257
4e+08	-2.4e+07	-31.202
5e+08	-2.4e+07	-30.347
6e+08	-2.4e+07	-30.035
7e+08	-2.4e+07	-30.353
8e+08	-2.4e+07	-31.088
9e+08	-2.4e+07	-31.759
1e+09	-2.4e+07	-32.432
1.1e+09	-2.4e+07	-33.449
1.2e+09	-2.4e+07	-33.886
1.3e+09	-2.4e+07	-34.579
1.4e+09	-2.4e+07	-35.052
1.5e+09	-2.4e+07	-35.868
1.6e+09	-2.4e+07	-36.74
1.7e+09	-2.4e+07	-37.415
1.8e+09	-2.4e+07	-37.948
1.9e+09	-2.4e+07	-38.706
2e+09	-2.4e+07	-39.43
2.1e+09	-2.4e+07	-40.241
2.2e+09	-2.4e+07	-41.221
2.3e+09	-2.4e+07	-41.754
2.4e+09	-2.4e+07	-42.089
2.5e+09	-2.4e+07	-42.878
2.6e+09	-2.4e+07	-44.035
2.7e+09	-2.4e+07	-44.759
2.8e+09	-2.4e+07	-44.544
2.9e+09	-2.4e+07	-44.152
3e+09	-2.4e+07	-45.214
3.1e+09	-2.4e+07	-46.025
3.2e+09	-2.4e+07	-45.465
3.3e+09	-2.4e+07	-45.118
3.4e+09	-2.4e+07	-45.819
3.5e+09	-2.4e+07	-46.304
3.6e+09	-2.4e+07	-46.196
3.7e+09	-2.4e+07	-46.769
3.8e+09	-2.4e+07	-47.719
3.9e+09	-2.4e+07	-47.383
4e+09	-2.4e+07	-47.408
4.1e+09	-2.4e+07	-48.131
4.2e+09	-2.4e+07	-48.646
4.3e+09	-2.4e+07	-48.033
4.4e+09	-2.4e+07	-47.921
4e+08	-2.3e+07	-28.213
5e+08	-2.3e+07	-27.364
6e+08	-2.3e+07	-27.063
7e+08	-2.3e+07	-27.385
8e+08	-2.3e+07	-28.12
9e+08	-2.3e+07	-28.79
1e+09	-2.3e+07	-29.459
1.1e+09	-2.3e+07	-30.469
1.2e+09	-2.3e+07	-30.919
1.3e+09	-2.3e+07	-31.6
1.4e+09	-2.3e+07	-32.086
1.5e+09	-2.3e+07	-32.9
1.6e+09	-2.3e+07	-33.781
1.7e+09	-2.3e+07	-34.44
1.8e+09	-2.3e+07	-34.975
1.9e+09	-2.3e+07	-35.715
2e+09	-2.3e+07	-36.456
2.1e+09	-2.3e+07	-37.265
2.2e+09	-2.3e+07	-38.249
2.3e+09	-2.3e+07	-38.777
2.4e+09	-2.3e+07	-39.103
2.5e+09	-2.3e+07	-39.916
2.6e+09	-2.3e+07	-41.052
2.7e+09	-2.3e+07	-41.79
2.8e+09	-2.3e+07	-41.555
2.9e+09	-2.3e+07	-41.138
3e+09	-2.3e+07	-42.242
3.1e+09	-2.3e+07	-43.046
3.2e+09	-2.3e+07	-42.469
3.3e+09	-2.3e+07	-42.15
3.4e+09	-2.3e+07	-42.826
3.5e+09	-2.3e+07	-43.259
3.6e+09	-2.3e+07	-43.184
3.7e+09	-2.3e+07	-43.801
3.8e+09	-2.3e+07	-44.732
3.9e+09	-2.3e+07	-44.385
4e+09	-2.3e+07	-44.415
4.1e+09	-2.3e+07	-45.167
4.2e+09	-2.3e+07	-45.629
4.3e+09	-2.3e+07	-45.048
4.4e+09	-2.3e+07	-44.944
4e+08	-2.2e+07	-25.393
5e+08	-2.2e+07	-24.54
6e+08	-2.2e+07	-24.243
7e+08	-2.2e+07	-24.571
8e+08	-2.2e+07	-25.309
9e+08	-2.2e+07	-25.984
1e+09	-2.2e+07	-26.647
1.1e+09	-2.2e+07	-27.663
1.2e+09	-2.2e+07	-28.116
1.3e+09	-2.2e+07	-28.792
1.4e+09	-2.2e+07	-29.274
1.5e+09	-2.2e+07	-30.083
1.6e+09	-2.2e+07	-30.968
1.7e+09	-2.2e+07	-31.632
1.8e+09	-2.2e+07	-32.155
1.9e+09	-2.2e+07	-32.905
2e+09	-2.2e+07	-33.641
2.1e+09	-2.2e+07	-34.465
2.2e+09	-2.2e+07	-35.437
2.3e+09	-2.2e+07	-35.959
2.4e+09	-2.2e+07	-36.287
2.5e+09	-2.2e+07	-37.103
2.6e+09	-2.2e+07	-38.232
2.7e+09	-2.2e+07	-38.972
2.8e+09	-2.2e+07	-38.72
2.9e+09	-2.2e+07	-38.322
3e+09	-2.2e+07	-39.422
3.1e+09	-2.2e+07	-40.205
3.2e+09	-2.2e+07	-39.639
3.3e+09	-2.2e+07	-39.318
3.4e+09	-2.2e+07	-40.019
3.5e+09	-2.2e+07	-40.454
3.6e+09	-2.2e+07	-40.328
3.7e+09	-2.2e+07	-40.962
3.8e+09	-2.2e+07	-41.904
3.9e+09	-2.2e+07	-41.568
4e+09	-2.2e+07	-41.576
4.1e+09	-2.2e+07	-42.342
4.2e+09	-2.2e+07	-42.812
4.3e+09	-2.2e+07	-42.205
4.4e+09	-2.2e+07	-42.139
4e+08	-2.1e+07	-22.886
5e+08	-2.1e+07	-22.033
6e+08	-2.1e+07	-21.745
7e+08	-2.1e+07	-22.078
8e+08	-2.1e+07	-22.815
9e+08	-2.1e+07	-23.488
1e+09	-2.1e+07	-24.151
1.1e+09	-2.1e+07	-25.162
1.2e+09	-2.1e+07	-25.621
1.3e+09	-2.1e+07	-26.296
1.4e+09	-2.1e+07	-26.783
1.5e+09	-2.1e+07	-27.593
1.6e+09	-2.1e+07	-28.486
1.7e+09	-2.1e+07	-29.139
1.8e+09	-2.1e+07	-29.602
1.9e+09	-2.1e+07	-30.412
2e+09	-2.1e+07	-31.14
2.1e+09	-2.1e+07	-31.967
2.2e+09	-2.1e+07	-32.932
2.3e+09	-2.1e+07	-33.445
2.4e+09	-2.1e+07	-33.779
2.5e+09	-2.1e+07	-34.6
2.6e+09	-2.1e+07	-35.728
2.7e+09	-2.1e+07	-36.453
2.8e+09	-2.1e+07	-36.196
2.9e+09	-2.1e+07	-35.807
3e+09	-2.1e+07	-36.913
3.1e+09	-2.1e+07	-37.71
3.2e+09	-2.1e+07	-37.321
3.3e+09	-2.1e+07	-36.821
3.4e+09	-2.1e+07	-37.499
3.5e+09	-2.1e+07	-37.935
3.6e+09	-2.1e+07	-37.794
3.7e+09	-2.1e+07	-38.453
3.8e+09	-2.1e+07	-39.403
3.9e+09	-2.1e+07	-39.057
4e+09	-2.1e+07	-39.06
4.1e+09	-2.1e+07	-39.837
4.2e+09	-2.1e+07	-40.292
4.3e+09	-2.1e+07	-39.698
4.4e+09	-2.1e+07	-39.594
4e+08	-2e+07	-20.865
5e+08	-2e+07	-20.009
6e+08	-2e+07	-19.727
7e+08	-2e+07	-20.065
8e+08	-2e+07	-20.804
9e+08	-2e+07	-21.476
1e+09	-2e+07	-22.138
1.1e+09	-2e+07	-23.145
1.2e+09	-2e+07	-23.608
1.3e+09	-2e+07	-24.274
1.4e+09	-2e+07	-24.767
1.5e+09	-2e+07	-25.578
1.6e+09	-2e+07	-26.428
1.7e+09	-2e+07	-27.124
1.8e+09	-2e+07	-27.636
1.9e+09	-2e+07	-28.398
2e+09	-2e+07	-29.125
2.1e+09	-2e+07	-29.956
2.2e+09	-2e+07	-30.911
2.3e+09	-2e+07	-31.411
2.4e+09	-2e+07	-31.754
2.5e+09	-2e+07	-32.578
2.6e+09	-2e+07	-33.722
2.7e+09	-2e+07	-34.43
2.8e+09	-2e+07	-34.153
2.9e+09	-2e+07	-33.794
3e+09	-2e+07	-34.899
3.1e+09	-2e+07	-35.678
3.2e+09	-2e+07	-35.266
3.3e+09	-2e+07	-34.791
3.4e+09	-2e+07	-35.493
3.5e+09	-2e+07	-35.895
3.6e+09	-2e+07	-35.721
3.7e+09	-2e+07	-36.42
3.8e+09	-2e+07	-37.359
3.9e+09	-2e+07	-37.024
4e+09	-2e+07	-37.041
4.1e+09	-2e+07	-37.823
4.2e+09	-2e+07	-38.252
4.3e+09	-2e+07	-37.643
4.4e+09	-2e+07	-37.54
4e+08	-1.9e+07	-19.436
5e+08	-1.9e+07	-18.577
6e+08	-1.9e+07	-18.302
7e+08	-1.9e+07	-18.643
8e+08	-1.9e+07	-19.381
9e+08	-1.9e+07	-20.052
1e+09	-1.9e+07	-20.669
1.1e+09	-1.9e+07	-21.715
1.2e+09	-1.9e+07	-22.183
1.3e+09	-1.9e+07	-22.845
1.4e+09	-1.9e+07	-23.339
1.5e+09	-1.9e+07	-24.145
1.6e+09	-1.9e+07	-24.999
1.7e+09	-1.9e+07	-25.694
1.8e+09	-1.9e+07	-26.203
1.9e+09	-1.9e+07	-26.964
2e+09	-1.9e+07	-27.688
2.1e+09	-1.9e+07	-28.532
2.2e+09	-1.9e+07	-29.476
2.3e+09	-1.9e+07	-29.972
2.4e+09	-1.9e+07	-30.319
2.5e+09	-1.9e+07	-31.145
2.6e+09	-1.9e+07	-32.283
2.7e+09	-1.9e+07	-32.981
2.8e+09	-1.9e+07	-32.695
2.9e+09	-1.9e+07	-32.348
3e+09	-1.9e+07	-33.473
3.1e+09	-1.9e+07	-34.248
3.2e+09	-1.9e+07	-33.815
3.3e+09	-1.9e+07	-33.352
3.4e+09	-1.9e+07	-34.047
3.5e+09	-1.9e+07	-34.448
3.6e+09	-1.9e+07	-34.246
3.7e+09	-1.9e+07	-34.962
3.8e+09	-1.9e+07	-35.904
3.9e+09	-1.9e+07	-35.574
4e+09	-1.9e+07	-35.599
4.1e+09	-1.9e+07	-36.378
4.2e+09	-1.9e+07	-36.799
4.3e+09	-1.9e+07	-36.18
4.4e+09	-1.9e+07	-36.113
4e+08	-1.8e+07	-18.494
5e+08	-1.8e+07	-17.628
6e+08	-1.8e+07	-17.361
7e+08	-1.8e+07	-17.707
8e+08	-1.8e+07	-18.446
9e+08	-1.8e+07	-19.117
1e+09	-1.8e+07	-19.773
1.1e+09	-1.8e+07	-20.774
1.2e+09	-1.8e+07	-21.244
1.3e+09	-1.8e+07	-21.9
1.4e+09	-1.8e+07	-22.434
1.5e+09	-1.8e+07	-23.202
1.6e+09	-1.8e+07	-24.061
1.7e+09	-1.8e+07	-24.749
1.8e+09	-1.8e+07	-25.257
1.9e+09	-1.8e+07	-26.019
2e+09	-1.8e+07	-26.743
2.1e+09	-1.8e+07	-27.588
2.2e+09	-1.8e+07	-28.533
2.3e+09	-1.8e+07	-29.003
2.4e+09	-1.8e+07	-29.369
2.5e+09	-1.8e+07	-30.198
2.6e+09	-1.8e+07	-31.338
2.7e+09	-1.8e+07	-32.029
2.8e+09	-1.8e+07	-31.727
2.9e+09	-1.8e+07	-31.392
3e+09	-1.8e+07	-32.531
3.1e+09	-1.8e+07	-33.281
3.2e+09	-1.8e+07	-32.838
3.3e+09	-1.8e+07	-32.403
3.4e+09	-1.8e+07	-33.1
3.5e+09	-1.8e+07	-33.483
3.6e+09	-1.8e+07	-33.261
3.7e+09	-1.8e+07	-34.024
3.8e+09	-1.8e+07	-34.953
3.9e+09	-1.8e+07	-34.619
4e+09	-1.8e+07	-34.644
4.1e+09	-1.8e+07	-35.419
4.2e+09	-1.8e+07	-35.838
4.3e+09	-1.8e+07	-35.208
4.4e+09	-1.8e+07	-35.145
4e+08	-1.7e+07	-17.875
5e+08	-1.7e+07	-17.003
6e+08	-1.7e+07	-16.748
7e+08	-1.7e+07	-17.098
8e+08	-1.7e+07	-17.835
9e+08	-1.7e+07	-18.505
1e+09	-1.7e+07	-19.164
1.1e+09	-1.7e+07	-20.159
1.2e+09	-1.7e+07	-20.631
1.3e+09	-1.7e+07	-21.284
1.4e+09	-1.7e+07	-21.866
1.5e+09	-1.7e+07	-22.567
1.6e+09	-1.7e+07	-23.492
1.7e+09	-1.7e+07	-24.135
1.8e+09	-1.7e+07	-24.752
1.9e+09	-1.7e+07	-25.402
2e+09	-1.7e+07	-26.123
2.1e+09	-1.7e+07	-26.975
2.2e+09	-1.7e+07	-27.913
2.3e+09	-1.7e+07	-28.382
2.4e+09	-1.7e+07	-28.749
2.5e+09	-1.7e+07	-29.579
2.6e+09	-1.7e+07	-30.724
2.7e+09	-1.7e+07	-31.402
2.8e+09	-1.7e+07	-31.086
2.9e+09	-1.7e+07	-30.771
3e+09	-1.7e+07	-31.913
3.1e+09	-1.7e+07	-32.656
3.2e+09	-1.7e+07	-32.199
3.3e+09	-1.7e+07	-31.784
3.4e+09	-1.7e+07	-32.47
3.5e+09	-1.7e+07	-32.844
3.6e+09	-1.7e+07	-32.574
3.7e+09	-1.7e+07	-33.403
3.8e+09	-1.7e+07	-34.328
3.9e+09	-1.7e+07	-33.986
4e+09	-1.7e+07	-34.009
4.1e+09	-1.7e+07	-34.798
4.2e+09	-1.7e+07	-35.207
4.3e+09	-1.7e+07	-34.584
4.4e+09	-1.7e+07	-34.515
4e+08	-1.6e+07	-17.432
5e+08	-1.6e+07	-16.562
6e+08	-1.6e+07	-16.31
7e+08	-1.6e+07	-16.666
8e+08	-1.6e+07	-17.403
9e+08	-1.6e+07	-18.072
1e+09	-1.6e+07	-18.729
1.1e+09	-1.6e+07	-19.724
1.2e+09	-1.6e+07	-20.194
1.3e+09	-1.6e+07	-20.842
1.4e+09	-1.6e+07	-21.426
1.5e+09	-1.6e+07	-22.138
1.6e+09	-1.6e+07	-23.053
1.7e+09	-1.6e+07	-23.698
1.8e+09	-1.6e+07	-24.306
1.9e+09	-1.6e+07	-24.964
2e+09	-1.6e+07	-25.679
2.1e+09	-1.6e+07	-26.539
2.2e+09	-1.6e+07	-27.467
2.3e+09	-1.6e+07	-27.927
2.4e+09	-1.6e+07	-28.155
2.5e+09	-1.6e+07	-29.138
2.6e+09	-1.6e+07	-30.284
2.7e+09	-1.6e+07	-30.954
2.8e+09	-1.6e+07	-30.624
2.9e+09	-1.6e+07	-30.323
3e+09	-1.6e+07	-31.475
3.1e+09	-1.6e+07	-32.209
3.2e+09	-1.6e+07	-31.735
3.3e+09	-1.6e+07	-31.329
3.4e+09	-1.6e+07	-32.026
3.5e+09	-1.6e+07	-32.392
3.6e+09	-1.6e+07	-32.107
3.7e+09	-1.6e+07	-32.952
3.8e+09	-1.6e+07	-33.879
3.9e+09	-1.6e+07	-33.525
4e+09	-1.6e+07	-33.566
4.1e+09	-1.6e+07	-34.356
4.2e+09	-1.6e+07	-34.757
4.3e+09	-1.6e+07	-34.125
4.4e+09	-1.6e+07	-34.043
4e+08	-1.5e+07	-17.069
5e+08	-1.5e+07	-16.198
6e+08	-1.5e+07	-15.954
7e+08	-1.5e+07	-16.312
8e+08	-1.5e+07	-17.049
9e+08	-1.5e+07	-17.717
1e+09	-1.5e+07	-18.376
1.1e+09	-1.5e+07	-19.367
1.2e+09	-1.5e+07	-19.835
1.3e+09	-1.5e+07	-20.482
1.4e+09	-1.5e+07	-21.068
1.5e+09	-1.5e+07	-21.791
1.6e+09	-1.5e+07	-22.696
1.7e+09	-1.5e+07	-23.342
1.8e+09	-1.5e+07	-23.943
1.9e+09	-1.5e+07	-24.602
2e+09	-1.5e+07	-25.316
2.1e+09	-1.5e+07	-26.178
2.2e+09	-1.5e+07	-27.106
2.3e+09	-1.5e+07	-27.547
2.4e+09	-1.5e+07	-27.892
2.5e+09	-1.5e+07	-28.751
2.6e+09	-1.5e+07	-29.927
2.7e+09	-1.5e+07	-30.579
2.8e+09	-1.5e+07	-30.239
2.9e+09	-1.5e+07	-29.959
3e+09	-1.5e+07	-31.114
3.1e+09	-1.5e+07	-31.837
3.2e+09	-1.5e+07	-31.357
3.3e+09	-1.5e+07	-30.967
3.4e+09	-1.5e+07	-31.663
3.5e+09	-1.5e+07	-32.018
3.6e+09	-1.5e+07	-31.704
3.7e+09	-1.5e+07	-32.592
3.8e+09	-1.5e+07	-33.498
3.9e+09	-1.5e+07	-33.158
4e+09	-1.5e+07	-33.2
4.1e+09	-1.5e+07	-33.989
4.2e+09	-1.5e+07	-34.385
4.3e+09	-1.5e+07	-33.753
4.4e+09	-1.5e+07	-33.696
4e+08	-1.4e+07	-16.768
5e+08	-1.4e+07	-15.898
6e+08	-1.4e+07	-15.66
7e+08	-1.4e+07	-16.022
8e+08	-1.4e+07	-16.757
9e+08	-1.4e+07	-17.425
1e+09	-1.4e+07	-18.172
1.1e+09	-1.4e+07	-19.074
1.2e+09	-1.4e+07	-19.543
1.3e+09	-1.4e+07	-20.186
1.4e+09	-1.4e+07	-20.772
1.5e+09	-1.4e+07	-21.495
1.6e+09	-1.4e+07	-22.377
1.7e+09	-1.4e+07	-23.045
1.8e+09	-1.4e+07	-23.641
1.9e+09	-1.4e+07	-24.305
2e+09	-1.4e+07	-24.996
2.1e+09	-1.4e+07	-25.888
2.2e+09	-1.4e+07	-26.806
2.3e+09	-1.4e+07	-27.236
2.4e+09	-1.4e+07	-27.593
2.5e+09	-1.4e+07	-28.474
2.6e+09	-1.4e+07	-29.629
2.7e+09	-1.4e+07	-30.275
2.8e+09	-1.4e+07	-29.92
2.9e+09	-1.4e+07	-29.648
3e+09	-1.4e+07	-30.813
3.1e+09	-1.4e+07	-31.538
3.2e+09	-1.4e+07	-31.033
3.3e+09	-1.4e+07	-30.669
3.4e+09	-1.4e+07	-31.36
3.5e+09	-1.4e+07	-31.705
3.6e+09	-1.4e+07	-31.366
3.7e+09	-1.4e+07	-32.294
3.8e+09	-1.4e+07	-33.191
3.9e+09	-1.4e+07	-32.846
4e+09	-1.4e+07	-32.896
4.1e+09	-1.4e+07	-33.683
4.2e+09	-1.4e+07	-34.071
4.3e+09	-1.4e+07	-33.435
4.4e+09	-1.4e+07	-33.386
4e+08	-1.3e+07	-16.499
5e+08	-1.3e+07	-15.627
6e+08	-1.3e+07	-15.394
7e+08	-1.3e+07	-15.762
8e+08	-1.3e+07	-16.495
9e+08	-1.3e+07	-17.164
1e+09	-1.3e+07	-17.82
1.1e+09	-1.3e+07	-18.81
1.2e+09	-1.3e+07	-19.279
1.3e+09	-1.3e+07	-19.917
1.4e+09	-1.3e+07	-20.506
1.5e+09	-1.3e+07	-21.228
1.6e+09	-1.3e+07	-22.133
1.7e+09	-1.3e+07	-22.782
1.8e+09	-1.3e+07	-23.37
1.9e+09	-1.3e+07	-24.039
2e+09	-1.3e+07	-24.746
2.1e+09	-1.3e+07	-25.621
2.2e+09	-1.3e+07	-26.535
2.3e+09	-1.3e+07	-26.954
2.4e+09	-1.3e+07	-27.347
2.5e+09	-1.3e+07	-28.205
2.6e+09	-1.3e+07	-29.366
2.7e+09	-1.3e+07	-30.002
2.8e+09	-1.3e+07	-29.626
2.9e+09	-1.3e+07	-29.374
3e+09	-1.3e+07	-30.552
3.1e+09	-1.3e+07	-31.26
3.2e+09	-1.3e+07	-30.745
3.3e+09	-1.3e+07	-30.394
3.4e+09	-1.3e+07	-31.088
3.5e+09	-1.3e+07	-31.427
3.6e+09	-1.3e+07	-31.046
3.7e+09	-1.3e+07	-32.018
3.8e+09	-1.3e+07	-32.912
3.9e+09	-1.3e+07	-32.571
4e+09	-1.3e+07	-32.625
4.1e+09	-1.3e+07	-33.411
4.2e+09	-1.3e+07	-33.788
4.3e+09	-1.3e+07	-33.154
4.4e+09	-1.3e+07	-33.115
4e+08	-1.2e+07	-16.265
5e+08	-1.2e+07	-15.396
6e+08	-1.2e+07	-15.168
7e+08	-1.2e+07	-15.541
8e+08	-1.2e+07	-16.27
9e+08	-1.2e+07	-16.939
1e+09	-1.2e+07	-17.595
1.1e+09	-1.2e+07	-18.582
1.2e+09	-1.2e+07	-19.051
1.3e+09	-1.2e+07	-19.688
1.4e+09	-1.2e+07	-20.268
1.5e+09	-1.2e+07	-21
1.6e+09	-1.2e+07	-21.905
1.7e+09	-1.2e+07	-22.556
1.8e+09	-1.2e+07	-23.135
1.9e+09	-1.2e+07	-23.809
2e+09	-1.2e+07	-24.513
2.1e+09	-1.2e+07	-25.393
2.2e+09	-1.2e+07	-26.305
2.3e+09	-1.2e+07	-26.707
2.4e+09	-1.2e+07	-27.14
2.5e+09	-1.2e+07	-27.974
2.6e+09	-1.2e+07	-29.14
2.7e+09	-1.2e+07	-29.762
2.8e+09	-1.2e+07	-29.376
2.9e+09	-1.2e+07	-29.144
3e+09	-1.2e+07	-30.324
3.1e+09	-1.2e+07	-31.021
3.2e+09	-1.2e+07	-30.494
3.3e+09	-1.2e+07	-30.156
3.4e+09	-1.2e+07	-30.858
3.5e+09	-1.2e+07	-31.177
3.6e+09	-1.2e+07	-30.774
3.7e+09	-1.2e+07	-31.786
3.8e+09	-1.2e+07	-32.666
3.9e+09	-1.2e+07	-32.326
4e+09	-1.2e+07	-32.387
4.1e+09	-1.2e+07	-33.176
4.2e+09	-1.2e+07	-33.548
4.3e+09	-1.2e+07	-32.906
4.4e+09	-1.2e+07	-32.883
4e+08	-1.1e+07	-16.073
5e+08	-1.1e+07	-15.206
6e+08	-1.1e+07	-14.982
7e+08	-1.1e+07	-15.361
8e+08	-1.1e+07	-16.079
9e+08	-1.1e+07	-16.755
1e+09	-1.1e+07	-17.413
1.1e+09	-1.1e+07	-18.398
1.2e+09	-1.1e+07	-18.865
1.3e+09	-1.1e+07	-19.498
1.4e+09	-1.1e+07	-20.092
1.5e+09	-1.1e+07	-20.814
1.6e+09	-1.1e+07	-21.718
1.7e+09	-1.1e+07	-22.371
1.8e+09	-1.1e+07	-22.944
1.9e+09	-1.1e+07	-23.623
2e+09	-1.1e+07	-24.326
2.1e+09	-1.1e+07	-25.209
2.2e+09	-1.1e+07	-26.116
2.3e+09	-1.1e+07	-26.511
2.4e+09	-1.1e+07	-26.948
2.5e+09	-1.1e+07	-27.784
2.6e+09	-1.1e+07	-28.955
2.7e+09	-1.1e+07	-29.573
2.8e+09	-1.1e+07	-29.163
2.9e+09	-1.1e+07	-28.957
3e+09	-1.1e+07	-30.14
3.1e+09	-1.1e+07	-30.825
3.2e+09	-1.1e+07	-30.285
3.3e+09	-1.1e+07	-29.967
3.4e+09	-1.1e+07	-30.664
3.5e+09	-1.1e+07	-30.975
3.6e+09	-1.1e+07	-31.455
3.7e+09	-1.1e+07	-31.606
3.8e+09	-1.1e+07	-32.464
3.9e+09	-1.1e+07	-32.125
4e+09	-1.1e+07	-32.201
4.1e+09	-1.1e+07	-32.978
4.2e+09	-1.1e+07	-33.348
4.3e+09	-1.1e+07	-32.699
4.4e+09	-1.1e+07	-32.687
4e+08	-1e+07	-15.916
5e+08	-1e+07	-15.05
6e+08	-1e+07	-14.831
7e+08	-1e+07	-15.215
8e+08	-1e+07	-15.92
9e+08	-1e+07	-16.609
1e+09	-1e+07	-17.266
1.1e+09	-1e+07	-18.25
1.2e+09	-1e+07	-18.715
1.3e+09	-1e+07	-19.345
1.4e+09	-1e+07	-19.939
1.5e+09	-1e+07	-20.663
1.6e+09	-1e+07	-21.57
1.7e+09	-1e+07	-22.12
1.8e+09	-1e+07	-22.789
1.9e+09	-1e+07	-23.471
2e+09	-1e+07	-24.172
2.1e+09	-1e+07	-25.059
2.2e+09	-1e+07	-25.962
2.3e+09	-1e+07	-26.352
2.4e+09	-1e+07	-26.793
2.5e+09	-1e+07	-27.629
2.6e+09	-1e+07	-28.807
2.7e+09	-1e+07	-29.415
2.8e+09	-1e+07	-28.99
2.9e+09	-1e+07	-28.8
3e+09	-1e+07	-29.989
3.1e+09	-1e+07	-30.659
3.2e+09	-1e+07	-30.117
3.3e+09	-1e+07	-29.807
3.4e+09	-1e+07	-30.51
3.5e+09	-1e+07	-30.814
3.6e+09	-1e+07	-31.318
3.7e+09	-1e+07	-31.454
3.8e+09	-1e+07	-32.299
3.9e+09	-1e+07	-31.962
4e+09	-1e+07	-32.049
4.1e+09	-1e+07	-32.826
4.2e+09	-1e+07	-33.183
4.3e+09	-1e+07	-32.534
4.4e+09	-1e+07	-32.531
4e+08	-9e+06	-15.807
5e+08	-9e+06	-14.945
6e+08	-9e+06	-14.732
7e+08	-9e+06	-15.121
8e+08	-9e+06	-15.843
9e+08	-9e+06	-16.513
1e+09	-9e+06	-17.259
1.1e+09	-9e+06	-18.153
1.2e+09	-9e+06	-18.616
1.3e+09	-9e+06	-19.244
1.4e+09	-9e+06	-19.84
1.5e+09	-9e+06	-20.565
1.6e+09	-9e+06	-21.471
1.7e+09	-9e+06	-22.122
1.8e+09	-9e+06	-22.685
1.9e+09	-9e+06	-23.375
2e+09	-9e+06	-24.073
2.1e+09	-9e+06	-24.963
2.2e+09	-9e+06	-25.865
2.3e+09	-9e+06	-26.253
2.4e+09	-9e+06	-26.691
2.5e+09	-9e+06	-27.529
2.6e+09	-9e+06	-28.709
2.7e+09	-9e+06	-29.31
2.8e+09	-9e+06	-28.871
2.9e+09	-9e+06	-28.7
3e+09	-9e+06	-29.894
3.1e+09	-9e+06	-30.559
3.2e+09	-9e+06	-29.999
3.3e+09	-9e+06	-29.708
3.4e+09	-9e+06	-30.408
3.5e+09	-9e+06	-30.694
3.6e+09	-9e+06	-31.175
3.7e+09	-9e+06	-31.353
3.8e+09	-9e+06	-32.188
3.9e+09	-9e+06	-31.849
4e+09	-9e+06	-31.948
4.1e+09	-9e+06	-32.725
4.2e+09	-9e+06	-33.073
4.3e+09	-9e+06	-32.42
4.4e+09	-9e+06	-32.42
4e+08	-8e+06	-15.723
5e+08	-8e+06	-14.865
6e+08	-8e+06	-14.592
7e+08	-8e+06	-15.053
8e+08	-8e+06	-15.775
9e+08	-8e+06	-16.442
1e+09	-8e+06	-17.188
1.1e+09	-8e+06	-18.083
1.2e+09	-8e+06	-18.545
1.3e+09	-8e+06	-19.17
1.4e+09	-8e+06	-19.766
1.5e+09	-8e+06	-20.495
1.6e+09	-8e+06	-21.398
1.7e+09	-8e+06	-22.05
1.8e+09	-8e+06	-22.605
1.9e+09	-8e+06	-23.304
2e+09	-8e+06	-23.996
2.1e+09	-8e+06	-24.892
2.2e+09	-8e+06	-25.791
2.3e+09	-8e+06	-26.19
2.4e+09	-8e+06	-26.623
2.5e+09	-8e+06	-27.456
2.6e+09	-8e+06	-28.638
2.7e+09	-8e+06	-29.23
2.8e+09	-8e+06	-28.779
2.9e+09	-8e+06	-28.632
3e+09	-8e+06	-29.822
3.1e+09	-8e+06	-30.481
3.2e+09	-8e+06	-29.912
3.3e+09	-8e+06	-29.628
3.4e+09	-8e+06	-30.335
3.5e+09	-8e+06	-30.617
3.6e+09	-8e+06	-31.004
3.7e+09	-8e+06	-31.284
3.8e+09	-8e+06	-32.109
3.9e+09	-8e+06	-31.762
4e+09	-8e+06	-31.878
4.1e+09	-8e+06	-32.652
4.2e+09	-8e+06	-32.986
4.3e+09	-8e+06	-32.337
4.4e+09	-8e+06	-32.341
4e+08	-7e+06	-15.661
5e+08	-7e+06	-14.809
6e+08	-7e+06	-14.542
7e+08	-7e+06	-15.009
8e+08	-7e+06	-15.729
9e+08	-7e+06	-16.398
1e+09	-7e+06	-17.144
1.1e+09	-7e+06	-18.038
1.2e+09	-7e+06	-18.499
1.3e+09	-7e+06	-19.123
1.4e+09	-7e+06	-19.72
1.5e+09	-7e+06	-20.449
1.6e+09	-7e+06	-21.353
1.7e+09	-7e+06	-22.006
1.8e+09	-7e+06	-22.536
1.9e+09	-7e+06	-23.196
2e+09	-7e+06	-23.95
2.1e+09	-7e+06	-24.846
2.2e+09	-7e+06	-25.746
2.3e+09	-7e+06	-26.155
2.4e+09	-7e+06	-26.574
2.5e+09	-7e+06	-27.408
2.6e+09	-7e+06	-28.597
2.7e+09	-7e+06	-29.18
2.8e+09	-7e+06	-28.714
2.9e+09	-7e+06	-28.585
3e+09	-7e+06	-29.782
3.1e+09	-7e+06	-30.428
3.2e+09	-7e+06	-29.85
3.3e+09	-7e+06	-29.579
3.4e+09	-7e+06	-30.289
3.5e+09	-7e+06	-30.56
3.6e+09	-7e+06	-30.963
3.7e+09	-7e+06	-31.242
3.8e+09	-7e+06	-32.046
3.9e+09	-7e+06	-31.706
4e+09	-7e+06	-31.837
4.1e+09	-7e+06	-32.596
4.2e+09	-7e+06	-32.931
4.3e+09	-7e+06	-32.281
4.4e+09	-7e+06	-32.294
4e+08	-6e+06	-15.616
5e+08	-6e+06	-14.77
6e+08	-6e+06	-14.444
7e+08	-6e+06	-14.982
8e+08	-6e+06	-15.701
9e+08	-6e+06	-16.37
1e+09	-6e+06	-17.119
1.1e+09	-6e+06	-18.011
1.2e+09	-6e+06	-18.47
1.3e+09	-6e+06	-19.092
1.4e+09	-6e+06	-19.689
1.5e+09	-6e+06	-20.421
1.6e+09	-6e+06	-21.324
1.7e+09	-6e+06	-21.977
1.8e+09	-6e+06	-22.525
1.9e+09	-6e+06	-23.174
2e+09	-6e+06	-23.918
2.1e+09	-6e+06	-24.82
2.2e+09	-6e+06	-25.72
2.3e+09	-6e+06	-26.144
2.4e+09	-6e+06	-26.544
2.5e+09	-6e+06	-27.377
2.6e+09	-6e+06	-28.572
2.7e+09	-6e+06	-29.146
2.8e+09	-6e+06	-28.668
2.9e+09	-6e+06	-28.567
3e+09	-6e+06	-29.751
3.1e+09	-6e+06	-30.398
3.2e+09	-6e+06	-29.807
3.3e+09	-6e+06	-29.544
3.4e+09	-6e+06	-30.261
3.5e+09	-6e+06	-30.525
3.6e+09	-6e+06	-30.895
3.7e+09	-6e+06	-31.22
3.8e+09	-6e+06	-32.007
3.9e+09	-6e+06	-31.668
4e+09	-6e+06	-31.809
4.1e+09	-6e+06	-32.57
4.2e+09	-6e+06	-32.889
4.3e+09	-6e+06	-32.221
4.4e+09	-6e+06	-32.269
4e+08	-5e+06	-15.573
5e+08	-5e+06	-14.732
6e+08	-5e+06	-14.479
7e+08	-5e+06	-14.958
8e+08	-5e+06	-15.677
9e+08	-5e+06	-16.346
1e+09	-5e+06	-17.097
1.1e+09	-5e+06	-17.988
1.2e+09	-5e+06	-18.446
1.3e+09	-5e+06	-19.064
1.4e+09	-5e+06	-19.664
1.5e+09	-5e+06	-20.4
1.6e+09	-5e+06	-21.301
1.7e+09	-5e+06	-22.023
1.8e+09	-5e+06	-22.497
1.9e+09	-5e+06	-23.208
2e+09	-5e+06	-23.896
2.1e+09	-5e+06	-24.787
2.2e+09	-5e+06	-25.694
2.3e+09	-5e+06	-26.138
2.4e+09	-5e+06	-26.523
2.5e+09	-5e+06	-27.354
2.6e+09	-5e+06	-28.55
2.7e+09	-5e+06	-29.116
2.8e+09	-5e+06	-28.624
2.9e+09	-5e+06	-28.547
3e+09	-5e+06	-29.73
3.1e+09	-5e+06	-30.363
3.2e+09	-5e+06	-29.769
3.3e+09	-5e+06	-29.517
3.4e+09	-5e+06	-30.237
3.5e+09	-5e+06	-30.495
3.6e+09	-5e+06	-30.826
3.7e+09	-5e+06	-31.204
3.8e+09	-5e+06	-31.969
3.9e+09	-5e+06	-31.637
4e+09	-5e+06	-31.785
4.1e+09	-5e+06	-32.543
4.2e+09	-5e+06	-32.855
4.3e+09	-5e+06	-32.175
4.4e+09	-5e+06	-32.242
4e+08	-4e+06	-15.551
5e+08	-4e+06	-14.717
6e+08	-4e+06	-14.47
7e+08	-4e+06	-14.954
8e+08	-4e+06	-15.673
9e+08	-4e+06	-16.342
1e+09	-4e+06	-17.094
1.1e+09	-4e+06	-17.983
1.2e+09	-4e+06	-18.44
1.3e+09	-4e+06	-19.058
1.4e+09	-4e+06	-19.657
1.5e+09	-4e+06	-20.397
1.6e+09	-4e+06	-21.292
1.7e+09	-4e+06	-22.018
1.8e+09	-4e+06	-22.487
1.9e+09	-4e+06	-23.204
2e+09	-4e+06	-23.889
2.1e+09	-4e+06	-24.796
2.2e+09	-4e+06	-25.692
2.3e+09	-4e+06	-26.149
2.4e+09	-4e+06	-26.519
2.5e+09	-4e+06	-27.349
2.6e+09	-4e+06	-28.548
2.7e+09	-4e+06	-29.111
2.8e+09	-4e+06	-28.606
2.9e+09	-4e+06	-28.544
3e+09	-4e+06	-29.728
3.1e+09	-4e+06	-30.356
3.2e+09	-4e+06	-29.748
3.3e+09	-4e+06	-29.509
3.4e+09	-4e+06	-30.229
3.5e+09	-4e+06	-30.483
3.6e+09	-4e+06	-30.771
3.7e+09	-4e+06	-31.203
3.8e+09	-4e+06	-31.956
3.9e+09	-4e+06	-31.623
4e+09	-4e+06	-31.786
4.1e+09	-4e+06	-32.54
4.2e+09	-4e+06	-32.836
4.3e+09	-4e+06	-32.19
4.4e+09	-4e+06	-32.235
4e+08	-3e+06	-15.526
5e+08	-3e+06	-14.696
6e+08	-3e+06	-14.458
7e+08	-3e+06	-14.946
8e+08	-3e+06	-15.664
9e+08	-3e+06	-16.333
1e+09	-3e+06	-17.089
1.1e+09	-3e+06	-17.976
1.2e+09	-3e+06	-18.431
1.3e+09	-3e+06	-19.049
1.4e+09	-3e+06	-19.247
1.5e+09	-3e+06	-20.39
1.6e+09	-3e+06	-21.283
1.7e+09	-3e+06	-22.007
1.8e+09	-3e+06	-22.474
1.9e+09	-3e+06	-23.195
2e+09	-3e+06	-23.88
2.1e+09	-3e+06	-24.787
2.2e+09	-3e+06	-25.687
2.3e+09	-3e+06	-26.154
2.4e+09	-3e+06	-26.513
2.5e+09	-3e+06	-27.335
2.6e+09	-3e+06	-28.544
2.7e+09	-3e+06	-29.099
2.8e+09	-3e+06	-28.581
2.9e+09	-3e+06	-28.541
3e+09	-3e+06	-29.722
3.1e+09	-3e+06	-30.32
3.2e+09	-3e+06	-29.731
3.3e+09	-3e+06	-29.496
3.4e+09	-3e+06	-30.225
3.5e+09	-3e+06	-30.465
3.6e+09	-3e+06	-30.714
3.7e+09	-3e+06	-31.21
3.8e+09	-3e+06	-31.935
3.9e+09	-3e+06	-31.596
4e+09	-3e+06	-31.779
4.1e+09	-3e+06	-32.528
4.2e+09	-3e+06	-32.82
4.3e+09	-3e+06	-32.166
4.4e+09	-3e+06	-32.229
4e+08	-2e+06	-15.336
5e+08	-2e+06	-14.68
6e+08	-2e+06	-14.447
7e+08	-2e+06	-14.939
8e+08	-2e+06	-15.658
9e+08	-2e+06	-16.328
1e+09	-2e+06	-17.086
1.1e+09	-2e+06	-17.97
1.2e+09	-2e+06	-18.424
1.3e+09	-2e+06	-19.041
1.4e+09	-2e+06	-19.241
1.5e+09	-2e+06	-20.387
1.6e+09	-2e+06	-21.276
1.7e+09	-2e+06	-21.999
1.8e+09	-2e+06	-22.465
1.9e+09	-2e+06	-23.19
2e+09	-2e+06	-23.873
2.1e+09	-2e+06	-24.783
2.2e+09	-2e+06	-25.682
2.3e+09	-2e+06	-26.158
2.4e+09	-2e+06	-26.508
2.5e+09	-2e+06	-27.331
2.6e+09	-2e+06	-28.541
2.7e+09	-2e+06	-29.091
2.8e+09	-2e+06	-28.565
2.9e+09	-2e+06	-28.537
3e+09	-2e+06	-29.718
3.1e+09	-2e+06	-30.319
3.2e+09	-2e+06	-29.715
3.3e+09	-2e+06	-29.481
3.4e+09	-2e+06	-30.216
3.5e+09	-2e+06	-30.455
3.6e+09	-2e+06	-30.66
3.7e+09	-2e+06	-31.197
3.8e+09	-2e+06	-31.918
3.9e+09	-2e+06	-31.581
4e+09	-2e+06	-31.774
4.1e+09	-2e+06	-32.522
4.2e+09	-2e+06	-32.803
4.3e+09	-2e+06	-32.15
4.4e+09	-2e+06	-32.223
4e+08	-1e+06	-15.476
5e+08	-1e+06	-14.661
6e+08	-1e+06	-14.436
7e+08	-1e+06	-14.933
8e+08	-1e+06	-15.652
9e+08	-1e+06	-16.321
1e+09	-1e+06	-17.083
1.1e+09	-1e+06	-17.967
1.2e+09	-1e+06	-18.416
1.3e+09	-1e+06	-19.035
1.4e+09	-1e+06	-19.234
1.5e+09	-1e+06	-20.384
1.6e+09	-1e+06	-21.269
1.7e+09	-1e+06	-21.993
1.8e+09	-1e+06	-22.456
1.9e+09	-1e+06	-23.182
2e+09	-1e+06	-23.868
2.1e+09	-1e+06	-24.777
2.2e+09	-1e+06	-25.677
2.3e+09	-1e+06	-26.158
2.4e+09	-1e+06	-26.506
2.5e+09	-1e+06	-27.325
2.6e+09	-1e+06	-28.536
2.7e+09	-1e+06	-29.083
2.8e+09	-1e+06	-28.543
2.9e+09	-1e+06	-28.538
3e+09	-1e+06	-29.72
3.1e+09	-1e+06	-30.307
3.2e+09	-1e+06	-29.676
3.3e+09	-1e+06	-29.475
3.4e+09	-1e+06	-30.217
3.5e+09	-1e+06	-30.308
3.6e+09	-1e+06	-30.599
3.7e+09	-1e+06	-31.198
3.8e+09	-1e+06	-31.904
3.9e+09	-1e+06	-31.568
4e+09	-1e+06	-31.777
4.1e+09	-1e+06	-32.518
4.2e+09	-1e+06	-32.782
4.3e+09	-1e+06	-32.131
4.4e+09	-1e+06	-32.221
4e+08	0	-15.215
5e+08	0	-14.449
6e+08	0	-14.259
7e+08	0	-14.784
8e+08	0	-15.518
9e+08	0	-16.192
1e+09	0	-16.975
1.1e+09	0	-17.86
1.2e+09	0	-18.307
1.3e+09	0	-18.917
1.4e+09	0	-19.099
1.5e+09	0	-20.236
1.6e+09	0	-21.133
1.7e+09	0	-21.873
1.8e+09	0	-22.329
1.9e+09	0	-23.063
2e+09	0	-23.748
2.1e+09	0	-24.649
2.2e+09	0	-25.553
2.3e+09	0	-26.002
2.4e+09	0	-26.232
2.5e+09	0	-27.207
2.6e+09	0	-28.422
2.7e+09	0	-28.94
2.8e+09	0	-28.429
2.9e+09	0	-28.346
3e+09	0	-29.507
3.1e+09	0	-30.078
3.2e+09	0	-29.443
3.3e+09	0	-29.249
3.4e+09	0	-29.991
3.5e+09	0	-30.22
3.6e+09	0	-30.326
3.7e+09	0	-30.848
3.8e+09	0	-31.67
3.9e+09	0	-31.278
4e+09	0	-31.541
4.1e+09	0	-32.068
4.2e+09	0	-32.351
4.3e+09	0	-31.669
4.4e+09	0	-31.792
4e+08	1e+06	-15.448
5e+08	1e+06	-14.649
6e+08	1e+06	-14.469
7e+08	1e+06	-14.948
8e+08	1e+06	-15.655
9e+08	1e+06	-16.335
1e+09	1e+06	-17.101
1.1e+09	1e+06	-17.98
1.2e+09	1e+06	-18.432
1.3e+09	1e+06	-19.044
1.4e+09	1e+06	-19.639
1.5e+09	1e+06	-20.405
1.6e+09	1e+06	-21.282
1.7e+09	1e+06	-22.003
1.8e+09	1e+06	-22.464
1.9e+09	1e+06	-23.078
2e+09	1e+06	-23.886
2.1e+09	1e+06	-24.796
2.2e+09	1e+06	-25.697
2.3e+09	1e+06	-26.18
2.4e+09	1e+06	-26.525
2.5e+09	1e+06	-27.323
2.6e+09	1e+06	-28.561
2.7e+09	1e+06	-29.088
2.8e+09	1e+06	-28.534
2.9e+09	1e+06	-28.568
3e+09	1e+06	-29.737
3.1e+09	1e+06	-30.306
3.2e+09	1e+06	-29.69
3.3e+09	1e+06	-29.477
3.4e+09	1e+06	-30.235
3.5e+09	1e+06	-30.446
3.6e+09	1e+06	-30.56
3.7e+09	1e+06	-31.233
3.8e+09	1e+06	-31.902
3.9e+09	1e+06	-31.554
4e+09	1e+06	-31.799
4.1e+09	1e+06	-32.541
4.2e+09	1e+06	-32.776
4.3e+09	1e+06	-32.123
4.4e+09	1e+06	-32.242
4e+08	2e+06	-15.447
5e+08	2e+06	-14.654
6e+08	2e+06	-14.514
7e+08	2e+06	-14.966
8e+08	2e+06	-15.687
9e+08	2e+06	-16.354
1e+09	2e+06	-17.124
1.1e+09	2e+06	-18
1.2e+09	2e+06	-18.455
1.3e+09	2e+06	-19.06
1.4e+09	2e+06	-19.66
1.5e+09	2e+06	-20.426
1.6e+09	2e+06	-21.298
1.7e+09	2e+06	-22.018
1.8e+09	2e+06	-22.481
1.9e+09	2e+06	-23.098
2e+09	2e+06	-23.906
2.1e+09	2e+06	-24.82
2.2e+09	2e+06	-25.715
2.3e+09	2e+06	-26.129
2.4e+09	2e+06	-26.545
2.5e+09	2e+06	-27.321
2.6e+09	2e+06	-28.582
2.7e+09	2e+06	-29.104
2.8e+09	2e+06	-28.545
2.9e+09	2e+06	-28.596
3e+09	2e+06	-29.759
3.1e+09	2e+06	-30.324
3.2e+09	2e+06	-29.698
3.3e+09	2e+06	-29.491
3.4e+09	2e+06	-30.256
3.5e+09	2e+06	-30.457
3.6e+09	2e+06	-30.566
3.7e+09	2e+06	-31.264
3.8e+09	2e+06	-31.918
3.9e+09	2e+06	-31.562
4e+09	2e+06	-31.828
4.1e+09	2e+06	-32.56
4.2e+09	2e+06	-32.788
4.3e+09	2e+06	-32.14
4.4e+09	2e+06	-32.27
4e+08	3e+06	-15.445
5e+08	3e+06	-14.659
6e+08	3e+06	-14.468
7e+08	3e+06	-14.986
8e+08	3e+06	-15.708
9e+08	3e+06	-16.375
1e+09	3e+06	-17.146
1.1e+09	3e+06	-18.019
1.2e+09	3e+06	-18.478
1.3e+09	3e+06	-19.075
1.4e+09	3e+06	-19.681
1.5e+09	3e+06	-20.45
1.6e+09	3e+06	-21.318
1.7e+09	3e+06	-22.026
1.8e+09	3e+06	-22.498
1.9e+09	3e+06	-23.117
2e+09	3e+06	-23.926
2.1e+09	3e+06	-24.844
2.2e+09	3e+06	-25.739
2.3e+09	3e+06	-26.147
2.4e+09	3e+06	-26.565
2.5e+09	3e+06	-27.399
2.6e+09	3e+06	-28.611
2.7e+09	3e+06	-29.122
2.8e+09	3e+06	-28.555
2.9e+09	3e+06	-28.622
3e+09	3e+06	-29.784
3.1e+09	3e+06	-30.331
3.2e+09	3e+06	-29.519
3.3e+09	3e+06	-29.483
3.4e+09	3e+06	-30.282
3.5e+09	3e+06	-30.48
3.6e+09	3e+06	-30.581
3.7e+09	3e+06	-31.296
3.8e+09	3e+06	-31.933
3.9e+09	3e+06	-31.57
4e+09	3e+06	-31.846
4.1e+09	3e+06	-32.58
4.2e+09	3e+06	-32.792
4.3e+09	3e+06	-32.153
4.4e+09	3e+06	-32.285
4e+08	4e+06	-15.447
5e+08	4e+06	-14.668
6e+08	4e+06	-14.488
7e+08	4e+06	-15.009
8e+08	4e+06	-15.73
9e+08	4e+06	-16.398
1e+09	4e+06	-17.17
1.1e+09	4e+06	-18.04
1.2e+09	4e+06	-18.503
1.3e+09	4e+06	-19.094
1.4e+09	4e+06	-19.703
1.5e+09	4e+06	-20.476
1.6e+09	4e+06	-21.338
1.7e+09	4e+06	-22.056
1.8e+09	4e+06	-22.52
1.9e+09	4e+06	-23.087
2e+09	4e+06	-23.952
2.1e+09	4e+06	-24.867
2.2e+09	4e+06	-25.763
2.3e+09	4e+06	-26.164
2.4e+09	4e+06	-26.589
2.5e+09	4e+06	-27.429
2.6e+09	4e+06	-28.634
2.7e+09	4e+06	-29.141
2.8e+09	4e+06	-28.563
2.9e+09	4e+06	-28.658
3e+09	4e+06	-29.803
3.1e+09	4e+06	-30.346
3.2e+09	4e+06	-29.531
3.3e+09	4e+06	-29.522
3.4e+09	4e+06	-30.306
3.5e+09	4e+06	-30.493
3.6e+09	4e+06	-30.597
3.7e+09	4e+06	-31.32
3.8e+09	4e+06	-31.958
3.9e+09	4e+06	-31.583
4e+09	4e+06	-31.854
4.1e+09	4e+06	-32.6
4.2e+09	4e+06	-32.801
4.3e+09	4e+06	-32.17
4.4e+09	4e+06	-32.313
4e+08	5e+06	-15.443
5e+08	5e+06	-14.661
6e+08	5e+06	-14.5
7e+08	5e+06	-15.024
8e+08	5e+06	-15.747
9e+08	5e+06	-16.415
1e+09	5e+06	-17.191
1.1e+09	5e+06	-18.055
1.2e+09	5e+06	-18.523
1.3e+09	5e+06	-19.11
1.4e+09	5e+06	-19.719
1.5e+09	5e+06	-20.499
1.6e+09	5e+06	-21.354
1.7e+09	5e+06	-22.073
1.8e+09	5e+06	-22.535
1.9e+09	5e+06	-23.059
2e+09	5e+06	-23.972
2.1e+09	5e+06	-24.888
2.2e+09	5e+06	-25.784
2.3e+09	5e+06	-26.176
2.4e+09	5e+06	-26.605
2.5e+09	5e+06	-27.449
2.6e+09	5e+06	-28.659
2.7e+09	5e+06	-29.155
2.8e+09	5e+06	-28.571
2.9e+09	5e+06	-28.68
3e+09	5e+06	-29.826
3.1e+09	5e+06	-30.354
3.2e+09	5e+06	-29.538
3.3e+09	5e+06	-29.533
3.4e+09	5e+06	-30.329
3.5e+09	5e+06	-30.506
3.6e+09	5e+06	-30.61
3.7e+09	5e+06	-31.358
3.8e+09	5e+06	-31.518
3.9e+09	5e+06	-31.592
4e+09	5e+06	-31.886
4.1e+09	5e+06	-32.629
4.2e+09	5e+06	-32.806
4.3e+09	5e+06	-32.172
4.4e+09	5e+06	-32.329
4e+08	6e+06	-15.459
5e+08	6e+06	-14.696
6e+08	6e+06	-14.593
7e+08	6e+06	-15.062
8e+08	6e+06	-15.786
9e+08	6e+06	-16.454
1e+09	6e+06	-17.232
1.1e+09	6e+06	-18.093
1.2e+09	6e+06	-18.562
1.3e+09	6e+06	-19.146
1.4e+09	6e+06	-19.758
1.5e+09	6e+06	-20.539
1.6e+09	6e+06	-21.392
1.7e+09	6e+06	-22.108
1.8e+09	6e+06	-22.573
1.9e+09	6e+06	-23.316
2e+09	6e+06	-24.012
2.1e+09	6e+06	-24.929
2.2e+09	6e+06	-25.824
2.3e+09	6e+06	-26.207
2.4e+09	6e+06	-26.648
2.5e+09	6e+06	-27.497
2.6e+09	6e+06	-28.7
2.7e+09	6e+06	-29.188
2.8e+09	6e+06	-28.6
2.9e+09	6e+06	-28.717
3e+09	6e+06	-29.865
3.1e+09	6e+06	-30.387
3.2e+09	6e+06	-29.571
3.3e+09	6e+06	-29.565
3.4e+09	6e+06	-30.368
3.5e+09	6e+06	-30.522
3.6e+09	6e+06	-30.639
3.7e+09	6e+06	-31.394
3.8e+09	6e+06	-32.005
3.9e+09	6e+06	-31.618
4e+09	6e+06	-31.922
4.1e+09	6e+06	-32.665
4.2e+09	6e+06	-32.836
4.3e+09	6e+06	-32.203
4.4e+09	6e+06	-32.377
4e+08	7e+06	-15.478
5e+08	7e+06	-14.722
6e+08	7e+06	-14.582
7e+08	7e+06	-15.103
8e+08	7e+06	-15.827
9e+08	7e+06	-16.496
1e+09	7e+06	-17.276
1.1e+09	7e+06	-18.132
1.2e+09	7e+06	-18.603
1.3e+09	7e+06	-19.187
1.4e+09	7e+06	-19.799
1.5e+09	7e+06	-20.587
1.6e+09	7e+06	-21.431
1.7e+09	7e+06	-22.148
1.8e+09	7e+06	-22.611
1.9e+09	7e+06	-23.359
2e+09	7e+06	-24.058
2.1e+09	7e+06	-24.974
2.2e+09	7e+06	-25.87
2.3e+09	7e+06	-26.246
2.4e+09	7e+06	-26.688
2.5e+09	7e+06	-27.544
2.6e+09	7e+06	-28.748
2.7e+09	7e+06	-29.23
2.8e+09	7e+06	-28.632
2.9e+09	7e+06	-28.779
3e+09	7e+06	-29.914
3.1e+09	7e+06	-30.419
3.2e+09	7e+06	-29.796
3.3e+09	7e+06	-29.602
3.4e+09	7e+06	-30.415
3.5e+09	7e+06	-30.582
3.6e+09	7e+06	-30.669
3.7e+09	7e+06	-31.45
3.8e+09	7e+06	-32.04
3.9e+09	7e+06	-31.645
4e+09	7e+06	-31.964
4.1e+09	7e+06	-32.708
4.2e+09	7e+06	-32.862
4.3e+09	7e+06	-32.237
4.4e+09	7e+06	-32.428
4e+08	8e+06	-15.513
5e+08	8e+06	-14.765
6e+08	8e+06	-14.641
7e+08	8e+06	-15.159
8e+08	8e+06	-15.885
9e+08	8e+06	-16.556
1e+09	8e+06	-17.338
1.1e+09	8e+06	-18.19
1.2e+09	8e+06	-18.661
1.3e+09	8e+06	-19.244
1.4e+09	8e+06	-19.783
1.5e+09	8e+06	-20.65
1.6e+09	8e+06	-21.488
1.7e+09	8e+06	-22.204
1.8e+09	8e+06	-22.671
1.9e+09	8e+06	-23.417
2e+09	8e+06	-24.12
2.1e+09	8e+06	-25.036
2.2e+09	8e+06	-25.932
2.3e+09	8e+06	-26.3
2.4e+09	8e+06	-26.749
2.5e+09	8e+06	-27.61
2.6e+09	8e+06	-28.812
2.7e+09	8e+06	-29.282
2.8e+09	8e+06	-28.686
2.9e+09	8e+06	-28.85
3e+09	8e+06	-29.973
3.1e+09	8e+06	-30.47
3.2e+09	8e+06	-29.848
3.3e+09	8e+06	-29.657
3.4e+09	8e+06	-30.477
3.5e+09	8e+06	-30.634
3.6e+09	8e+06	-30.728
3.7e+09	8e+06	-31.279
3.8e+09	8e+06	-32.101
3.9e+09	8e+06	-31.695
4e+09	8e+06	-32.027
4.1e+09	8e+06	-32.777
4.2e+09	8e+06	-32.907
4.3e+09	8e+06	-32.286
4.4e+09	8e+06	-32.493
4e+08	9e+06	-15.572
5e+08	9e+06	-14.833
6e+08	9e+06	-14.771
7e+08	9e+06	-15.241
8e+08	9e+06	-15.97
9e+08	9e+06	-16.638
1e+09	9e+06	-17.424
1.1e+09	9e+06	-18.275
1.2e+09	9e+06	-18.745
1.3e+09	9e+06	-19.328
1.4e+09	9e+06	-19.865
1.5e+09	9e+06	-20.741
1.6e+09	9e+06	-21.576
1.7e+09	9e+06	-22.287
1.8e+09	9e+06	-22.755
1.9e+09	9e+06	-23.506
2e+09	9e+06	-24.211
2.1e+09	9e+06	-25.122
2.2e+09	9e+06	-26.019
2.3e+09	9e+06	-26.378
2.4e+09	9e+06	-26.835
2.5e+09	9e+06	-27.703
2.6e+09	9e+06	-28.901
2.7e+09	9e+06	-29.367
2.8e+09	9e+06	-28.758
2.9e+09	9e+06	-28.946
3e+09	9e+06	-30.065
3.1e+09	9e+06	-30.546
3.2e+09	9e+06	-29.921
3.3e+09	9e+06	-29.736
3.4e+09	9e+06	-30.568
3.5e+09	9e+06	-30.727
3.6e+09	9e+06	-30.806
3.7e+09	9e+06	-31.617
3.8e+09	9e+06	-32.188
3.9e+09	9e+06	-31.772
4e+09	9e+06	-32.112
4.1e+09	9e+06	-32.865
4.2e+09	9e+06	-32.986
4.3e+09	9e+06	-32.36
4.4e+09	9e+06	-32.597
4e+08	1e+07	-15.653
5e+08	1e+07	-14.915
6e+08	1e+07	-14.869
7e+08	1e+07	-15.349
8e+08	1e+07	-16.079
9e+08	1e+07	-16.749
1e+09	1e+07	-17.538
1.1e+09	1e+07	-18.384
1.2e+09	1e+07	-18.857
1.3e+09	1e+07	-19.437
1.4e+09	1e+07	-19.974
1.5e+09	1e+07	-20.856
1.6e+09	1e+07	-21.685
1.7e+09	1e+07	-22.396
1.8e+09	1e+07	-22.867
1.9e+09	1e+07	-23.618
2e+09	1e+07	-24.306
2.1e+09	1e+07	-25.237
2.2e+09	1e+07	-26.136
2.3e+09	1e+07	-26.542
2.4e+09	1e+07	-26.948
2.5e+09	1e+07	-27.828
2.6e+09	1e+07	-29.018
2.7e+09	1e+07	-29.474
2.8e+09	1e+07	-28.862
2.9e+09	1e+07	-29.065
3e+09	1e+07	-30.183
3.1e+09	1e+07	-30.562
3.2e+09	1e+07	-30.028
3.3e+09	1e+07	-29.845
3.4e+09	1e+07	-30.679
3.5e+09	1e+07	-30.81
3.6e+09	1e+07	-30.85
3.7e+09	1e+07	-31.729
3.8e+09	1e+07	-32.298
3.9e+09	1e+07	-31.87
4e+09	1e+07	-32.216
4.1e+09	1e+07	-32.977
4.2e+09	1e+07	-33.089
4.3e+09	1e+07	-32.465
4.4e+09	1e+07	-32.711
4e+08	1.1e+07	-15.785
5e+08	1.1e+07	-15.067
6e+08	1.1e+07	-15.018
7e+08	1.1e+07	-15.509
8e+08	1.1e+07	-16.241
9e+08	1.1e+07	-16.912
1e+09	1.1e+07	-17.704
1.1e+09	1.1e+07	-18.544
1.2e+09	1.1e+07	-19.022
1.3e+09	1.1e+07	-19.602
1.4e+09	1.1e+07	-20.138
1.5e+09	1.1e+07	-21.002
1.6e+09	1.1e+07	-21.849
1.7e+09	1.1e+07	-22.559
1.8e+09	1.1e+07	-23.031
1.9e+09	1.1e+07	-23.785
2e+09	1.1e+07	-24.5
2.1e+09	1.1e+07	-25.407
2.2e+09	1.1e+07	-26.305
2.3e+09	1.1e+07	-26.699
2.4e+09	1.1e+07	-27.118
2.5e+09	1.1e+07	-27.998
2.6e+09	1.1e+07	-29.186
2.7e+09	1.1e+07	-29.639
2.8e+09	1.1e+07	-29.021
2.9e+09	1.1e+07	-29.242
3e+09	1.1e+07	-30.337
3.1e+09	1.1e+07	-30.716
3.2e+09	1.1e+07	-30.183
3.3e+09	1.1e+07	-30.006
3.4e+09	1.1e+07	-30.85
3.5e+09	1.1e+07	-31.004
3.6e+09	1.1e+07	-31.068
3.7e+09	1.1e+07	-31.902
3.8e+09	1.1e+07	-32.463
3.9e+09	1.1e+07	-32.029
4e+09	1.1e+07	-32.38
4.1e+09	1.1e+07	-33.149
4.2e+09	1.1e+07	-33.239
4.3e+09	1.1e+07	-32.616
4.4e+09	1.1e+07	-32.89
4e+08	1.2e+07	-15.95
5e+08	1.2e+07	-15.246
6e+08	1.2e+07	-15.156
7e+08	1.2e+07	-15.706
8e+08	1.2e+07	-16.439
9e+08	1.2e+07	-17.109
1e+09	1.2e+07	-17.903
1.1e+09	1.2e+07	-18.74
1.2e+09	1.2e+07	-19.221
1.3e+09	1.2e+07	-19.801
1.4e+09	1.2e+07	-20.338
1.5e+09	1.2e+07	-21.23
1.6e+09	1.2e+07	-22.038
1.7e+09	1.2e+07	-22.758
1.8e+09	1.2e+07	-23.234
1.9e+09	1.2e+07	-23.988
2e+09	1.2e+07	-24.706
2.1e+09	1.2e+07	-25.61
2.2e+09	1.2e+07	-26.51
2.3e+09	1.2e+07	-26.895
2.4e+09	1.2e+07	-27.318
2.5e+09	1.2e+07	-28.208
2.6e+09	1.2e+07	-29.396
2.7e+09	1.2e+07	-29.836
2.8e+09	1.2e+07	-29.208
2.9e+09	1.2e+07	-29.451
3e+09	1.2e+07	-30.56
3.1e+09	1.2e+07	-30.909
3.2e+09	1.2e+07	-30.379
3.3e+09	1.2e+07	-30.209
3.4e+09	1.2e+07	-31.054
3.5e+09	1.2e+07	-31.207
3.6e+09	1.2e+07	-31.266
3.7e+09	1.2e+07	-32.113
3.8e+09	1.2e+07	-32.659
3.9e+09	1.2e+07	-32.219
4e+09	1.2e+07	-32.591
4.1e+09	1.2e+07	-33.36
4.2e+09	1.2e+07	-33.435
4.3e+09	1.2e+07	-32.812
4.4e+09	1.2e+07	-33.103
4e+08	1.3e+07	-16.159
5e+08	1.3e+07	-15.464
6e+08	1.3e+07	-15.382
7e+08	1.3e+07	-15.886
8e+08	1.3e+07	-16.677
9e+08	1.3e+07	-17.346
1e+09	1.3e+07	-18.145
1.1e+09	1.3e+07	-18.979
1.2e+09	1.3e+07	-19.463
1.3e+09	1.3e+07	-20.041
1.4e+09	1.3e+07	-20.579
1.5e+09	1.3e+07	-21.475
1.6e+09	1.3e+07	-22.27
1.7e+09	1.3e+07	-22.998
1.8e+09	1.3e+07	-23.476
1.9e+09	1.3e+07	-24.232
2e+09	1.3e+07	-24.955
2.1e+09	1.3e+07	-25.854
2.2e+09	1.3e+07	-26.759
2.3e+09	1.3e+07	-27.155
2.4e+09	1.3e+07	-27.562
2.5e+09	1.3e+07	-28.461
2.6e+09	1.3e+07	-29.643
2.7e+09	1.3e+07	-30.077
2.8e+09	1.3e+07	-29.446
2.9e+09	1.3e+07	-29.706
3e+09	1.3e+07	-30.811
3.1e+09	1.3e+07	-31.147
3.2e+09	1.3e+07	-30.616
3.3e+09	1.3e+07	-30.447
3.4e+09	1.3e+07	-31.295
3.5e+09	1.3e+07	-31.451
3.6e+09	1.3e+07	-31.505
3.7e+09	1.3e+07	-32.364
3.8e+09	1.3e+07	-32.903
3.9e+09	1.3e+07	-32.45
4e+09	1.3e+07	-32.835
4.1e+09	1.3e+07	-33.608
4.2e+09	1.3e+07	-33.664
4.3e+09	1.3e+07	-33.046
4.4e+09	1.3e+07	-33.361
4e+08	1.4e+07	-16.404
5e+08	1.4e+07	-15.712
6e+08	1.4e+07	-15.646
7e+08	1.4e+07	-16.215
8e+08	1.4e+07	-16.953
9e+08	1.4e+07	-17.624
1e+09	1.4e+07	-18.425
1.1e+09	1.4e+07	-19.255
1.2e+09	1.4e+07	-19.739
1.3e+09	1.4e+07	-20.319
1.4e+09	1.4e+07	-20.855
1.5e+09	1.4e+07	-21.704
1.6e+09	1.4e+07	-22.574
1.7e+09	1.4e+07	-23.276
1.8e+09	1.4e+07	-23.754
1.9e+09	1.4e+07	-24.515
2e+09	1.4e+07	-25.243
2.1e+09	1.4e+07	-26.136
2.2e+09	1.4e+07	-27.042
2.3e+09	1.4e+07	-27.433
2.4e+09	1.4e+07	-27.841
2.5e+09	1.4e+07	-28.75
2.6e+09	1.4e+07	-29.929
2.7e+09	1.4e+07	-30.354
2.8e+09	1.4e+07	-29.72
2.9e+09	1.4e+07	-29.995
3e+09	1.4e+07	-31.101
3.1e+09	1.4e+07	-31.511
3.2e+09	1.4e+07	-30.891
3.3e+09	1.4e+07	-30.727
3.4e+09	1.4e+07	-31.589
3.5e+09	1.4e+07	-31.74
3.6e+09	1.4e+07	-31.782
3.7e+09	1.4e+07	-32.648
3.8e+09	1.4e+07	-33.188
3.9e+09	1.4e+07	-32.73
4e+09	1.4e+07	-33.111
4.1e+09	1.4e+07	-33.897
4.2e+09	1.4e+07	-33.93
4.3e+09	1.4e+07	-33.315
4.4e+09	1.4e+07	-33.65
4e+08	1.5e+07	-16.678
5e+08	1.5e+07	-16.009
6e+08	1.5e+07	-15.944
7e+08	1.5e+07	-16.517
8e+08	1.5e+07	-17.258
9e+08	1.5e+07	-17.929
1e+09	1.5e+07	-18.735
1.1e+09	1.5e+07	-19.559
1.2e+09	1.5e+07	-20.047
1.3e+09	1.5e+07	-20.629
1.4e+09	1.5e+07	-21.164
1.5e+09	1.5e+07	-22.077
1.6e+09	1.5e+07	-22.885
1.7e+09	1.5e+07	-23.583
1.8e+09	1.5e+07	-24.063
1.9e+09	1.5e+07	-24.828
2e+09	1.5e+07	-25.56
2.1e+09	1.5e+07	-26.447
2.2e+09	1.5e+07	-27.357
2.3e+09	1.5e+07	-27.742
2.4e+09	1.5e+07	-28.154
2.5e+09	1.5e+07	-29.069
2.6e+09	1.5e+07	-30.244
2.7e+09	1.5e+07	-30.665
2.8e+09	1.5e+07	-30.019
2.9e+09	1.5e+07	-30.316
3e+09	1.5e+07	-31.416
3.1e+09	1.5e+07	-31.815
3.2e+09	1.5e+07	-31.196
3.3e+09	1.5e+07	-31.039
3.4e+09	1.5e+07	-31.898
3.5e+09	1.5e+07	-32.05
3.6e+09	1.5e+07	-32.09
3.7e+09	1.5e+07	-32.966
3.8e+09	1.5e+07	-33.482
3.9e+09	1.5e+07	-33.023
4e+09	1.5e+07	-33.435
4.1e+09	1.5e+07	-34.221
4.2e+09	1.5e+07	-34.241
4.3e+09	1.5e+07	-33.617
4.4e+09	1.5e+07	-33.978
4e+08	1.6e+07	-17.016
5e+08	1.6e+07	-16.358
6e+08	1.6e+07	-16.307
7e+08	1.6e+07	-16.883
8e+08	1.6e+07	-17.626
9e+08	1.6e+07	-18.299
1e+09	1.6e+07	-19.107
1.1e+09	1.6e+07	-19.926
1.2e+09	1.6e+07	-20.417
1.3e+09	1.6e+07	-21.001
1.4e+09	1.6e+07	-21.59
1.5e+09	1.6e+07	-22.453
1.6e+09	1.6e+07	-23.254
1.7e+09	1.6e+07	-23.951
1.8e+09	1.6e+07	-24.439
1.9e+09	1.6e+07	-25.206
2e+09	1.6e+07	-25.939
2.1e+09	1.6e+07	-26.823
2.2e+09	1.6e+07	-27.737
2.3e+09	1.6e+07	-28.109
2.4e+09	1.6e+07	-28.53
2.5e+09	1.6e+07	-29.449
2.6e+09	1.6e+07	-30.627
2.7e+09	1.6e+07	-31.035
2.8e+09	1.6e+07	-30.389
2.9e+09	1.6e+07	-30.697
3e+09	1.6e+07	-31.803
3.1e+09	1.6e+07	-32.182
3.2e+09	1.6e+07	-31.565
3.3e+09	1.6e+07	-31.41
3.4e+09	1.6e+07	-32.278
3.5e+09	1.6e+07	-32.424
3.6e+09	1.6e+07	-32.459
3.7e+09	1.6e+07	-33.353
3.8e+09	1.6e+07	-33.871
3.9e+09	1.6e+07	-33.394
4e+09	1.6e+07	-33.808
4.1e+09	1.6e+07	-34.596
4.2e+09	1.6e+07	-34.603
4.3e+09	1.6e+07	-33.979
4.4e+09	1.6e+07	-34.367
4e+08	1.7e+07	-17.433
5e+08	1.7e+07	-16.789
6e+08	1.7e+07	-16.793
7e+08	1.7e+07	-17.328
8e+08	1.7e+07	-18.077
9e+08	1.7e+07	-18.75
1e+09	1.7e+07	-19.559
1.1e+09	1.7e+07	-20.372
1.2e+09	1.7e+07	-20.868
1.3e+09	1.7e+07	-21.454
1.4e+09	1.7e+07	-22.063
1.5e+09	1.7e+07	-22.909
1.6e+09	1.7e+07	-23.71
1.7e+09	1.7e+07	-24.4
1.8e+09	1.7e+07	-24.891
1.9e+09	1.7e+07	-25.661
2e+09	1.7e+07	-26.399
2.1e+09	1.7e+07	-27.282
2.2e+09	1.7e+07	-28.195
2.3e+09	1.7e+07	-28.557
2.4e+09	1.7e+07	-28.984
2.5e+09	1.7e+07	-29.914
2.6e+09	1.7e+07	-31.086
2.7e+09	1.7e+07	-31.487
2.8e+09	1.7e+07	-30.835
2.9e+09	1.7e+07	-31.165
3e+09	1.7e+07	-32.268
3.1e+09	1.7e+07	-32.625
3.2e+09	1.7e+07	-32.019
3.3e+09	1.7e+07	-31.849
3.4e+09	1.7e+07	-32.731
3.5e+09	1.7e+07	-32.889
3.6e+09	1.7e+07	-32.911
3.7e+09	1.7e+07	-33.807
3.8e+09	1.7e+07	-34.317
3.9e+09	1.7e+07	-33.836
4e+09	1.7e+07	-34.263
4.1e+09	1.7e+07	-35.057
4.2e+09	1.7e+07	-35.045
4.3e+09	1.7e+07	-34.416
4.4e+09	1.7e+07	-34.812
4e+08	1.8e+07	-18.022
5e+08	1.8e+07	-17.394
6e+08	1.8e+07	-17.408
7e+08	1.8e+07	-17.952
8e+08	1.8e+07	-18.701
9e+08	1.8e+07	-19.373
1e+09	1.8e+07	-20.186
1.1e+09	1.8e+07	-20.994
1.2e+09	1.8e+07	-21.492
1.3e+09	1.8e+07	-22.08
1.4e+09	1.8e+07	-22.69
1.5e+09	1.8e+07	-23.54
1.6e+09	1.8e+07	-24.338
1.7e+09	1.8e+07	-25.025
1.8e+09	1.8e+07	-25.524
1.9e+09	1.8e+07	-26.296
2e+09	1.8e+07	-27.034
2.1e+09	1.8e+07	-27.914
2.2e+09	1.8e+07	-28.831
2.3e+09	1.8e+07	-29.183
2.4e+09	1.8e+07	-29.611
2.5e+09	1.8e+07	-30.558
2.6e+09	1.8e+07	-31.724
2.7e+09	1.8e+07	-32.109
2.8e+09	1.8e+07	-31.461
2.9e+09	1.8e+07	-31.81
3e+09	1.8e+07	-32.901
3.1e+09	1.8e+07	-33.243
3.2e+09	1.8e+07	-32.638
3.3e+09	1.8e+07	-32.498
3.4e+09	1.8e+07	-33.364
3.5e+09	1.8e+07	-33.524
3.6e+09	1.8e+07	-33.541
3.7e+09	1.8e+07	-34.434
3.8e+09	1.8e+07	-34.951
3.9e+09	1.8e+07	-34.462
4e+09	1.8e+07	-34.897
4.1e+09	1.8e+07	-35.692
4.2e+09	1.8e+07	-35.678
4.3e+09	1.8e+07	-35.038
4.4e+09	1.8e+07	-35.489
4e+08	1.9e+07	-18.939
5e+08	1.9e+07	-18.327
6e+08	1.9e+07	-18.353
7e+08	1.9e+07	-18.902
8e+08	1.9e+07	-19.652
9e+08	1.9e+07	-20.323
1e+09	1.9e+07	-21.142
1.1e+09	1.9e+07	-21.946
1.2e+09	1.9e+07	-22.446
1.3e+09	1.9e+07	-23.036
1.4e+09	1.9e+07	-23.642
1.5e+09	1.9e+07	-24.498
1.6e+09	1.9e+07	-25.296
1.7e+09	1.9e+07	-25.979
1.8e+09	1.9e+07	-26.477
1.9e+09	1.9e+07	-27.252
2e+09	1.9e+07	-28
2.1e+09	1.9e+07	-28.871
2.2e+09	1.9e+07	-29.788
2.3e+09	1.9e+07	-30.132
2.4e+09	1.9e+07	-30.567
2.5e+09	1.9e+07	-31.525
2.6e+09	1.9e+07	-32.689
2.7e+09	1.9e+07	-33.066
2.8e+09	1.9e+07	-32.417
2.9e+09	1.9e+07	-32.775
3e+09	1.9e+07	-33.875
3.1e+09	1.9e+07	-34.198
3.2e+09	1.9e+07	-33.593
3.3e+09	1.9e+07	-33.464
3.4e+09	1.9e+07	-34.324
3.5e+09	1.9e+07	-34.484
3.6e+09	1.9e+07	-34.492
3.7e+09	1.9e+07	-35.401
3.8e+09	1.9e+07	-35.903
3.9e+09	1.9e+07	-35.413
4e+09	1.9e+07	-35.87
4.1e+09	1.9e+07	-36.665
4.2e+09	1.9e+07	-36.627
4.3e+09	1.9e+07	-35.963
4.4e+09	1.9e+07	-36.454
4e+08	2e+07	-20.341
5e+08	2e+07	-19.744
6e+08	2e+07	-19.782
7e+08	2e+07	-20.337
8e+08	2e+07	-21.088
9e+08	2e+07	-21.761
1e+09	2e+07	-22.582
1.1e+09	2e+07	-23.382
1.2e+09	2e+07	-23.884
1.3e+09	2e+07	-24.477
1.4e+09	2e+07	-25.087
1.5e+09	2e+07	-25.945
1.6e+09	2e+07	-26.742
1.7e+09	2e+07	-27.42
1.8e+09	2e+07	-27.926
1.9e+09	2e+07	-28.699
2e+09	2e+07	-29.447
2.1e+09	2e+07	-30.316
2.2e+09	2e+07	-31.231
2.3e+09	2e+07	-31.572
2.4e+09	2e+07	-32.009
2.5e+09	2e+07	-32.977
2.6e+09	2e+07	-34.143
2.7e+09	2e+07	-34.511
2.8e+09	2e+07	-33.854
2.9e+09	2e+07	-34.222
3e+09	2e+07	-35.335
3.1e+09	2e+07	-35.63
3.2e+09	2e+07	-35.031
3.3e+09	2e+07	-34.897
3.4e+09	2e+07	-35.758
3.5e+09	2e+07	-35.933
3.6e+09	2e+07	-35.877
3.7e+09	2e+07	-36.847
3.8e+09	2e+07	-37.35
3.9e+09	2e+07	-36.856
4e+09	2e+07	-37.315
4.1e+09	2e+07	-38.118
4.2e+09	2e+07	-38.06
4.3e+09	2e+07	-37.381
4.4e+09	2e+07	-37.93
4e+08	2.1e+07	-22.341
5e+08	2.1e+07	-21.755
6e+08	2.1e+07	-21.801
7e+08	2.1e+07	-22.36
8e+08	2.1e+07	-23.115
9e+08	2.1e+07	-23.786
1e+09	2.1e+07	-24.614
1.1e+09	2.1e+07	-25.406
1.2e+09	2.1e+07	-25.913
1.3e+09	2.1e+07	-26.507
1.4e+09	2.1e+07	-27.04
1.5e+09	2.1e+07	-27.975
1.6e+09	2.1e+07	-28.771
1.7e+09	2.1e+07	-29.44
1.8e+09	2.1e+07	-29.951
1.9e+09	2.1e+07	-30.729
2e+09	2.1e+07	-31.479
2.1e+09	2.1e+07	-32.352
2.2e+09	2.1e+07	-33.265
2.3e+09	2.1e+07	-33.601
2.4e+09	2.1e+07	-34.041
2.5e+09	2.1e+07	-35.024
2.6e+09	2.1e+07	-36.184
2.7e+09	2.1e+07	-36.533
2.8e+09	2.1e+07	-35.875
2.9e+09	2.1e+07	-36.266
3e+09	2.1e+07	-37.366
3.1e+09	2.1e+07	-37.655
3.2e+09	2.1e+07	-37.062
3.3e+09	2.1e+07	-36.935
3.4e+09	2.1e+07	-37.803
3.5e+09	2.1e+07	-37.966
3.6e+09	2.1e+07	-37.973
3.7e+09	2.1e+07	-38.898
3.8e+09	2.1e+07	-39.4
3.9e+09	2.1e+07	-38.882
4e+09	2.1e+07	-39.351
4.1e+09	2.1e+07	-40.146
4.2e+09	2.1e+07	-40.088
4.3e+09	2.1e+07	-39.365
4.4e+09	2.1e+07	-39.975
4e+08	2.2e+07	-24.831
5e+08	2.2e+07	-24.252
6e+08	2.2e+07	-24.307
7e+08	2.2e+07	-24.868
8e+08	2.2e+07	-25.626
9e+08	2.2e+07	-26.295
1e+09	2.2e+07	-27.129
1.1e+09	2.2e+07	-27.913
1.2e+09	2.2e+07	-28.419
1.3e+09	2.2e+07	-29.014
1.4e+09	2.2e+07	-29.542
1.5e+09	2.2e+07	-30.482
1.6e+09	2.2e+07	-31.28
1.7e+09	2.2e+07	-31.95
1.8e+09	2.2e+07	-32.458
1.9e+09	2.2e+07	-33.249
2e+09	2.2e+07	-34.003
2.1e+09	2.2e+07	-34.859
2.2e+09	2.2e+07	-35.784
2.3e+09	2.2e+07	-36.108
2.4e+09	2.2e+07	-36.558
2.5e+09	2.2e+07	-37.54
2.6e+09	2.2e+07	-38.704
2.7e+09	2.2e+07	-39.061
2.8e+09	2.2e+07	-38.395
2.9e+09	2.2e+07	-38.789
3e+09	2.2e+07	-39.892
3.1e+09	2.2e+07	-40.165
3.2e+09	2.2e+07	-39.563
3.3e+09	2.2e+07	-39.446
3.4e+09	2.2e+07	-40.33
3.5e+09	2.2e+07	-40.485
3.6e+09	2.2e+07	-40.514
3.7e+09	2.2e+07	-41.394
3.8e+09	2.2e+07	-41.915
3.9e+09	2.2e+07	-41.391
4e+09	2.2e+07	-41.901
4.1e+09	2.2e+07	-42.686
4.2e+09	2.2e+07	-42.605
4.3e+09	2.2e+07	-41.96
4.4e+09	2.2e+07	-42.509
4e+08	2.3e+07	-27.641
5e+08	2.3e+07	-27.07
6e+08	2.3e+07	-27.126
7e+08	2.3e+07	-27.692
8e+08	2.3e+07	-28.448
9e+08	2.3e+07	-29.115
1e+09	2.3e+07	-29.95
1.1e+09	2.3e+07	-30.725
1.2e+09	2.3e+07	-31.237
1.3e+09	2.3e+07	-31.839
1.4e+09	2.3e+07	-32.371
1.5e+09	2.3e+07	-33.313
1.6e+09	2.3e+07	-34.109
1.7e+09	2.3e+07	-34.771
1.8e+09	2.3e+07	-35.285
1.9e+09	2.3e+07	-36.078
2e+09	2.3e+07	-36.832
2.1e+09	2.3e+07	-37.696
2.2e+09	2.3e+07	-38.609
2.3e+09	2.3e+07	-38.931
2.4e+09	2.3e+07	-39.376
2.5e+09	2.3e+07	-40.393
2.6e+09	2.3e+07	-41.546
2.7e+09	2.3e+07	-41.874
2.8e+09	2.3e+07	-41.219
2.9e+09	2.3e+07	-41.615
3e+09	2.3e+07	-42.729
3.1e+09	2.3e+07	-42.982
3.2e+09	2.3e+07	-42.395
3.3e+09	2.3e+07	-42.289
3.4e+09	2.3e+07	-43.142
3.5e+09	2.3e+07	-43.326
3.6e+09	2.3e+07	-43.322
3.7e+09	2.3e+07	-44.241
3.8e+09	2.3e+07	-44.719
3.9e+09	2.3e+07	-44.207
4e+09	2.3e+07	-44.714
4.1e+09	2.3e+07	-45.497
4.2e+09	2.3e+07	-45.413
4.3e+09	2.3e+07	-44.766
4.4e+09	2.3e+07	-45.348
4e+08	2.4e+07	-30.605
5e+08	2.4e+07	-30.041
6e+08	2.4e+07	-30.107
7e+08	2.4e+07	-30.672
8e+08	2.4e+07	-31.436
9e+08	2.4e+07	-32.1
1e+09	2.4e+07	-32.937
1.1e+09	2.4e+07	-33.716
1.2e+09	2.4e+07	-34.228
1.3e+09	2.4e+07	-34.834
1.4e+09	2.4e+07	-35.351
1.5e+09	2.4e+07	-36.303
1.6e+09	2.4e+07	-37.107
1.7e+09	2.4e+07	-37.75
1.8e+09	2.4e+07	-38.277
1.9e+09	2.4e+07	-39.057
2e+09	2.4e+07	-39.835
2.1e+09	2.4e+07	-40.687
2.2e+09	2.4e+07	-41.605
2.3e+09	2.4e+07	-41.926
2.4e+09	2.4e+07	-42.356
2.5e+09	2.4e+07	-43.389
2.6e+09	2.4e+07	-44.521
2.7e+09	2.4e+07	-44.844
2.8e+09	2.4e+07	-44.193
2.9e+09	2.4e+07	-44.62
3e+09	2.4e+07	-45.74
3.1e+09	2.4e+07	-45.953
3.2e+09	2.4e+07	-45.401
3.3e+09	2.4e+07	-45.261
3.4e+09	2.4e+07	-46.143
3.5e+09	2.4e+07	-46.303
3.6e+09	2.4e+07	-46.369
3.7e+09	2.4e+07	-47.257
3.8e+09	2.4e+07	-47.719
3.9e+09	2.4e+07	-47.222
4e+09	2.4e+07	-47.74
4.1e+09	2.4e+07	-48.508
4.2e+09	2.4e+07	-48.398
4.3e+09	2.4e+07	-47.755
4.4e+09	2.4e+07	-48.356
4e+08	2.5e+07	-34.036
5e+08	2.5e+07	-33.486
6e+08	2.5e+07	-33.557
7e+08	2.5e+07	-34.116
8e+08	2.5e+07	-34.886
9e+08	2.5e+07	-35.56
1e+09	2.5e+07	-36.402
1.1e+09	2.5e+07	-37.162
1.2e+09	2.5e+07	-37.674
1.3e+09	2.5e+07	-38.287
1.4e+09	2.5e+07	-38.815
1.5e+09	2.5e+07	-39.764
1.6e+09	2.5e+07	-40.554
1.7e+09	2.5e+07	-41.232
1.8e+09	2.5e+07	-41.737
1.9e+09	2.5e+07	-42.535
2e+09	2.5e+07	-43.299
2.1e+09	2.5e+07	-44.163
2.2e+09	2.5e+07	-45.039
2.3e+09	2.5e+07	-45.384
2.4e+09	2.5e+07	-45.809
2.5e+09	2.5e+07	-46.843
2.6e+09	2.5e+07	-48.008
2.7e+09	2.5e+07	-48.33
2.8e+09	2.5e+07	-47.647
2.9e+09	2.5e+07	-48.095
3e+09	2.5e+07	-49.178
3.1e+09	2.5e+07	-49.398
3.2e+09	2.5e+07	-48.81
3.3e+09	2.5e+07	-48.734
3.4e+09	2.5e+07	-49.584
3.5e+09	2.5e+07	-49.764
3.6e+09	2.5e+07	-49.76
3.7e+09	2.5e+07	-50.587
3.8e+09	2.5e+07	-51.119
3.9e+09	2.5e+07	-50.632
4e+09	2.5e+07	-51.146
4.1e+09	2.5e+07	-51.912
4.2e+09	2.5e+07	-51.845
4.3e+09	2.5e+07	-51.138
4.4e+09	2.5e+07	-51.814
4e+08	2.6e+07	-36.719
5e+08	2.6e+07	-36.154
6e+08	2.6e+07	-36.237
7e+08	2.6e+07	-36.806
8e+08	2.6e+07	-37.56
9e+08	2.6e+07	-38.242
1e+09	2.6e+07	-39.088
1.1e+09	2.6e+07	-39.851
1.2e+09	2.6e+07	-40.365
1.3e+09	2.6e+07	-40.969
1.4e+09	2.6e+07	-41.575
1.5e+09	2.6e+07	-42.459
1.6e+09	2.6e+07	-43.259
1.7e+09	2.6e+07	-43.903
1.8e+09	2.6e+07	-44.411
1.9e+09	2.6e+07	-45.202
2e+09	2.6e+07	-45.981
2.1e+09	2.6e+07	-46.844
2.2e+09	2.6e+07	-47.729
2.3e+09	2.6e+07	-48.071
2.4e+09	2.6e+07	-48.489
2.5e+09	2.6e+07	-49.546
2.6e+09	2.6e+07	-50.659
2.7e+09	2.6e+07	-50.96
2.8e+09	2.6e+07	-50.377
2.9e+09	2.6e+07	-50.77
3e+09	2.6e+07	-51.871
3.1e+09	2.6e+07	-52.087
3.2e+09	2.6e+07	-51.503
3.3e+09	2.6e+07	-51.478
3.4e+09	2.6e+07	-52.265
3.5e+09	2.6e+07	-52.418
3.6e+09	2.6e+07	-52.462
3.7e+09	2.6e+07	-53.351
3.8e+09	2.6e+07	-53.779
3.9e+09	2.6e+07	-53.309
4e+09	2.6e+07	-53.884
4.1e+09	2.6e+07	-54.592
4.2e+09	2.6e+07	-54.589
4.3e+09	2.6e+07	-53.749
4.4e+09	2.6e+07	-54.438
4e+08	2.7e+07	-39.804
5e+08	2.7e+07	-39.261
6e+08	2.7e+07	-39.334
7e+08	2.7e+07	-39.912
8e+08	2.7e+07	-40.669
9e+08	2.7e+07	-41.355
1e+09	2.7e+07	-42.203
1.1e+09	2.7e+07	-42.957
1.2e+09	2.7e+07	-43.456
1.3e+09	2.7e+07	-44.083
1.4e+09	2.7e+07	-44.688
1.5e+09	2.7e+07	-45.554
1.6e+09	2.7e+07	-46.379
1.7e+09	2.7e+07	-46.996
1.8e+09	2.7e+07	-47.567
1.9e+09	2.7e+07	-48.312
2e+09	2.7e+07	-49.074
2.1e+09	2.7e+07	-49.955
2.2e+09	2.7e+07	-50.849
2.3e+09	2.7e+07	-51.216
2.4e+09	2.7e+07	-51.577
2.5e+09	2.7e+07	-52.688
2.6e+09	2.7e+07	-53.781
2.7e+09	2.7e+07	-54.045
2.8e+09	2.7e+07	-53.418
2.9e+09	2.7e+07	-53.87
3e+09	2.7e+07	-55.016
3.1e+09	2.7e+07	-55.196
3.2e+09	2.7e+07	-54.526
3.3e+09	2.7e+07	-54.509
3.4e+09	2.7e+07	-55.375
3.5e+09	2.7e+07	-55.482
3.6e+09	2.7e+07	-55.564
3.7e+09	2.7e+07	-56.298
3.8e+09	2.7e+07	-56.893
3.9e+09	2.7e+07	-56.342
4e+09	2.7e+07	-56.915
4.1e+09	2.7e+07	-57.727
4.2e+09	2.7e+07	-57.587
4.3e+09	2.7e+07	-56.955
4.4e+09	2.7e+07	-57.559
4e+08	2.8e+07	-42.936
5e+08	2.8e+07	-42.376
6e+08	2.8e+07	-42.457
7e+08	2.8e+07	-43.03
8e+08	2.8e+07	-43.803
9e+08	2.8e+07	-44.495
1e+09	2.8e+07	-45.325
1.1e+09	2.8e+07	-46.086
1.2e+09	2.8e+07	-46.587
1.3e+09	2.8e+07	-47.185
1.4e+09	2.8e+07	-47.726
1.5e+09	2.8e+07	-48.683
1.6e+09	2.8e+07	-49.516
1.7e+09	2.8e+07	-50.146
1.8e+09	2.8e+07	-50.656
1.9e+09	2.8e+07	-51.454
2e+09	2.8e+07	-52.227
2.1e+09	2.8e+07	-53.04
2.2e+09	2.8e+07	-53.958
2.3e+09	2.8e+07	-54.291
2.4e+09	2.8e+07	-54.655
2.5e+09	2.8e+07	-55.704
2.6e+09	2.8e+07	-56.807
2.7e+09	2.8e+07	-57.073
2.8e+09	2.8e+07	-56.434
2.9e+09	2.8e+07	-56.935
3e+09	2.8e+07	-58.004
3.1e+09	2.8e+07	-58.196
3.2e+09	2.8e+07	-57.629
3.3e+09	2.8e+07	-57.593
3.4e+09	2.8e+07	-58.409
3.5e+09	2.8e+07	-58.582
3.6e+09	2.8e+07	-58.642
3.7e+09	2.8e+07	-59.551
3.8e+09	2.8e+07	-59.979
3.9e+09	2.8e+07	-59.511
4e+09	2.8e+07	-60.027
4.1e+09	2.8e+07	-60.85
4.2e+09	2.8e+07	-60.656
4.3e+09	2.8e+07	-59.961
4.4e+09	2.8e+07	-60.755
4e+08	2.9e+07	-46.063
5e+08	2.9e+07	-45.515
6e+08	2.9e+07	-45.625
7e+08	2.9e+07	-46.221
8e+08	2.9e+07	-46.986
9e+08	2.9e+07	-47.646
1e+09	2.9e+07	-48.468
1.1e+09	2.9e+07	-49.219
1.2e+09	2.9e+07	-49.757
1.3e+09	2.9e+07	-50.393
1.4e+09	2.9e+07	-50.881
1.5e+09	2.9e+07	-51.821
1.6e+09	2.9e+07	-52.653
1.7e+09	2.9e+07	-53.252
1.8e+09	2.9e+07	-53.83
1.9e+09	2.9e+07	-54.623
2e+09	2.9e+07	-55.339
2.1e+09	2.9e+07	-56.216
2.2e+09	2.9e+07	-57.06
2.3e+09	2.9e+07	-57.428
2.4e+09	2.9e+07	-57.79
2.5e+09	2.9e+07	-58.787
2.6e+09	2.9e+07	-59.981
2.7e+09	2.9e+07	-60.218
2.8e+09	2.9e+07	-59.586
2.9e+09	2.9e+07	-60.064
3e+09	2.9e+07	-61.118
3.1e+09	2.9e+07	-61.395
3.2e+09	2.9e+07	-60.763
3.3e+09	2.9e+07	-60.837
3.4e+09	2.9e+07	-61.569
3.5e+09	2.9e+07	-61.601
3.6e+09	2.9e+07	-61.668
3.7e+09	2.9e+07	-62.722
3.8e+09	2.9e+07	-63.132
3.9e+09	2.9e+07	-62.626
4e+09	2.9e+07	-63.289
4.1e+09	2.9e+07	-63.94
4.2e+09	2.9e+07	-63.822
4.3e+09	2.9e+07	-63.215
4.4e+09	2.9e+07	-63.944
4e+08	3e+07	-49.251
5e+08	3e+07	-48.738
6e+08	3e+07	-48.826
7e+08	3e+07	-49.4
8e+08	3e+07	-50.195
9e+08	3e+07	-50.833
1e+09	3e+07	-51.677
1.1e+09	3e+07	-52.444
1.2e+09	3e+07	-52.972
1.3e+09	3e+07	-53.518
1.4e+09	3e+07	-54.149
1.5e+09	3e+07	-55.033
1.6e+09	3e+07	-55.836
1.7e+09	3e+07	-56.539
1.8e+09	3e+07	-56.948
1.9e+09	3e+07	-57.818
2e+09	3e+07	-58.517
2.1e+09	3e+07	-59.365
2.2e+09	3e+07	-60.261
2.3e+09	3e+07	-60.565
2.4e+09	3e+07	-61.047
2.5e+09	3e+07	-62.074
2.6e+09	3e+07	-63.046
2.7e+09	3e+07	-63.377
2.8e+09	3e+07	-62.83
2.9e+09	3e+07	-63.368
3e+09	3e+07	-64.399
3.1e+09	3e+07	-64.611
3.2e+09	3e+07	-63.852
3.3e+09	3e+07	-64.074
3.4e+09	3e+07	-64.741
3.5e+09	3e+07	-65.077
3.6e+09	3e+07	-64.872
3.7e+09	3e+07	-66.031
3.8e+09	3e+07	-65.929
3.9e+09	3e+07	-65.756
4e+09	3e+07	-66.402
4.1e+09	3e+07	-67.348
4.2e+09	3e+07	-67.401
4.3e+09	3e+07	-66.191
4.4e+09	3e+07	-66.894
4e+08	3.1e+07	-52.618
5e+08	3.1e+07	-52.047
6e+08	3.1e+07	-52.191
7e+08	3.1e+07	-52.692
8e+08	3.1e+07	-53.457
9e+08	3.1e+07	-54.16
1e+09	3.1e+07	-54.993
1.1e+09	3.1e+07	-55.785
1.2e+09	3.1e+07	-56.281
1.3e+09	3.1e+07	-56.857
1.4e+09	3.1e+07	-57.425
1.5e+09	3.1e+07	-58.257
1.6e+09	3.1e+07	-59.128
1.7e+09	3.1e+07	-59.707
1.8e+09	3.1e+07	-60.327
1.9e+09	3.1e+07	-61.081
2e+09	3.1e+07	-61.952
2.1e+09	3.1e+07	-62.552
2.2e+09	3.1e+07	-63.651
2.3e+09	3.1e+07	-63.844
2.4e+09	3.1e+07	-64.336
2.5e+09	3.1e+07	-65.286
2.6e+09	3.1e+07	-66.432
2.7e+09	3.1e+07	-66.77
2.8e+09	3.1e+07	-66.005
2.9e+09	3.1e+07	-66.622
3e+09	3.1e+07	-67.713
3.1e+09	3.1e+07	-67.693
3.2e+09	3.1e+07	-67.416
3.3e+09	3.1e+07	-67.346
3.4e+09	3.1e+07	-67.923
3.5e+09	3.1e+07	-68.323
3.6e+09	3.1e+07	-68.242
3.7e+09	3.1e+07	-68.899
3.8e+09	3.1e+07	-69.415
3.9e+09	3.1e+07	-69.07
4e+09	3.1e+07	-69.711
4.1e+09	3.1e+07	-70.164
4.2e+09	3.1e+07	-70.274
4.3e+09	3.1e+07	-69.036
4.4e+09	3.1e+07	-70.131
4e+08	3.2e+07	-55.955
5e+08	3.2e+07	-55.492
6e+08	3.2e+07	-55.523
7e+08	3.2e+07	-56.157
8e+08	3.2e+07	-56.859
9e+08	3.2e+07	-57.641
1e+09	3.2e+07	-58.409
1.1e+09	3.2e+07	-59.124
1.2e+09	3.2e+07	-59.646
1.3e+09	3.2e+07	-60.206
1.4e+09	3.2e+07	-60.815
1.5e+09	3.2e+07	-61.684
1.6e+09	3.2e+07	-62.619
1.7e+09	3.2e+07	-63.152
1.8e+09	3.2e+07	-63.759
1.9e+09	3.2e+07	-64.343
2e+09	3.2e+07	-65.206
2.1e+09	3.2e+07	-65.95
2.2e+09	3.2e+07	-66.953
2.3e+09	3.2e+07	-67.151
2.4e+09	3.2e+07	-67.484
2.5e+09	3.2e+07	-68.991
2.6e+09	3.2e+07	-69.715
2.7e+09	3.2e+07	-69.811
2.8e+09	3.2e+07	-69.116
2.9e+09	3.2e+07	-69.523
3e+09	3.2e+07	-71.229
3.1e+09	3.2e+07	-71.27
3.2e+09	3.2e+07	-70.236
3.3e+09	3.2e+07	-70.423
3.4e+09	3.2e+07	-71.554
3.5e+09	3.2e+07	-71.397
3.6e+09	3.2e+07	-71.412
3.7e+09	3.2e+07	-72.349
3.8e+09	3.2e+07	-72.599
3.9e+09	3.2e+07	-72.285
4e+09	3.2e+07	-72.44
4.1e+09	3.2e+07	-73.495
4.2e+09	3.2e+07	-73.406
4.3e+09	3.2e+07	-72.963
4.4e+09	3.2e+07	-72.993
4e+08	3.3e+07	-59.587
5e+08	3.3e+07	-59.079
6e+08	3.3e+07	-59.076
7e+08	3.3e+07	-59.704
8e+08	3.3e+07	-60.479
9e+08	3.3e+07	-61.045
1e+09	3.3e+07	-62.022
1.1e+09	3.3e+07	-62.606
1.2e+09	3.3e+07	-63.238
1.3e+09	3.3e+07	-63.803
1.4e+09	3.3e+07	-64.092
1.5e+09	3.3e+07	-65.259
1.6e+09	3.3e+07	-65.996
1.7e+09	3.3e+07	-66.826
1.8e+09	3.3e+07	-66.938
1.9e+09	3.3e+07	-67.861
2e+09	3.3e+07	-68.815
2.1e+09	3.3e+07	-69.38
2.2e+09	3.3e+07	-70.627
2.3e+09	3.3e+07	-70.672
2.4e+09	3.3e+07	-71.402
2.5e+09	3.3e+07	-71.886
2.6e+09	3.3e+07	-72.89
2.7e+09	3.3e+07	-73.475
2.8e+09	3.3e+07	-72.912
2.9e+09	3.3e+07	-73.724
3e+09	3.3e+07	-73.903
3.1e+09	3.3e+07	-74.564
3.2e+09	3.3e+07	-74.013
3.3e+09	3.3e+07	-73.566
3.4e+09	3.3e+07	-74.584
3.5e+09	3.3e+07	-74.761
3.6e+09	3.3e+07	-74.712
3.7e+09	3.3e+07	-76.486
3.8e+09	3.3e+07	-75.416
3.9e+09	3.3e+07	-75.889
4e+09	3.3e+07	-76.139
4.1e+09	3.3e+07	-76.521
4.2e+09	3.3e+07	-76.362
4.3e+09	3.3e+07	-76.116
4.4e+09	3.3e+07	-76.598
4e+08	3.4e+07	-63.214
5e+08	3.4e+07	-62.728
6e+08	3.4e+07	-62.795
7e+08	3.4e+07	-63.481
8e+08	3.4e+07	-64.082
9e+08	3.4e+07	-64.575
1e+09	3.4e+07	-65.288
1.1e+09	3.4e+07	-66.352
1.2e+09	3.4e+07	-66.55
1.3e+09	3.4e+07	-67.37
1.4e+09	3.4e+07	-67.796
1.5e+09	3.4e+07	-68.89
1.6e+09	3.4e+07	-69.57
1.7e+09	3.4e+07	-70.34
1.8e+09	3.4e+07	-70.759
1.9e+09	3.4e+07	-71.844
2e+09	3.4e+07	-72.206
2.1e+09	3.4e+07	-73.022
2.2e+09	3.4e+07	-73.696
2.3e+09	3.4e+07	-74.354
2.4e+09	3.4e+07	-74.341
2.5e+09	3.4e+07	-75.814
2.6e+09	3.4e+07	-77.195
2.7e+09	3.4e+07	-76.643
2.8e+09	3.4e+07	-76.112
2.9e+09	3.4e+07	-76.43
3e+09	3.4e+07	-77.83
3.1e+09	3.4e+07	-78.03
3.2e+09	3.4e+07	-77.093
3.3e+09	3.4e+07	-76.488
3.4e+09	3.4e+07	-77.294
3.5e+09	3.4e+07	-77.044
3.6e+09	3.4e+07	-78.959
3.7e+09	3.4e+07	-78.437
3.8e+09	3.4e+07	-78.566
3.9e+09	3.4e+07	-77.699
4e+09	3.4e+07	-79.261
4.1e+09	3.4e+07	-79.653
4.2e+09	3.4e+07	-79.058
4.3e+09	3.4e+07	-78.997
4.4e+09	3.4e+07	-78.72
4e+08	3.5e+07	-66.759
5e+08	3.5e+07	-66.15
6e+08	3.5e+07	-65.881
7e+08	3.5e+07	-66.931
8e+08	3.5e+07	-67.766
9e+08	3.5e+07	-68.377
1e+09	3.5e+07	-69.285
1.1e+09	3.5e+07	-70.156
1.2e+09	3.5e+07	-70.705
1.3e+09	3.5e+07	-71.076
1.4e+09	3.5e+07	-71.677
1.5e+09	3.5e+07	-72.984
1.6e+09	3.5e+07	-72.854
1.7e+09	3.5e+07	-74.178
1.8e+09	3.5e+07	-74.641
1.9e+09	3.5e+07	-75.159
2e+09	3.5e+07	-75.677
2.1e+09	3.5e+07	-77.497
2.2e+09	3.5e+07	-77.579
2.3e+09	3.5e+07	-77.336
2.4e+09	3.5e+07	-77.668
2.5e+09	3.5e+07	-79.151
2.6e+09	3.5e+07	-79.766
2.7e+09	3.5e+07	-79.935
2.8e+09	3.5e+07	-79.832
2.9e+09	3.5e+07	-80.561
3e+09	3.5e+07	-81.437
3.1e+09	3.5e+07	-80.417
3.2e+09	3.5e+07	-79.96
3.3e+09	3.5e+07	-81.173
3.4e+09	3.5e+07	-80.468
3.5e+09	3.5e+07	-79.968
3.6e+09	3.5e+07	-79.965
3.7e+09	3.5e+07	-79.199
3.8e+09	3.5e+07	-80.316
3.9e+09	3.5e+07	-80.543
4e+09	3.5e+07	-81.097
4.1e+09	3.5e+07	-80.948
4.2e+09	3.5e+07	-81.258
4.3e+09	3.5e+07	-80.933
4.4e+09	3.5e+07	-82.311
4e+08	3.6e+07	-71.636
5e+08	3.6e+07	-70.514
6e+08	3.6e+07	-70.439
7e+08	3.6e+07	-70.925
8e+08	3.6e+07	-72.199
9e+08	3.6e+07	-72.673
1e+09	3.6e+07	-73.117
1.1e+09	3.6e+07	-73.972
1.2e+09	3.6e+07	-74.886
1.3e+09	3.6e+07	-75.192
1.4e+09	3.6e+07	-74.94
1.5e+09	3.6e+07	-75.765
1.6e+09	3.6e+07	-77.544
1.7e+09	3.6e+07	-77.085
1.8e+09	3.6e+07	-79.155
1.9e+09	3.6e+07	-78.38
2e+09	3.6e+07	-78.725
2.1e+09	3.6e+07	-80.126
2.2e+09	3.6e+07	-80.719
2.3e+09	3.6e+07	-80.974
2.4e+09	3.6e+07	-81.083
2.5e+09	3.6e+07	-80.743
2.6e+09	3.6e+07	-82.052
2.7e+09	3.6e+07	-81.942
2.8e+09	3.6e+07	-81.668
2.9e+09	3.6e+07	-82.712
3e+09	3.6e+07	-82.068
3.1e+09	3.6e+07	-81.98
3.2e+09	3.6e+07	-81.639
3.3e+09	3.6e+07	-83.887
3.4e+09	3.6e+07	-82.305
3.5e+09	3.6e+07	-81.923
3.6e+09	3.6e+07	-79.881
3.7e+09	3.6e+07	-79.726
3.8e+09	3.6e+07	-80.943
3.9e+09	3.6e+07	-81.693
4e+09	3.6e+07	-82.151
4.1e+09	3.6e+07	-83.547
4.2e+09	3.6e+07	-82.274
4.3e+09	3.6e+07	-82.753
4.4e+09	3.6e+07	-81.397
4e+08	3.7e+07	-75.915
5e+08	3.7e+07	-75.075
6e+08	3.7e+07	-74.961
7e+08	3.7e+07	-76.276
8e+08	3.7e+07	-76.824
9e+08	3.7e+07	-76.645
1e+09	3.7e+07	-78.125
1.1e+09	3.7e+07	-78.618
1.2e+09	3.7e+07	-78.313
1.3e+09	3.7e+07	-79.704
1.4e+09	3.7e+07	-79.3
1.5e+09	3.7e+07	-80.918
1.6e+09	3.7e+07	-81.703
1.7e+09	3.7e+07	-81.293
1.8e+09	3.7e+07	-81.246
1.9e+09	3.7e+07	-82.316
2e+09	3.7e+07	-82.392
2.1e+09	3.7e+07	-82.754
2.2e+09	3.7e+07	-83.485
2.3e+09	3.7e+07	-83.419
2.4e+09	3.7e+07	-82.775
2.5e+09	3.7e+07	-82.654
2.6e+09	3.7e+07	-83.359
2.7e+09	3.7e+07	-83.145
2.8e+09	3.7e+07	-83.21
2.9e+09	3.7e+07	-83.517
3e+09	3.7e+07	-83.616
3.1e+09	3.7e+07	-82.264
3.2e+09	3.7e+07	-82.698
3.3e+09	3.7e+07	-82.038
3.4e+09	3.7e+07	-83.306
3.5e+09	3.7e+07	-81.82
3.6e+09	3.7e+07	-80.126
3.7e+09	3.7e+07	-80.484
3.8e+09	3.7e+07	-81.842
3.9e+09	3.7e+07	-82.85
4e+09	3.7e+07	-82.826
4.1e+09	3.7e+07	-83.868
4.2e+09	3.7e+07	-84.658
4.3e+09	3.7e+07	-81.839
4.4e+09	3.7e+07	-82.792
4e+08	3.8e+07	-81.181
5e+08	3.8e+07	-80.494
6e+08	3.8e+07	-78.994
7e+08	3.8e+07	-80.633
8e+08	3.8e+07	-80.807
9e+08	3.8e+07	-81.46
1e+09	3.8e+07	-81.573
1.1e+09	3.8e+07	-81.905
1.2e+09	3.8e+07	-81.516
1.3e+09	3.8e+07	-82.044
1.4e+09	3.8e+07	-81.662
1.5e+09	3.8e+07	-83.666
1.6e+09	3.8e+07	-83.645
1.7e+09	3.8e+07	-83.504
1.8e+09	3.8e+07	-83.365
1.9e+09	3.8e+07	-83.298
2e+09	3.8e+07	-82.427
2.1e+09	3.8e+07	-84.465
2.2e+09	3.8e+07	-84.834
2.3e+09	3.8e+07	-83.694
2.4e+09	3.8e+07	-84.626
2.5e+09	3.8e+07	-82.98
2.6e+09	3.8e+07	-83.9
2.7e+09	3.8e+07	-84.687
2.8e+09	3.8e+07	-83.364
2.9e+09	3.8e+07	-84.128
3e+09	3.8e+07	-83.687
3.1e+09	3.8e+07	-83.872
3.2e+09	3.8e+07	-83.337
3.3e+09	3.8e+07	-83.28
3.4e+09	3.8e+07	-83.135
3.5e+09	3.8e+07	-82.006
3.6e+09	3.8e+07	-81.91
3.7e+09	3.8e+07	-80.482
3.8e+09	3.8e+07	-81.762
3.9e+09	3.8e+07	-82.866
4e+09	3.8e+07	-83.481
4.1e+09	3.8e+07	-83.839
4.2e+09	3.8e+07	-82.397
4.3e+09	3.8e+07	-82.568
4.4e+09	3.8e+07	-82.322
4e+08	3.9e+07	-82.215
5e+08	3.9e+07	-82.489
6e+08	3.9e+07	-82.426
7e+08	3.9e+07	-82.107
8e+08	3.9e+07	-83.183
9e+08	3.9e+07	-83.681
1e+09	3.9e+07	-83.053
1.1e+09	3.9e+07	-82.436
1.2e+09	3.9e+07	-84.295
1.3e+09	3.9e+07	-83.278
1.4e+09	3.9e+07	-82.895
1.5e+09	3.9e+07	-83.287
1.6e+09	3.9e+07	-83.713
1.7e+09	3.9e+07	-82.887
1.8e+09	3.9e+07	-84.157
1.9e+09	3.9e+07	-84.445
2e+09	3.9e+07	-83.375
2.1e+09	3.9e+07	-85.029
2.2e+09	3.9e+07	-85.849
2.3e+09	3.9e+07	-84.049
2.4e+09	3.9e+07	-83.253
2.5e+09	3.9e+07	-83.514
2.6e+09	3.9e+07	-83.193
2.7e+09	3.9e+07	-83.577
2.8e+09	3.9e+07	-84.191
2.9e+09	3.9e+07	-83.492
3e+09	3.9e+07	-84.013
3.1e+09	3.9e+07	-83.261
3.2e+09	3.9e+07	-83.903
3.3e+09	3.9e+07	-82.613
3.4e+09	3.9e+07	-82.436
3.5e+09	3.9e+07	-83.413
3.6e+09	3.9e+07	-80.728
3.7e+09	3.9e+07	-80.21
3.8e+09	3.9e+07	-83.088
3.9e+09	3.9e+07	-83.483
4e+09	3.9e+07	-83.482
4.1e+09	3.9e+07	-83.647
4.2e+09	3.9e+07	-83.416
4.3e+09	3.9e+07	-82.51
4.4e+09	3.9e+07	-82.928
4e+08	4e+07	-83.187
5e+08	4e+07	-84.007
6e+08	4e+07	-83.011
7e+08	4e+07	-82.802
8e+08	4e+07	-84.243
9e+08	4e+07	-83.919
1e+09	4e+07	-83.318
1.1e+09	4e+07	-82.542
1.2e+09	4e+07	-83.802
1.3e+09	4e+07	-84.948
1.4e+09	4e+07	-84.304
1.5e+09	4e+07	-83.4
1.6e+09	4e+07	-83.856
1.7e+09	4e+07	-84.299
1.8e+09	4e+07	-84.269
1.9e+09	4e+07	-84.93
2e+09	4e+07	-85.016
2.1e+09	4e+07	-84.359
2.2e+09	4e+07	-84.397
2.3e+09	4e+07	-85.016
2.4e+09	4e+07	-84.649
2.5e+09	4e+07	-83.976
2.6e+09	4e+07	-83.923
2.7e+09	4e+07	-83.94
2.8e+09	4e+07	-83.923
2.9e+09	4e+07	-84.471
3e+09	4e+07	-85.066
3.1e+09	4e+07	-84.308
3.2e+09	4e+07	-83.566
3.3e+09	4e+07	-84.426
3.4e+09	4e+07	-83.635
3.5e+09	4e+07	-83.097
3.6e+09	4e+07	-81.393
3.7e+09	4e+07	-79.417
3.8e+09	4e+07	-83.098
3.9e+09	4e+07	-83.28
4e+09	4e+07	-83.695
4.1e+09	4e+07	-83.044
4.2e+09	4e+07	-82.622
4.3e+09	4e+07	-81.324
4.4e+09	4e+07	-82.276
