4e+08	-1.7e+07	-82.58
5e+08	-1.7e+07	-81.692
6e+08	-1.7e+07	-83.233
7e+08	-1.7e+07	-80.742
8e+08	-1.7e+07	-82.698
9e+08	-1.7e+07	-81.11
1e+09	-1.7e+07	-81.511
1.1e+09	-1.7e+07	-84.497
1.2e+09	-1.7e+07	-83.378
1.3e+09	-1.7e+07	-83.169
1.4e+09	-1.7e+07	-83.152
1.5e+09	-1.7e+07	-82.01
1.6e+09	-1.7e+07	-83.301
1.7e+09	-1.7e+07	-83.384
1.8e+09	-1.7e+07	-83.098
1.9e+09	-1.7e+07	-83.24
2e+09	-1.7e+07	-83.763
2.1e+09	-1.7e+07	-83.778
2.2e+09	-1.7e+07	-84.683
2.3e+09	-1.7e+07	-84.696
2.4e+09	-1.7e+07	-84.447
2.5e+09	-1.7e+07	-83.377
2.6e+09	-1.7e+07	-83.624
2.7e+09	-1.7e+07	-83.884
2.8e+09	-1.7e+07	-83.471
2.9e+09	-1.7e+07	-83.548
3e+09	-1.7e+07	-85.361
3.1e+09	-1.7e+07	-83.575
3.2e+09	-1.7e+07	-83.951
3.3e+09	-1.7e+07	-83.039
3.4e+09	-1.7e+07	-82.587
3.5e+09	-1.7e+07	-84.63
3.6e+09	-1.7e+07	-81.74
3.7e+09	-1.7e+07	-80.622
3.8e+09	-1.7e+07	-80.353
3.9e+09	-1.7e+07	-83.035
4e+09	-1.7e+07	-83.674
4.1e+09	-1.7e+07	-82.664
4.2e+09	-1.7e+07	-81.714
4.3e+09	-1.7e+07	-83.54
4.4e+09	-1.7e+07	-83.204
4e+08	-1.65e+07	-81.204
5e+08	-1.65e+07	-81.027
6e+08	-1.65e+07	-79.989
7e+08	-1.65e+07	-80.171
8e+08	-1.65e+07	-80.473
9e+08	-1.65e+07	-81.355
1e+09	-1.65e+07	-81.06
1.1e+09	-1.65e+07	-80.921
1.2e+09	-1.65e+07	-83.645
1.3e+09	-1.65e+07	-81.777
1.4e+09	-1.65e+07	-82.055
1.5e+09	-1.65e+07	-82.41
1.6e+09	-1.65e+07	-82.878
1.7e+09	-1.65e+07	-82.534
1.8e+09	-1.65e+07	-83.234
1.9e+09	-1.65e+07	-83.317
2e+09	-1.65e+07	-83.395
2.1e+09	-1.65e+07	-83.815
2.2e+09	-1.65e+07	-83.881
2.3e+09	-1.65e+07	-85.085
2.4e+09	-1.65e+07	-84.438
2.5e+09	-1.65e+07	-82.711
2.6e+09	-1.65e+07	-85.132
2.7e+09	-1.65e+07	-85.01
2.8e+09	-1.65e+07	-83.519
2.9e+09	-1.65e+07	-84.717
3e+09	-1.65e+07	-83.876
3.1e+09	-1.65e+07	-83.605
3.2e+09	-1.65e+07	-83.181
3.3e+09	-1.65e+07	-83.343
3.4e+09	-1.65e+07	-83.246
3.5e+09	-1.65e+07	-83.003
3.6e+09	-1.65e+07	-81.958
3.7e+09	-1.65e+07	-80.565
3.8e+09	-1.65e+07	-82.55
3.9e+09	-1.65e+07	-82.223
4e+09	-1.65e+07	-81.797
4.1e+09	-1.65e+07	-82.579
4.2e+09	-1.65e+07	-82.547
4.3e+09	-1.65e+07	-83.109
4.4e+09	-1.65e+07	-82.242
4e+08	-1.6e+07	-65.217
5e+08	-1.6e+07	-64.566
6e+08	-1.6e+07	-64.007
7e+08	-1.6e+07	-64.665
8e+08	-1.6e+07	-65.255
9e+08	-1.6e+07	-65.569
1e+09	-1.6e+07	-66.069
1.1e+09	-1.6e+07	-67.413
1.2e+09	-1.6e+07	-67.22
1.3e+09	-1.6e+07	-67.891
1.4e+09	-1.6e+07	-69.71
1.5e+09	-1.6e+07	-69.729
1.6e+09	-1.6e+07	-70.083
1.7e+09	-1.6e+07	-70.728
1.8e+09	-1.6e+07	-71.332
1.9e+09	-1.6e+07	-71.501
2e+09	-1.6e+07	-72.687
2.1e+09	-1.6e+07	-73.441
2.2e+09	-1.6e+07	-74.077
2.3e+09	-1.6e+07	-74.226
2.4e+09	-1.6e+07	-74.256
2.5e+09	-1.6e+07	-76.382
2.6e+09	-1.6e+07	-76.293
2.7e+09	-1.6e+07	-76.292
2.8e+09	-1.6e+07	-77.052
2.9e+09	-1.6e+07	-76.894
3e+09	-1.6e+07	-77.905
3.1e+09	-1.6e+07	-77.788
3.2e+09	-1.6e+07	-77.658
3.3e+09	-1.6e+07	-76.931
3.4e+09	-1.6e+07	-77.583
3.5e+09	-1.6e+07	-79.805
3.6e+09	-1.6e+07	-78.203
3.7e+09	-1.6e+07	-77.961
3.8e+09	-1.6e+07	-77.445
3.9e+09	-1.6e+07	-78.865
4e+09	-1.6e+07	-78.576
4.1e+09	-1.6e+07	-79.343
4.2e+09	-1.6e+07	-79.599
4.3e+09	-1.6e+07	-79.072
4.4e+09	-1.6e+07	-79.404
4e+08	-1.55e+07	-46.901
5e+08	-1.55e+07	-46.164
6e+08	-1.55e+07	-46.068
7e+08	-1.55e+07	-46.363
8e+08	-1.55e+07	-46.821
9e+08	-1.55e+07	-47.268
1e+09	-1.55e+07	-47.77
1.1e+09	-1.55e+07	-48.736
1.2e+09	-1.55e+07	-49.163
1.3e+09	-1.55e+07	-49.714
1.4e+09	-1.55e+07	-50.65
1.5e+09	-1.55e+07	-50.987
1.6e+09	-1.55e+07	-51.748
1.7e+09	-1.55e+07	-52.433
1.8e+09	-1.55e+07	-52.879
1.9e+09	-1.55e+07	-53.394
2e+09	-1.55e+07	-54.133
2.1e+09	-1.55e+07	-54.952
2.2e+09	-1.55e+07	-55.777
2.3e+09	-1.55e+07	-56.269
2.4e+09	-1.55e+07	-56.345
2.5e+09	-1.55e+07	-57.102
2.6e+09	-1.55e+07	-58.286
2.7e+09	-1.55e+07	-59.085
2.8e+09	-1.55e+07	-58.761
2.9e+09	-1.55e+07	-58.469
3e+09	-1.55e+07	-59.535
3.1e+09	-1.55e+07	-60.385
3.2e+09	-1.55e+07	-59.915
3.3e+09	-1.55e+07	-59.441
3.4e+09	-1.55e+07	-59.941
3.5e+09	-1.55e+07	-60.376
3.6e+09	-1.55e+07	-60.046
3.7e+09	-1.55e+07	-61.2
3.8e+09	-1.55e+07	-62.061
3.9e+09	-1.55e+07	-61.679
4e+09	-1.55e+07	-61.894
4.1e+09	-1.55e+07	-62.634
4.2e+09	-1.55e+07	-63.224
4.3e+09	-1.55e+07	-62.329
4.4e+09	-1.55e+07	-62.185
4e+08	-1.5e+07	-35.385
5e+08	-1.5e+07	-34.674
6e+08	-1.5e+07	-34.595
7e+08	-1.5e+07	-34.899
8e+08	-1.5e+07	-35.327
9e+08	-1.5e+07	-35.774
1e+09	-1.5e+07	-36.332
1.1e+09	-1.5e+07	-37.277
1.2e+09	-1.5e+07	-37.7
1.3e+09	-1.5e+07	-38.277
1.4e+09	-1.5e+07	-39.249
1.5e+09	-1.5e+07	-39.504
1.6e+09	-1.5e+07	-40.337
1.7e+09	-1.5e+07	-40.917
1.8e+09	-1.5e+07	-41.505
1.9e+09	-1.5e+07	-42.015
2e+09	-1.5e+07	-42.714
2.1e+09	-1.5e+07	-43.576
2.2e+09	-1.5e+07	-44.418
2.3e+09	-1.5e+07	-44.842
2.4e+09	-1.5e+07	-44.947
2.5e+09	-1.5e+07	-45.764
2.6e+09	-1.5e+07	-46.942
2.7e+09	-1.5e+07	-47.582
2.8e+09	-1.5e+07	-47.336
2.9e+09	-1.5e+07	-47.042
3e+09	-1.5e+07	-48.16
3.1e+09	-1.5e+07	-48.924
3.2e+09	-1.5e+07	-48.427
3.3e+09	-1.5e+07	-48.012
3.4e+09	-1.5e+07	-48.71
3.5e+09	-1.5e+07	-49.082
3.6e+09	-1.5e+07	-48.747
3.7e+09	-1.5e+07	-49.83
3.8e+09	-1.5e+07	-50.605
3.9e+09	-1.5e+07	-50.388
4e+09	-1.5e+07	-50.229
4.1e+09	-1.5e+07	-51.201
4.2e+09	-1.5e+07	-51.654
4.3e+09	-1.5e+07	-50.93
4.4e+09	-1.5e+07	-50.82
4e+08	-1.45e+07	-26.831
5e+08	-1.45e+07	-26.138
6e+08	-1.45e+07	-26.088
7e+08	-1.45e+07	-26.39
8e+08	-1.45e+07	-26.843
9e+08	-1.45e+07	-27.302
1e+09	-1.45e+07	-27.943
1.1e+09	-1.45e+07	-28.811
1.2e+09	-1.45e+07	-29.234
1.3e+09	-1.45e+07	-29.82
1.4e+09	-1.45e+07	-30.769
1.5e+09	-1.45e+07	-31.053
1.6e+09	-1.45e+07	-31.858
1.7e+09	-1.45e+07	-32.489
1.8e+09	-1.45e+07	-33.046
1.9e+09	-1.45e+07	-33.568
2e+09	-1.45e+07	-34.283
2.1e+09	-1.45e+07	-35.135
2.2e+09	-1.45e+07	-35.971
2.3e+09	-1.45e+07	-36.395
2.4e+09	-1.45e+07	-36.503
2.5e+09	-1.45e+07	-37.327
2.6e+09	-1.45e+07	-38.462
2.7e+09	-1.45e+07	-39.125
2.8e+09	-1.45e+07	-38.897
2.9e+09	-1.45e+07	-38.576
3e+09	-1.45e+07	-39.684
3.1e+09	-1.45e+07	-40.493
3.2e+09	-1.45e+07	-39.962
3.3e+09	-1.45e+07	-39.566
3.4e+09	-1.45e+07	-40.309
3.5e+09	-1.45e+07	-40.641
3.6e+09	-1.45e+07	-40.281
3.7e+09	-1.45e+07	-41.366
3.8e+09	-1.45e+07	-42.154
3.9e+09	-1.45e+07	-41.826
4e+09	-1.45e+07	-41.832
4.1e+09	-1.45e+07	-42.788
4.2e+09	-1.45e+07	-43.183
4.3e+09	-1.45e+07	-42.45
4.4e+09	-1.45e+07	-42.379
4e+08	-1.4e+07	-20.193
5e+08	-1.4e+07	-19.525
6e+08	-1.4e+07	-19.496
7e+08	-1.4e+07	-19.811
8e+08	-1.4e+07	-20.273
9e+08	-1.4e+07	-20.74
1e+09	-1.4e+07	-21.397
1.1e+09	-1.4e+07	-22.258
1.2e+09	-1.4e+07	-22.691
1.3e+09	-1.4e+07	-23.273
1.4e+09	-1.4e+07	-24.231
1.5e+09	-1.4e+07	-24.509
1.6e+09	-1.4e+07	-25.323
1.7e+09	-1.4e+07	-25.947
1.8e+09	-1.4e+07	-26.508
1.9e+09	-1.4e+07	-27.049
2e+09	-1.4e+07	-27.743
2.1e+09	-1.4e+07	-28.616
2.2e+09	-1.4e+07	-29.452
2.3e+09	-1.4e+07	-29.876
2.4e+09	-1.4e+07	-29.98
2.5e+09	-1.4e+07	-30.814
2.6e+09	-1.4e+07	-31.953
2.7e+09	-1.4e+07	-32.611
2.8e+09	-1.4e+07	-32.372
2.9e+09	-1.4e+07	-32.05
3e+09	-1.4e+07	-33.18
3.1e+09	-1.4e+07	-33.961
3.2e+09	-1.4e+07	-33.443
3.3e+09	-1.4e+07	-33.046
3.4e+09	-1.4e+07	-33.798
3.5e+09	-1.4e+07	-34.116
3.6e+09	-1.4e+07	-33.744
3.7e+09	-1.4e+07	-34.856
3.8e+09	-1.4e+07	-35.648
3.9e+09	-1.4e+07	-35.311
4e+09	-1.4e+07	-35.299
4.1e+09	-1.4e+07	-36.267
4.2e+09	-1.4e+07	-36.657
4.3e+09	-1.4e+07	-35.927
4.4e+09	-1.4e+07	-35.854
4e+08	-1.35e+07	-14.972
5e+08	-1.35e+07	-14.329
6e+08	-1.35e+07	-14.315
7e+08	-1.35e+07	-14.637
8e+08	-1.35e+07	-15.107
9e+08	-1.35e+07	-15.581
1e+09	-1.35e+07	-16.194
1.1e+09	-1.35e+07	-17.105
1.2e+09	-1.35e+07	-17.541
1.3e+09	-1.35e+07	-18.123
1.4e+09	-1.35e+07	-19.093
1.5e+09	-1.35e+07	-19.373
1.6e+09	-1.35e+07	-20.212
1.7e+09	-1.35e+07	-20.816
1.8e+09	-1.35e+07	-21.38
1.9e+09	-1.35e+07	-21.926
2e+09	-1.35e+07	-22.617
2.1e+09	-1.35e+07	-23.497
2.2e+09	-1.35e+07	-24.333
2.3e+09	-1.35e+07	-24.76
2.4e+09	-1.35e+07	-24.867
2.5e+09	-1.35e+07	-25.696
2.6e+09	-1.35e+07	-26.844
2.7e+09	-1.35e+07	-27.497
2.8e+09	-1.35e+07	-27.253
2.9e+09	-1.35e+07	-26.943
3e+09	-1.35e+07	-28.077
3.1e+09	-1.35e+07	-28.851
3.2e+09	-1.35e+07	-28.319
3.3e+09	-1.35e+07	-27.939
3.4e+09	-1.35e+07	-28.684
3.5e+09	-1.35e+07	-29.004
3.6e+09	-1.35e+07	-28.615
3.7e+09	-1.35e+07	-29.743
3.8e+09	-1.35e+07	-30.53
3.9e+09	-1.35e+07	-30.2
4e+09	-1.35e+07	-30.198
4.1e+09	-1.35e+07	-31.17
4.2e+09	-1.35e+07	-31.556
4.3e+09	-1.35e+07	-30.822
4.4e+09	-1.35e+07	-30.749
4e+08	-1.3e+07	-10.89
5e+08	-1.3e+07	-10.266
6e+08	-1.3e+07	-10.259
7e+08	-1.3e+07	-10.587
8e+08	-1.3e+07	-11.062
9e+08	-1.3e+07	-11.538
1e+09	-1.3e+07	-12.112
1.1e+09	-1.3e+07	-13.066
1.2e+09	-1.3e+07	-13.504
1.3e+09	-1.3e+07	-14.088
1.4e+09	-1.3e+07	-15.061
1.5e+09	-1.3e+07	-15.345
1.6e+09	-1.3e+07	-16.188
1.7e+09	-1.3e+07	-16.794
1.8e+09	-1.3e+07	-17.357
1.9e+09	-1.3e+07	-17.909
2e+09	-1.3e+07	-18.625
2.1e+09	-1.3e+07	-19.487
2.2e+09	-1.3e+07	-20.322
2.3e+09	-1.3e+07	-20.747
2.4e+09	-1.3e+07	-20.882
2.5e+09	-1.3e+07	-21.688
2.6e+09	-1.3e+07	-22.837
2.7e+09	-1.3e+07	-23.49
2.8e+09	-1.3e+07	-23.237
2.9e+09	-1.3e+07	-22.936
3e+09	-1.3e+07	-24.073
3.1e+09	-1.3e+07	-24.847
3.2e+09	-1.3e+07	-24.309
3.3e+09	-1.3e+07	-23.935
3.4e+09	-1.3e+07	-24.681
3.5e+09	-1.3e+07	-25.002
3.6e+09	-1.3e+07	-24.6
3.7e+09	-1.3e+07	-25.752
3.8e+09	-1.3e+07	-26.526
3.9e+09	-1.3e+07	-26.199
4e+09	-1.3e+07	-26.199
4.1e+09	-1.3e+07	-27.174
4.2e+09	-1.3e+07	-27.557
4.3e+09	-1.3e+07	-26.812
4.4e+09	-1.3e+07	-26.745
4e+08	-1.25e+07	-7.6906
5e+08	-1.25e+07	-7.1056
6e+08	-1.25e+07	-7.1384
7e+08	-1.25e+07	-7.4805
8e+08	-1.25e+07	-7.9656
9e+08	-1.25e+07	-8.451
1e+09	-1.25e+07	-9.0291
1.1e+09	-1.25e+07	-9.9914
1.2e+09	-1.25e+07	-10.432
1.3e+09	-1.25e+07	-11.018
1.4e+09	-1.25e+07	-11.993
1.5e+09	-1.25e+07	-12.278
1.6e+09	-1.25e+07	-13.118
1.7e+09	-1.25e+07	-13.723
1.8e+09	-1.25e+07	-14.287
1.9e+09	-1.25e+07	-14.846
2e+09	-1.25e+07	-15.567
2.1e+09	-1.25e+07	-16.433
2.2e+09	-1.25e+07	-17.271
2.3e+09	-1.25e+07	-17.693
2.4e+09	-1.25e+07	-17.854
2.5e+09	-1.25e+07	-18.637
2.6e+09	-1.25e+07	-19.786
2.7e+09	-1.25e+07	-20.43
2.8e+09	-1.25e+07	-20.173
2.9e+09	-1.25e+07	-19.878
3e+09	-1.25e+07	-21.019
3.1e+09	-1.25e+07	-21.785
3.2e+09	-1.25e+07	-21.24
3.3e+09	-1.25e+07	-20.872
3.4e+09	-1.25e+07	-21.617
3.5e+09	-1.25e+07	-21.929
3.6e+09	-1.25e+07	-21.51
3.7e+09	-1.25e+07	-22.686
3.8e+09	-1.25e+07	-23.458
3.9e+09	-1.25e+07	-23.123
4e+09	-1.25e+07	-23.124
4.1e+09	-1.25e+07	-24.1
4.2e+09	-1.25e+07	-24.478
4.3e+09	-1.25e+07	-23.729
4.4e+09	-1.25e+07	-23.672
4e+08	-1.2e+07	-5.4277
5e+08	-1.2e+07	-4.8158
6e+08	-1.2e+07	-4.8166
7e+08	-1.2e+07	-5.1505
8e+08	-1.2e+07	-5.6228
9e+08	-1.2e+07	-6.1
1e+09	-1.2e+07	-6.6739
1.1e+09	-1.2e+07	-7.6327
1.2e+09	-1.2e+07	-8.0682
1.3e+09	-1.2e+07	-8.6488
1.4e+09	-1.2e+07	-9.6184
1.5e+09	-1.2e+07	-9.9138
1.6e+09	-1.2e+07	-10.759
1.7e+09	-1.2e+07	-11.365
1.8e+09	-1.2e+07	-11.927
1.9e+09	-1.2e+07	-12.485
2e+09	-1.2e+07	-13.202
2.1e+09	-1.2e+07	-14.072
2.2e+09	-1.2e+07	-14.906
2.3e+09	-1.2e+07	-15.327
2.4e+09	-1.2e+07	-15.49
2.5e+09	-1.2e+07	-16.276
2.6e+09	-1.2e+07	-17.43
2.7e+09	-1.2e+07	-18.072
2.8e+09	-1.2e+07	-17.812
2.9e+09	-1.2e+07	-17.526
3e+09	-1.2e+07	-18.671
3.1e+09	-1.2e+07	-19.434
3.2e+09	-1.2e+07	-18.884
3.3e+09	-1.2e+07	-18.529
3.4e+09	-1.2e+07	-19.274
3.5e+09	-1.2e+07	-19.581
3.6e+09	-1.2e+07	-19.149
3.7e+09	-1.2e+07	-20.351
3.8e+09	-1.2e+07	-21.12
3.9e+09	-1.2e+07	-20.784
4e+09	-1.2e+07	-20.791
4.1e+09	-1.2e+07	-21.767
4.2e+09	-1.2e+07	-22.146
4.3e+09	-1.2e+07	-21.395
4.4e+09	-1.2e+07	-21.336
4e+08	-1.15e+07	-3.7697
5e+08	-1.15e+07	-3.1546
6e+08	-1.15e+07	-3.158
7e+08	-1.15e+07	-3.4919
8e+08	-1.15e+07	-3.9619
9e+08	-1.15e+07	-4.4391
1e+09	-1.15e+07	-5.0129
1.1e+09	-1.15e+07	-5.9708
1.2e+09	-1.15e+07	-6.4047
1.3e+09	-1.15e+07	-6.9836
1.4e+09	-1.15e+07	-7.9668
1.5e+09	-1.15e+07	-8.2491
1.6e+09	-1.15e+07	-9.0925
1.7e+09	-1.15e+07	-9.6985
1.8e+09	-1.15e+07	-10.258
1.9e+09	-1.15e+07	-10.818
2e+09	-1.15e+07	-11.533
2.1e+09	-1.15e+07	-12.407
2.2e+09	-1.15e+07	-13.238
2.3e+09	-1.15e+07	-13.655
2.4e+09	-1.15e+07	-13.82
2.5e+09	-1.15e+07	-14.606
2.6e+09	-1.15e+07	-15.762
2.7e+09	-1.15e+07	-16.402
2.8e+09	-1.15e+07	-16.134
2.9e+09	-1.15e+07	-15.856
3e+09	-1.15e+07	-17.006
3.1e+09	-1.15e+07	-17.762
3.2e+09	-1.15e+07	-17.206
3.3e+09	-1.15e+07	-16.858
3.4e+09	-1.15e+07	-17.605
3.5e+09	-1.15e+07	-17.908
3.6e+09	-1.15e+07	-18.37
3.7e+09	-1.15e+07	-18.682
3.8e+09	-1.15e+07	-19.444
3.9e+09	-1.15e+07	-19.109
4e+09	-1.15e+07	-19.125
4.1e+09	-1.15e+07	-20.098
4.2e+09	-1.15e+07	-20.47
4.3e+09	-1.15e+07	-19.72
4.4e+09	-1.15e+07	-19.663
4e+08	-1.1e+07	-2.6643
5e+08	-1.1e+07	-2.0437
6e+08	-1.1e+07	-2.0444
7e+08	-1.1e+07	-2.378
8e+08	-1.1e+07	-2.8358
9e+08	-1.1e+07	-3.3205
1e+09	-1.1e+07	-3.8938
1.1e+09	-1.1e+07	-4.8501
1.2e+09	-1.1e+07	-5.2824
1.3e+09	-1.1e+07	-5.8581
1.4e+09	-1.1e+07	-6.84
1.5e+09	-1.1e+07	-7.1209
1.6e+09	-1.1e+07	-7.9648
1.7e+09	-1.1e+07	-8.5704
1.8e+09	-1.1e+07	-9.127
1.9e+09	-1.1e+07	-9.6885
2e+09	-1.1e+07	-10.401
2.1e+09	-1.1e+07	-11.276
2.2e+09	-1.1e+07	-12.104
2.3e+09	-1.1e+07	-12.52
2.4e+09	-1.1e+07	-12.686
2.5e+09	-1.1e+07	-13.472
2.6e+09	-1.1e+07	-14.63
2.7e+09	-1.1e+07	-15.264
2.8e+09	-1.1e+07	-14.992
2.9e+09	-1.1e+07	-14.721
3e+09	-1.1e+07	-15.872
3.1e+09	-1.1e+07	-16.624
3.2e+09	-1.1e+07	-16.063
3.3e+09	-1.1e+07	-15.721
3.4e+09	-1.1e+07	-16.471
3.5e+09	-1.1e+07	-16.766
3.6e+09	-1.1e+07	-17.224
3.7e+09	-1.1e+07	-17.548
3.8e+09	-1.1e+07	-18.302
3.9e+09	-1.1e+07	-17.969
4e+09	-1.1e+07	-17.987
4.1e+09	-1.1e+07	-18.964
4.2e+09	-1.1e+07	-19.328
4.3e+09	-1.1e+07	-18.575
4.4e+09	-1.1e+07	-18.525
4e+08	-1.05e+07	-1.9799
5e+08	-1.05e+07	-1.3543
6e+08	-1.05e+07	-1.3525
7e+08	-1.05e+07	-1.686
8e+08	-1.05e+07	-2.129
9e+08	-1.05e+07	-2.6226
1e+09	-1.05e+07	-3.1951
1.1e+09	-1.05e+07	-4.1488
1.2e+09	-1.05e+07	-4.5785
1.3e+09	-1.05e+07	-5.1522
1.4e+09	-1.05e+07	-6.1329
1.5e+09	-1.05e+07	-6.4144
1.6e+09	-1.05e+07	-7.2563
1.7e+09	-1.05e+07	-7.8595
1.8e+09	-1.05e+07	-8.4139
1.9e+09	-1.05e+07	-8.9774
2e+09	-1.05e+07	-9.6883
2.1e+09	-1.05e+07	-10.564
2.2e+09	-1.05e+07	-11.388
2.3e+09	-1.05e+07	-11.801
2.4e+09	-1.05e+07	-11.969
2.5e+09	-1.05e+07	-12.753
2.6e+09	-1.05e+07	-13.915
2.7e+09	-1.05e+07	-14.546
2.8e+09	-1.05e+07	-14.268
2.9e+09	-1.05e+07	-14.004
3e+09	-1.05e+07	-15.157
3.1e+09	-1.05e+07	-15.904
3.2e+09	-1.05e+07	-15.337
3.3e+09	-1.05e+07	-15.001
3.4e+09	-1.05e+07	-15.751
3.5e+09	-1.05e+07	-16.043
3.6e+09	-1.05e+07	-16.489
3.7e+09	-1.05e+07	-16.833
3.8e+09	-1.05e+07	-17.577
3.9e+09	-1.05e+07	-17.245
4e+09	-1.05e+07	-17.269
4.1e+09	-1.05e+07	-18.245
4.2e+09	-1.05e+07	-18.606
4.3e+09	-1.05e+07	-17.852
4.4e+09	-1.05e+07	-17.804
4e+08	-1e+07	-1.5964
5e+08	-1e+07	-0.96748
6e+08	-1e+07	-0.96432
7e+08	-1e+07	-1.2935
8e+08	-1e+07	-1.7337
9e+08	-1e+07	-2.2265
1e+09	-1e+07	-2.7988
1.1e+09	-1e+07	-3.7513
1.2e+09	-1e+07	-4.1778
1.3e+09	-1e+07	-4.7501
1.4e+09	-1e+07	-5.7284
1.5e+09	-1e+07	-6.0102
1.6e+09	-1e+07	-6.8508
1.7e+09	-1e+07	-7.356
1.8e+09	-1e+07	-8.006
1.9e+09	-1e+07	-8.5708
2e+09	-1e+07	-9.2794
2.1e+09	-1e+07	-10.157
2.2e+09	-1e+07	-10.979
2.3e+09	-1e+07	-11.389
2.4e+09	-1e+07	-11.558
2.5e+09	-1e+07	-12.342
2.6e+09	-1e+07	-13.505
2.7e+09	-1e+07	-14.133
2.8e+09	-1e+07	-13.848
2.9e+09	-1e+07	-13.593
3e+09	-1e+07	-14.749
3.1e+09	-1e+07	-15.49
3.2e+09	-1e+07	-14.918
3.3e+09	-1e+07	-14.588
3.4e+09	-1e+07	-15.34
3.5e+09	-1e+07	-15.625
3.6e+09	-1e+07	-16.116
3.7e+09	-1e+07	-16.424
3.8e+09	-1e+07	-17.16
3.9e+09	-1e+07	-16.828
4e+09	-1e+07	-16.857
4.1e+09	-1e+07	-17.831
4.2e+09	-1e+07	-18.189
4.3e+09	-1e+07	-17.434
4.4e+09	-1e+07	-17.39
4e+08	-9.5e+06	-1.4022
5e+08	-9.5e+06	-0.7711
6e+08	-9.5e+06	-0.76655
7e+08	-9.5e+06	-1.0964
8e+08	-9.5e+06	-1.5459
9e+08	-9.5e+06	-2.0258
1e+09	-9.5e+06	-2.5992
1.1e+09	-9.5e+06	-3.5487
1.2e+09	-9.5e+06	-3.9741
1.3e+09	-9.5e+06	-4.5439
1.4e+09	-9.5e+06	-5.5225
1.5e+09	-9.5e+06	-5.8049
1.6e+09	-9.5e+06	-6.6438
1.7e+09	-9.5e+06	-7.147
1.8e+09	-9.5e+06	-7.797
1.9e+09	-9.5e+06	-8.3634
2e+09	-9.5e+06	-9.0706
2.1e+09	-9.5e+06	-9.9492
2.2e+09	-9.5e+06	-10.77
2.3e+09	-9.5e+06	-11.177
2.4e+09	-9.5e+06	-11.348
2.5e+09	-9.5e+06	-12.133
2.6e+09	-9.5e+06	-13.298
2.7e+09	-9.5e+06	-13.921
2.8e+09	-9.5e+06	-13.629
2.9e+09	-9.5e+06	-13.383
3e+09	-9.5e+06	-14.541
3.1e+09	-9.5e+06	-15.278
3.2e+09	-9.5e+06	-14.7
3.3e+09	-9.5e+06	-14.375
3.4e+09	-9.5e+06	-15.129
3.5e+09	-9.5e+06	-15.409
3.6e+09	-9.5e+06	-15.883
3.7e+09	-9.5e+06	-16.216
3.8e+09	-9.5e+06	-16.945
3.9e+09	-9.5e+06	-16.612
4e+09	-9.5e+06	-16.646
4.1e+09	-9.5e+06	-17.622
4.2e+09	-9.5e+06	-17.971
4.3e+09	-9.5e+06	-17.217
4.4e+09	-9.5e+06	-17.176
4e+08	-9e+06	-1.3079
5e+08	-9e+06	-0.6772
6e+08	-9e+06	-0.67289
7e+08	-9e+06	-1.0043
8e+08	-9e+06	-1.4589
9e+08	-9e+06	-1.9321
1e+09	-9e+06	-2.5914
1.1e+09	-9e+06	-3.4544
1.2e+09	-9e+06	-3.8783
1.3e+09	-9e+06	-4.4472
1.4e+09	-9e+06	-5.4271
1.5e+09	-9e+06	-5.7095
1.6e+09	-9e+06	-6.5477
1.7e+09	-9e+06	-7.1491
1.8e+09	-9e+06	-7.698
1.9e+09	-9e+06	-8.2667
2e+09	-9e+06	-8.973
2.1e+09	-9e+06	-9.8525
2.2e+09	-9e+06	-10.671
2.3e+09	-9e+06	-11.076
2.4e+09	-9e+06	-11.25
2.5e+09	-9e+06	-12.034
2.6e+09	-9e+06	-13.201
2.7e+09	-9e+06	-13.821
2.8e+09	-9e+06	-13.523
2.9e+09	-9e+06	-13.285
3e+09	-9e+06	-14.445
3.1e+09	-9e+06	-15.177
3.2e+09	-9e+06	-14.593
3.3e+09	-9e+06	-14.274
3.4e+09	-9e+06	-15.03
3.5e+09	-9e+06	-15.297
3.6e+09	-9e+06	-15.761
3.7e+09	-9e+06	-16.121
3.8e+09	-9e+06	-16.842
3.9e+09	-9e+06	-16.508
4e+09	-9e+06	-16.548
4.1e+09	-9e+06	-17.523
4.2e+09	-9e+06	-17.869
4.3e+09	-9e+06	-17.112
4.4e+09	-9e+06	-17.077
4e+08	-8.5e+06	-1.2565
5e+08	-8.5e+06	-0.62805
6e+08	-8.5e+06	-0.62583
7e+08	-8.5e+06	-0.95871
8e+08	-8.5e+06	-1.4102
9e+08	-8.5e+06	-1.8853
1e+09	-8.5e+06	-2.5468
1.1e+09	-8.5e+06	-3.4089
1.2e+09	-8.5e+06	-3.8308
1.3e+09	-8.5e+06	-4.3989
1.4e+09	-8.5e+06	-5.3785
1.5e+09	-8.5e+06	-5.6617
1.6e+09	-8.5e+06	-6.4988
1.7e+09	-8.5e+06	-7.1016
1.8e+09	-8.5e+06	-7.6477
1.9e+09	-8.5e+06	-8.2194
2e+09	-8.5e+06	-8.9242
2.1e+09	-8.5e+06	-9.805
2.2e+09	-8.5e+06	-10.622
2.3e+09	-8.5e+06	-11.025
2.4e+09	-8.5e+06	-11.202
2.5e+09	-8.5e+06	-11.985
2.6e+09	-8.5e+06	-13.155
2.7e+09	-8.5e+06	-13.771
2.8e+09	-8.5e+06	-13.466
2.9e+09	-8.5e+06	-13.237
3e+09	-8.5e+06	-14.397
3.1e+09	-8.5e+06	-15.126
3.2e+09	-8.5e+06	-14.537
3.3e+09	-8.5e+06	-14.224
3.4e+09	-8.5e+06	-14.982
3.5e+09	-8.5e+06	-15.23
3.6e+09	-8.5e+06	-15.69
3.7e+09	-8.5e+06	-16.075
3.8e+09	-8.5e+06	-16.788
3.9e+09	-8.5e+06	-16.455
4e+09	-8.5e+06	-16.5
4.1e+09	-8.5e+06	-17.474
4.2e+09	-8.5e+06	-17.815
4.3e+09	-8.5e+06	-17.057
4.4e+09	-8.5e+06	-17.028
4e+08	-8e+06	-1.2204
5e+08	-8e+06	-0.5952
6e+08	-8e+06	-0.52998
7e+08	-8e+06	-0.9292
8e+08	-8e+06	-1.3792
9e+08	-8e+06	-1.8548
1e+09	-8e+06	-2.5163
1.1e+09	-8e+06	-3.3791
1.2e+09	-8e+06	-3.8004
1.3e+09	-8e+06	-4.3663
1.4e+09	-8e+06	-5.3469
1.5e+09	-8e+06	-5.6314
1.6e+09	-8e+06	-6.4681
1.7e+09	-8e+06	-7.07
1.8e+09	-8e+06	-7.6139
1.9e+09	-8e+06	-8.1887
2e+09	-8e+06	-8.8924
2.1e+09	-8e+06	-9.7756
2.2e+09	-8e+06	-10.592
2.3e+09	-8e+06	-10.992
2.4e+09	-8e+06	-11.171
2.5e+09	-8e+06	-11.953
2.6e+09	-8e+06	-13.126
2.7e+09	-8e+06	-13.738
2.8e+09	-8e+06	-13.426
2.9e+09	-8e+06	-13.206
3e+09	-8e+06	-14.37
3.1e+09	-8e+06	-15.092
3.2e+09	-8e+06	-14.497
3.3e+09	-8e+06	-14.191
3.4e+09	-8e+06	-14.951
3.5e+09	-8e+06	-15.218
3.6e+09	-8e+06	-15.582
3.7e+09	-8e+06	-16.046
3.8e+09	-8e+06	-16.751
3.9e+09	-8e+06	-16.417
4e+09	-8e+06	-16.469
4.1e+09	-8e+06	-17.443
4.2e+09	-8e+06	-17.778
4.3e+09	-8e+06	-17.019
4.4e+09	-8e+06	-16.995
4e+08	-7.5e+06	-1.1873
5e+08	-7.5e+06	-0.56381
6e+08	-7.5e+06	-0.50242
7e+08	-7.5e+06	-0.90403
8e+08	-7.5e+06	-1.3526
9e+08	-7.5e+06	-1.8285
1e+09	-7.5e+06	-2.491
1.1e+09	-7.5e+06	-3.354
1.2e+09	-7.5e+06	-3.7735
1.3e+09	-7.5e+06	-4.3393
1.4e+09	-7.5e+06	-5.3207
1.5e+09	-7.5e+06	-5.6059
1.6e+09	-7.5e+06	-6.441
1.7e+09	-7.5e+06	-7.0433
1.8e+09	-7.5e+06	-7.5688
1.9e+09	-7.5e+06	-8.1624
2e+09	-7.5e+06	-8.8661
2.1e+09	-7.5e+06	-9.7509
2.2e+09	-7.5e+06	-10.566
2.3e+09	-7.5e+06	-10.964
2.4e+09	-7.5e+06	-11.144
2.5e+09	-7.5e+06	-11.926
2.6e+09	-7.5e+06	-13.101
2.7e+09	-7.5e+06	-13.71
2.8e+09	-7.5e+06	-13.391
2.9e+09	-7.5e+06	-13.179
3e+09	-7.5e+06	-14.346
3.1e+09	-7.5e+06	-15.062
3.2e+09	-7.5e+06	-14.463
3.3e+09	-7.5e+06	-14.162
3.4e+09	-7.5e+06	-14.924
3.5e+09	-7.5e+06	-15.185
3.6e+09	-7.5e+06	-15.59
3.7e+09	-7.5e+06	-16.024
3.8e+09	-7.5e+06	-16.718
3.9e+09	-7.5e+06	-16.385
4e+09	-7.5e+06	-16.446
4.1e+09	-7.5e+06	-17.417
4.2e+09	-7.5e+06	-17.746
4.3e+09	-7.5e+06	-16.987
4.4e+09	-7.5e+06	-16.966
4e+08	-7e+06	-1.1616
5e+08	-7e+06	-0.54042
6e+08	-7e+06	-0.4804
7e+08	-7e+06	-0.88273
8e+08	-7e+06	-1.3317
9e+08	-7e+06	-1.8082
1e+09	-7e+06	-2.4709
1.1e+09	-7e+06	-3.3337
1.2e+09	-7e+06	-3.7522
1.3e+09	-7e+06	-4.3169
1.4e+09	-7e+06	-5.298
1.5e+09	-7e+06	-5.5854
1.6e+09	-7e+06	-6.4195
1.7e+09	-7e+06	-7.0206
1.8e+09	-7e+06	-7.5436
1.9e+09	-7e+06	-8.0814
2e+09	-7e+06	-8.8441
2.1e+09	-7e+06	-9.7301
2.2e+09	-7e+06	-10.545
2.3e+09	-7e+06	-10.941
2.4e+09	-7e+06	-11.121
2.5e+09	-7e+06	-11.904
2.6e+09	-7e+06	-13.082
2.7e+09	-7e+06	-13.687
2.8e+09	-7e+06	-13.362
2.9e+09	-7e+06	-13.158
3e+09	-7e+06	-14.327
3.1e+09	-7e+06	-15.038
3.2e+09	-7e+06	-14.434
3.3e+09	-7e+06	-14.138
3.4e+09	-7e+06	-14.904
3.5e+09	-7e+06	-15.16
3.6e+09	-7e+06	-15.544
3.7e+09	-7e+06	-16.006
3.8e+09	-7e+06	-16.692
3.9e+09	-7e+06	-16.359
4e+09	-7e+06	-16.425
4.1e+09	-7e+06	-17.395
4.2e+09	-7e+06	-17.719
4.3e+09	-7e+06	-16.958
4.4e+09	-7e+06	-16.944
4e+08	-6.5e+06	-1.1382
5e+08	-6.5e+06	-0.51947
6e+08	-6.5e+06	-0.4621
7e+08	-6.5e+06	-0.86669
8e+08	-6.5e+06	-1.3144
9e+08	-6.5e+06	-1.7913
1e+09	-6.5e+06	-2.4556
1.1e+09	-6.5e+06	-3.3177
1.2e+09	-6.5e+06	-3.7363
1.3e+09	-6.5e+06	-4.2998
1.4e+09	-6.5e+06	-5.2809
1.5e+09	-6.5e+06	-5.5702
1.6e+09	-6.5e+06	-6.4023
1.7e+09	-6.5e+06	-7.0032
1.8e+09	-6.5e+06	-7.5435
1.9e+09	-6.5e+06	-8.0037
2e+09	-6.5e+06	-8.8272
2.1e+09	-6.5e+06	-9.7144
2.2e+09	-6.5e+06	-10.528
2.3e+09	-6.5e+06	-10.921
2.4e+09	-6.5e+06	-11.107
2.5e+09	-6.5e+06	-11.887
2.6e+09	-6.5e+06	-13.066
2.7e+09	-6.5e+06	-13.669
2.8e+09	-6.5e+06	-13.337
2.9e+09	-6.5e+06	-13.154
3e+09	-6.5e+06	-14.313
3.1e+09	-6.5e+06	-15.019
3.2e+09	-6.5e+06	-14.41
3.3e+09	-6.5e+06	-14.12
3.4e+09	-6.5e+06	-14.887
3.5e+09	-6.5e+06	-15.14
3.6e+09	-6.5e+06	-15.504
3.7e+09	-6.5e+06	-15.991
3.8e+09	-6.5e+06	-16.67
3.9e+09	-6.5e+06	-16.338
4e+09	-6.5e+06	-16.41
4.1e+09	-6.5e+06	-17.378
4.2e+09	-6.5e+06	-17.697
4.3e+09	-6.5e+06	-16.938
4.4e+09	-6.5e+06	-16.927
4e+08	-6e+06	-1.1197
5e+08	-6e+06	-0.50341
6e+08	-6e+06	-0.38817
7e+08	-6e+06	-0.85563
8e+08	-6e+06	-1.3016
9e+08	-6e+06	-1.7798
1e+09	-6e+06	-2.4454
1.1e+09	-6e+06	-3.3072
1.2e+09	-6e+06	-3.7241
1.3e+09	-6e+06	-4.2871
1.4e+09	-6e+06	-5.2695
1.5e+09	-6e+06	-5.5586
1.6e+09	-6e+06	-6.3903
1.7e+09	-6e+06	-6.9932
1.8e+09	-6e+06	-7.5304
1.9e+09	-6e+06	-8.0583
2e+09	-6e+06	-8.8148
2.1e+09	-6e+06	-9.7037
2.2e+09	-6e+06	-10.517
2.3e+09	-6e+06	-10.907
2.4e+09	-6e+06	-11.095
2.5e+09	-6e+06	-11.874
2.6e+09	-6e+06	-13.057
2.7e+09	-6e+06	-13.656
2.8e+09	-6e+06	-13.316
2.9e+09	-6e+06	-13.144
3e+09	-6e+06	-14.305
3.1e+09	-6e+06	-15.004
3.2e+09	-6e+06	-14.391
3.3e+09	-6e+06	-14.105
3.4e+09	-6e+06	-14.876
3.5e+09	-6e+06	-15.125
3.6e+09	-6e+06	-15.469
3.7e+09	-6e+06	-15.983
3.8e+09	-6e+06	-16.652
3.9e+09	-6e+06	-16.321
4e+09	-6e+06	-16.4
4.1e+09	-6e+06	-17.368
4.2e+09	-6e+06	-17.68
4.3e+09	-6e+06	-16.9
4.4e+09	-6e+06	-16.916
4e+08	-5.5e+06	-1.1011
5e+08	-5.5e+06	-0.48304
6e+08	-5.5e+06	-0.33799
7e+08	-5.5e+06	-0.84523
8e+08	-5.5e+06	-1.291
9e+08	-5.5e+06	-1.7694
1e+09	-5.5e+06	-2.4361
1.1e+09	-5.5e+06	-3.2983
1.2e+09	-5.5e+06	-3.7141
1.3e+09	-5.5e+06	-4.2758
1.4e+09	-5.5e+06	-5.2587
1.5e+09	-5.5e+06	-5.55
1.6e+09	-5.5e+06	-6.3794
1.7e+09	-5.5e+06	-7.056
1.8e+09	-5.5e+06	-7.5188
1.9e+09	-5.5e+06	-8.1093
2e+09	-5.5e+06	-8.8058
2.1e+09	-5.5e+06	-9.675
2.2e+09	-5.5e+06	-10.507
2.3e+09	-5.5e+06	-10.894
2.4e+09	-5.5e+06	-11.086
2.5e+09	-5.5e+06	-11.864
2.6e+09	-5.5e+06	-13.047
2.7e+09	-5.5e+06	-13.644
2.8e+09	-5.5e+06	-13.298
2.9e+09	-5.5e+06	-13.136
3e+09	-5.5e+06	-14.296
3.1e+09	-5.5e+06	-14.991
3.2e+09	-5.5e+06	-14.374
3.3e+09	-5.5e+06	-14.093
3.4e+09	-5.5e+06	-14.865
3.5e+09	-5.5e+06	-15.112
3.6e+09	-5.5e+06	-15.436
3.7e+09	-5.5e+06	-15.978
3.8e+09	-5.5e+06	-16.637
3.9e+09	-5.5e+06	-16.305
4e+09	-5.5e+06	-16.391
4.1e+09	-5.5e+06	-17.358
4.2e+09	-5.5e+06	-17.665
4.3e+09	-5.5e+06	-16.905
4.4e+09	-5.5e+06	-16.905
4e+08	-5e+06	-1.0848
5e+08	-5e+06	-0.47793
6e+08	-5e+06	-0.42483
7e+08	-5e+06	-0.83654
8e+08	-5e+06	-1.2815
9e+08	-5e+06	-1.7597
1e+09	-5e+06	-2.4292
1.1e+09	-5e+06	-3.2901
1.2e+09	-5e+06	-3.7053
1.3e+09	-5e+06	-4.2665
1.4e+09	-5e+06	-5.2496
1.5e+09	-5e+06	-5.5421
1.6e+09	-5e+06	-6.3692
1.7e+09	-5e+06	-7.0459
1.8e+09	-5e+06	-7.509
1.9e+09	-5e+06	-8.1
2e+09	-5e+06	-8.7969
2.1e+09	-5e+06	-9.6765
2.2e+09	-5e+06	-10.5
2.3e+09	-5e+06	-10.884
2.4e+09	-5e+06	-11.078
2.5e+09	-5e+06	-11.855
2.6e+09	-5e+06	-13.042
2.7e+09	-5e+06	-13.634
2.8e+09	-5e+06	-13.281
2.9e+09	-5e+06	-13.128
3e+09	-5e+06	-14.29
3.1e+09	-5e+06	-14.98
3.2e+09	-5e+06	-14.359
3.3e+09	-5e+06	-14.082
3.4e+09	-5e+06	-14.858
3.5e+09	-5e+06	-15.098
3.6e+09	-5e+06	-15.403
3.7e+09	-5e+06	-15.972
3.8e+09	-5e+06	-16.624
3.9e+09	-5e+06	-16.292
4e+09	-5e+06	-16.386
4.1e+09	-5e+06	-17.351
4.2e+09	-5e+06	-17.651
4.3e+09	-5e+06	-16.871
4.4e+09	-5e+06	-16.897
4e+08	-4.5e+06	-1.0711
5e+08	-4.5e+06	-0.46617
6e+08	-4.5e+06	-0.41671
7e+08	-4.5e+06	-0.82839
8e+08	-4.5e+06	-1.2728
9e+08	-4.5e+06	-1.7428
1e+09	-4.5e+06	-2.4233
1.1e+09	-4.5e+06	-3.284
1.2e+09	-4.5e+06	-3.6982
1.3e+09	-4.5e+06	-4.2581
1.4e+09	-4.5e+06	-5.242
1.5e+09	-4.5e+06	-5.5359
1.6e+09	-4.5e+06	-6.3619
1.7e+09	-4.5e+06	-7.0365
1.8e+09	-4.5e+06	-7.4989
1.9e+09	-4.5e+06	-8.0929
2e+09	-4.5e+06	-8.7889
2.1e+09	-4.5e+06	-9.6807
2.2e+09	-4.5e+06	-10.492
2.3e+09	-4.5e+06	-10.874
2.4e+09	-4.5e+06	-11.071
2.5e+09	-4.5e+06	-11.846
2.6e+09	-4.5e+06	-13.037
2.7e+09	-4.5e+06	-13.626
2.8e+09	-4.5e+06	-13.264
2.9e+09	-4.5e+06	-13.121
3e+09	-4.5e+06	-14.285
3.1e+09	-4.5e+06	-14.969
3.2e+09	-4.5e+06	-14.344
3.3e+09	-4.5e+06	-14.073
3.4e+09	-4.5e+06	-14.851
3.5e+09	-4.5e+06	-15.088
3.6e+09	-4.5e+06	-15.37
3.7e+09	-4.5e+06	-15.969
3.8e+09	-4.5e+06	-16.613
3.9e+09	-4.5e+06	-16.277
4e+09	-4.5e+06	-16.381
4.1e+09	-4.5e+06	-17.343
4.2e+09	-4.5e+06	-17.638
4.3e+09	-4.5e+06	-16.876
4.4e+09	-4.5e+06	-16.888
4e+08	-4e+06	-1.0583
5e+08	-4e+06	-0.45711
6e+08	-4e+06	-0.41012
7e+08	-4e+06	-0.82191
8e+08	-4e+06	-1.266
9e+08	-4e+06	-1.7467
1e+09	-4e+06	-2.4193
1.1e+09	-4e+06	-3.2793
1.2e+09	-4e+06	-3.6922
1.3e+09	-4e+06	-4.2528
1.4e+09	-4e+06	-5.2353
1.5e+09	-4e+06	-5.5303
1.6e+09	-4e+06	-6.3562
1.7e+09	-4e+06	-7.03
1.8e+09	-4e+06	-7.4919
1.9e+09	-4e+06	-8.0887
2e+09	-4e+06	-8.7843
2.1e+09	-4e+06	-9.6758
2.2e+09	-4e+06	-10.487
2.3e+09	-4e+06	-10.865
2.4e+09	-4e+06	-11.067
2.5e+09	-4e+06	-11.841
2.6e+09	-4e+06	-13.034
2.7e+09	-4e+06	-13.62
2.8e+09	-4e+06	-13.25
2.9e+09	-4e+06	-13.118
3e+09	-4e+06	-14.282
3.1e+09	-4e+06	-14.96
3.2e+09	-4e+06	-14.333
3.3e+09	-4e+06	-14.065
3.4e+09	-4e+06	-14.847
3.5e+09	-4e+06	-15.079
3.6e+09	-4e+06	-15.339
3.7e+09	-4e+06	-15.967
3.8e+09	-4e+06	-16.6
3.9e+09	-4e+06	-16.266
4e+09	-4e+06	-16.379
4.1e+09	-4e+06	-17.337
4.2e+09	-4e+06	-17.627
4.3e+09	-4e+06	-16.866
4.4e+09	-4e+06	-16.884
4e+08	-3.5e+06	-1.0439
5e+08	-3.5e+06	-0.44817
6e+08	-3.5e+06	-0.40252
7e+08	-3.5e+06	-0.81703
8e+08	-3.5e+06	-1.2563
9e+08	-3.5e+06	-1.7429
1e+09	-3.5e+06	-2.4154
1.1e+09	-3.5e+06	-3.2758
1.2e+09	-3.5e+06	-3.6879
1.3e+09	-3.5e+06	-4.2477
1.4e+09	-3.5e+06	-4.8266
1.5e+09	-3.5e+06	-5.5268
1.6e+09	-3.5e+06	-6.3505
1.7e+09	-3.5e+06	-7.0243
1.8e+09	-3.5e+06	-7.4861
1.9e+09	-3.5e+06	-8.0844
2e+09	-3.5e+06	-8.7797
2.1e+09	-3.5e+06	-9.6719
2.2e+09	-3.5e+06	-10.483
2.3e+09	-3.5e+06	-10.859
2.4e+09	-3.5e+06	-11.063
2.5e+09	-3.5e+06	-11.836
2.6e+09	-3.5e+06	-13.03
2.7e+09	-3.5e+06	-13.615
2.8e+09	-3.5e+06	-13.238
2.9e+09	-3.5e+06	-13.114
3e+09	-3.5e+06	-14.281
3.1e+09	-3.5e+06	-14.953
3.2e+09	-3.5e+06	-14.323
3.3e+09	-3.5e+06	-14.06
3.4e+09	-3.5e+06	-14.843
3.5e+09	-3.5e+06	-15.073
3.6e+09	-3.5e+06	-15.311
3.7e+09	-3.5e+06	-15.966
3.8e+09	-3.5e+06	-16.59
3.9e+09	-3.5e+06	-16.259
4e+09	-3.5e+06	-16.376
4.1e+09	-3.5e+06	-17.335
4.2e+09	-3.5e+06	-17.617
4.3e+09	-3.5e+06	-16.855
4.4e+09	-3.5e+06	-16.879
4e+08	-3e+06	-1.0336
5e+08	-3e+06	-0.4383
6e+08	-3e+06	-0.39728
7e+08	-3e+06	-0.81165
8e+08	-3e+06	-1.2561
9e+08	-3e+06	-1.7382
1e+09	-3e+06	-2.4128
1.1e+09	-3e+06	-3.2729
1.2e+09	-3e+06	-3.6835
1.3e+09	-3e+06	-4.2431
1.4e+09	-3e+06	-4.8218
1.5e+09	-3e+06	-5.5246
1.6e+09	-3e+06	-6.3467
1.7e+09	-3e+06	-7.0208
1.8e+09	-3e+06	-7.4804
1.9e+09	-3e+06	-8.0809
2e+09	-3e+06	-8.7772
2.1e+09	-3e+06	-9.6695
2.2e+09	-3e+06	-10.48
2.3e+09	-3e+06	-10.852
2.4e+09	-3e+06	-11.06
2.5e+09	-3e+06	-11.833
2.6e+09	-3e+06	-13.028
2.7e+09	-3e+06	-13.61
2.8e+09	-3e+06	-13.228
2.9e+09	-3e+06	-13.114
3e+09	-3e+06	-14.28
3.1e+09	-3e+06	-14.934
3.2e+09	-3e+06	-14.313
3.3e+09	-3e+06	-14.053
3.4e+09	-3e+06	-14.841
3.5e+09	-3e+06	-15.066
3.6e+09	-3e+06	-15.284
3.7e+09	-3e+06	-15.966
3.8e+09	-3e+06	-16.581
3.9e+09	-3e+06	-16.248
4e+09	-3e+06	-16.376
4.1e+09	-3e+06	-17.331
4.2e+09	-3e+06	-17.609
4.3e+09	-3e+06	-16.845
4.4e+09	-3e+06	-16.876
4e+08	-2.5e+06	-0.86264
5e+08	-2.5e+06	-0.43136
6e+08	-2.5e+06	-0.39225
7e+08	-2.5e+06	-0.80735
8e+08	-2.5e+06	-1.2513
9e+08	-2.5e+06	-1.7338
1e+09	-2.5e+06	-2.4097
1.1e+09	-2.5e+06	-3.2692
1.2e+09	-2.5e+06	-3.6794
1.3e+09	-2.5e+06	-4.2395
1.4e+09	-2.5e+06	-4.8175
1.5e+09	-2.5e+06	-5.5221
1.6e+09	-2.5e+06	-6.3415
1.7e+09	-2.5e+06	-7.0156
1.8e+09	-2.5e+06	-7.4751
1.9e+09	-2.5e+06	-8.0773
2e+09	-2.5e+06	-8.7736
2.1e+09	-2.5e+06	-9.6661
2.2e+09	-2.5e+06	-10.478
2.3e+09	-2.5e+06	-10.846
2.4e+09	-2.5e+06	-11.058
2.5e+09	-2.5e+06	-11.828
2.6e+09	-2.5e+06	-13.026
2.7e+09	-2.5e+06	-13.605
2.8e+09	-2.5e+06	-13.214
2.9e+09	-2.5e+06	-13.112
3e+09	-2.5e+06	-14.278
3.1e+09	-2.5e+06	-14.917
3.2e+09	-2.5e+06	-14.302
3.3e+09	-2.5e+06	-14.046
3.4e+09	-2.5e+06	-14.838
3.5e+09	-2.5e+06	-15.06
3.6e+09	-2.5e+06	-15.255
3.7e+09	-2.5e+06	-15.967
3.8e+09	-2.5e+06	-16.572
3.9e+09	-2.5e+06	-16.238
4e+09	-2.5e+06	-16.376
4.1e+09	-2.5e+06	-17.329
4.2e+09	-2.5e+06	-17.599
4.3e+09	-2.5e+06	-16.837
4.4e+09	-2.5e+06	-16.874
4e+08	-2e+06	-0.84955
5e+08	-2e+06	-0.42289
6e+08	-2e+06	-0.38698
7e+08	-2e+06	-0.80364
8e+08	-2e+06	-1.2465
9e+08	-2e+06	-1.7302
1e+09	-2e+06	-2.4076
1.1e+09	-2e+06	-3.2664
1.2e+09	-2e+06	-3.6755
1.3e+09	-2e+06	-4.2349
1.4e+09	-2e+06	-4.8138
1.5e+09	-2e+06	-5.5193
1.6e+09	-2e+06	-6.337
1.7e+09	-2e+06	-7.0107
1.8e+09	-2e+06	-7.4694
1.9e+09	-2e+06	-8.0741
2e+09	-2e+06	-8.7704
2.1e+09	-2e+06	-9.6623
2.2e+09	-2e+06	-10.474
2.3e+09	-2e+06	-10.839
2.4e+09	-2e+06	-11.054
2.5e+09	-2e+06	-11.825
2.6e+09	-2e+06	-13.024
2.7e+09	-2e+06	-13.601
2.8e+09	-2e+06	-13.202
2.9e+09	-2e+06	-13.11
3e+09	-2e+06	-14.277
3.1e+09	-2e+06	-14.93
3.2e+09	-2e+06	-14.293
3.3e+09	-2e+06	-14.039
3.4e+09	-2e+06	-14.835
3.5e+09	-2e+06	-15.052
3.6e+09	-2e+06	-15.227
3.7e+09	-2e+06	-15.966
3.8e+09	-2e+06	-16.563
3.9e+09	-2e+06	-16.229
4e+09	-2e+06	-16.375
4.1e+09	-2e+06	-17.326
4.2e+09	-2e+06	-17.588
4.3e+09	-2e+06	-16.826
4.4e+09	-2e+06	-16.872
4e+08	-1.5e+06	-0.83827
5e+08	-1.5e+06	-0.4135
6e+08	-1.5e+06	-0.38083
7e+08	-1.5e+06	-0.79821
8e+08	-1.5e+06	-1.2418
9e+08	-1.5e+06	-1.7255
1e+09	-1.5e+06	-2.4046
1.1e+09	-1.5e+06	-3.2644
1.2e+09	-1.5e+06	-3.6716
1.3e+09	-1.5e+06	-4.2305
1.4e+09	-1.5e+06	-4.8098
1.5e+09	-1.5e+06	-5.5167
1.6e+09	-1.5e+06	-6.3332
1.7e+09	-1.5e+06	-7.006
1.8e+09	-1.5e+06	-7.4643
1.9e+09	-1.5e+06	-8.0712
2e+09	-1.5e+06	-8.7669
2.1e+09	-1.5e+06	-9.6585
2.2e+09	-1.5e+06	-10.472
2.3e+09	-1.5e+06	-10.833
2.4e+09	-1.5e+06	-11.051
2.5e+09	-1.5e+06	-11.821
2.6e+09	-1.5e+06	-13.022
2.7e+09	-1.5e+06	-13.596
2.8e+09	-1.5e+06	-13.189
2.9e+09	-1.5e+06	-13.107
3e+09	-1.5e+06	-14.276
3.1e+09	-1.5e+06	-14.922
3.2e+09	-1.5e+06	-14.262
3.3e+09	-1.5e+06	-14.032
3.4e+09	-1.5e+06	-14.832
3.5e+09	-1.5e+06	-14.986
3.6e+09	-1.5e+06	-15.198
3.7e+09	-1.5e+06	-15.967
3.8e+09	-1.5e+06	-16.554
3.9e+09	-1.5e+06	-16.22
4e+09	-1.5e+06	-16.371
4.1e+09	-1.5e+06	-17.322
4.2e+09	-1.5e+06	-17.58
4.3e+09	-1.5e+06	-16.816
4.4e+09	-1.5e+06	-16.87
4e+08	-1e+06	-0.99362
5e+08	-1e+06	-0.4072
6e+08	-1e+06	-0.37669
7e+08	-1e+06	-0.79529
8e+08	-1e+06	-1.2381
9e+08	-1e+06	-1.723
1e+09	-1e+06	-2.4037
1.1e+09	-1e+06	-3.2618
1.2e+09	-1e+06	-3.6685
1.3e+09	-1e+06	-4.2279
1.4e+09	-1e+06	-4.8084
1.5e+09	-1e+06	-5.5153
1.6e+09	-1e+06	-6.329
1.7e+09	-1e+06	-7.0029
1.8e+09	-1e+06	-7.4603
1.9e+09	-1e+06	-8.0686
2e+09	-1e+06	-8.7649
2.1e+09	-1e+06	-9.6567
2.2e+09	-1e+06	-10.471
2.3e+09	-1e+06	-10.827
2.4e+09	-1e+06	-11.052
2.5e+09	-1e+06	-11.819
2.6e+09	-1e+06	-13.022
2.7e+09	-1e+06	-13.593
2.8e+09	-1e+06	-13.179
2.9e+09	-1e+06	-13.107
3e+09	-1e+06	-14.276
3.1e+09	-1e+06	-14.916
3.2e+09	-1e+06	-14.255
3.3e+09	-1e+06	-14.028
3.4e+09	-1e+06	-14.83
3.5e+09	-1e+06	-14.908
3.6e+09	-1e+06	-15.17
3.7e+09	-1e+06	-15.969
3.8e+09	-1e+06	-16.546
3.9e+09	-1e+06	-16.21
4e+09	-1e+06	-16.375
4.1e+09	-1e+06	-17.321
4.2e+09	-1e+06	-17.57
4.3e+09	-1e+06	-16.807
4.4e+09	-1e+06	-16.869
4e+08	-5e+05	-0.97974
5e+08	-5e+05	-0.39779
6e+08	-5e+05	-0.36978
7e+08	-5e+05	-0.79062
8e+08	-5e+05	-1.234
9e+08	-5e+05	-1.7191
1e+09	-5e+05	-2.402
1.1e+09	-5e+05	-3.259
1.2e+09	-5e+05	-3.6654
1.3e+09	-5e+05	-4.224
1.4e+09	-5e+05	-4.8047
1.5e+09	-5e+05	-5.513
1.6e+09	-5e+05	-6.3244
1.7e+09	-5e+05	-6.9981
1.8e+09	-5e+05	-7.455
1.9e+09	-5e+05	-8.066
2e+09	-5e+05	-8.7621
2.1e+09	-5e+05	-9.6532
2.2e+09	-5e+05	-10.468
2.3e+09	-5e+05	-10.821
2.4e+09	-5e+05	-10.905
2.5e+09	-5e+05	-11.815
2.6e+09	-5e+05	-13.019
2.7e+09	-5e+05	-13.588
2.8e+09	-5e+05	-13.167
2.9e+09	-5e+05	-13.106
3e+09	-5e+05	-14.275
3.1e+09	-5e+05	-14.908
3.2e+09	-5e+05	-14.266
3.3e+09	-5e+05	-14.02
3.4e+09	-5e+05	-14.827
3.5e+09	-5e+05	-14.972
3.6e+09	-5e+05	-15.141
3.7e+09	-5e+05	-15.968
3.8e+09	-5e+05	-16.537
3.9e+09	-5e+05	-16.2
4e+09	-5e+05	-16.373
4.1e+09	-5e+05	-17.318
4.2e+09	-5e+05	-17.559
4.3e+09	-5e+05	-16.797
4.4e+09	-5e+05	-16.864
4e+08	0	-0.7371
5e+08	0	-0.19222
6e+08	0	-0.19782
7e+08	0	-0.64279
8e+08	0	-1.1057
9e+08	0	-1.5996
1e+09	0	-2.304
1.1e+09	0	-3.1663
1.2e+09	0	-3.5696
1.3e+09	0	-4.1222
1.4e+09	0	-4.6837
1.5e+09	0	-5.3791
1.6e+09	0	-6.2006
1.7e+09	0	-6.8908
1.8e+09	0	-7.3439
1.9e+09	0	-7.961
2e+09	0	-8.6558
2.1e+09	0	-9.5424
2.2e+09	0	-10.355
2.3e+09	0	-10.695
2.4e+09	0	-10.788
2.5e+09	0	-11.705
2.6e+09	0	-12.902
2.7e+09	0	-13.442
2.8e+09	0	-12.992
2.9e+09	0	-12.918
3e+09	0	-14.065
3.1e+09	0	-14.682
3.2e+09	0	-14.028
3.3e+09	0	-13.794
3.4e+09	0	-14.61
3.5e+09	0	-14.825
3.6e+09	0	-14.903
3.7e+09	0	-15.733
3.8e+09	0	-16.31
3.9e+09	0	-15.949
4e+09	0	-16.127
4.1e+09	0	-16.984
4.2e+09	0	-17.188
4.3e+09	0	-16.369
4.4e+09	0	-16.414
4e+08	5e+05	-0.9692
5e+08	5e+05	-0.39412
6e+08	5e+05	-0.37283
7e+08	5e+05	-0.79608
8e+08	5e+05	-1.2383
9e+08	5e+05	-1.7264
1e+09	5e+05	-2.4114
1.1e+09	5e+05	-3.2671
1.2e+09	5e+05	-3.674
1.3e+09	5e+05	-4.2294
1.4e+09	5e+05	-4.8142
1.5e+09	5e+05	-5.5242
1.6e+09	5e+05	-6.3311
1.7e+09	5e+05	-7.0039
1.8e+09	5e+05	-7.4596
1.9e+09	5e+05	-8.0138
2e+09	5e+05	-8.7722
2.1e+09	5e+05	-9.6641
2.2e+09	5e+05	-10.479
2.3e+09	5e+05	-10.824
2.4e+09	5e+05	-11.064
2.5e+09	5e+05	-11.826
2.6e+09	5e+05	-13.033
2.7e+09	5e+05	-13.596
2.8e+09	5e+05	-13.159
2.9e+09	5e+05	-13.119
3e+09	5e+05	-14.287
3.1e+09	5e+05	-14.91
3.2e+09	5e+05	-14.265
3.3e+09	5e+05	-14.026
3.4e+09	5e+05	-14.841
3.5e+09	5e+05	-15.045
3.6e+09	5e+05	-15.124
3.7e+09	5e+05	-15.99
3.8e+09	5e+05	-16.54
3.9e+09	5e+05	-16.201
4e+09	5e+05	-16.391
4.1e+09	5e+05	-17.333
4.2e+09	5e+05	-17.56
4.3e+09	5e+05	-16.801
4.4e+09	5e+05	-16.882
4e+08	1e+06	-0.97122
5e+08	1e+06	-0.39917
6e+08	1e+06	-0.41063
7e+08	1e+06	-0.80636
8e+08	1e+06	-1.2388
9e+08	1e+06	-1.7352
1e+09	1e+06	-2.4216
1.1e+09	1e+06	-3.2762
1.2e+09	1e+06	-3.6837
1.3e+09	1e+06	-4.2372
1.4e+09	1e+06	-5.2196
1.5e+09	1e+06	-5.5353
1.6e+09	1e+06	-6.3395
1.7e+09	1e+06	-7.0123
1.8e+09	1e+06	-7.4673
1.9e+09	1e+06	-7.9651
2e+09	1e+06	-8.7828
2.1e+09	1e+06	-9.6755
2.2e+09	1e+06	-10.489
2.3e+09	1e+06	-10.829
2.4e+09	1e+06	-11.074
2.5e+09	1e+06	-11.815
2.6e+09	1e+06	-13.045
2.7e+09	1e+06	-13.603
2.8e+09	1e+06	-13.161
2.9e+09	1e+06	-13.133
3e+09	1e+06	-14.299
3.1e+09	1e+06	-14.916
3.2e+09	1e+06	-14.269
3.3e+09	1e+06	-14.032
3.4e+09	1e+06	-14.853
3.5e+09	1e+06	-15.051
3.6e+09	1e+06	-15.129
3.7e+09	1e+06	-16.003
3.8e+09	1e+06	-16.55
3.9e+09	1e+06	-16.205
4e+09	1e+06	-16.401
4.1e+09	1e+06	-17.342
4.2e+09	1e+06	-17.563
4.3e+09	1e+06	-16.807
4.4e+09	1e+06	-16.89
4e+08	1.5e+06	-0.9704
5e+08	1.5e+06	-0.40214
6e+08	1.5e+06	-0.44606
7e+08	1.5e+06	-0.81478
8e+08	1.5e+06	-1.254
9e+08	1.5e+06	-1.7432
1e+09	1.5e+06	-2.4311
1.1e+09	1.5e+06	-3.284
1.2e+09	1.5e+06	-3.6941
1.3e+09	1.5e+06	-4.2437
1.4e+09	1.5e+06	-5.2306
1.5e+09	1.5e+06	-5.5459
1.6e+09	1.5e+06	-6.3473
1.7e+09	1.5e+06	-7.0207
1.8e+09	1.5e+06	-7.4744
1.9e+09	1.5e+06	-7.9733
2e+09	1.5e+06	-8.7917
2.1e+09	1.5e+06	-9.6848
2.2e+09	1.5e+06	-10.498
2.3e+09	1.5e+06	-10.837
2.4e+09	1.5e+06	-11.081
2.5e+09	1.5e+06	-11.802
2.6e+09	1.5e+06	-13.057
2.7e+09	1.5e+06	-13.61
2.8e+09	1.5e+06	-13.149
2.9e+09	1.5e+06	-13.144
3e+09	1.5e+06	-14.308
3.1e+09	1.5e+06	-14.92
3.2e+09	1.5e+06	-14.274
3.3e+09	1.5e+06	-14.037
3.4e+09	1.5e+06	-14.863
3.5e+09	1.5e+06	-15.056
3.6e+09	1.5e+06	-15.134
3.7e+09	1.5e+06	-16.017
3.8e+09	1.5e+06	-16.554
3.9e+09	1.5e+06	-16.207
4e+09	1.5e+06	-16.411
4.1e+09	1.5e+06	-17.352
4.2e+09	1.5e+06	-17.566
4.3e+09	1.5e+06	-16.81
4.4e+09	1.5e+06	-16.899
4e+08	2e+06	-0.973
5e+08	2e+06	-0.40732
6e+08	2e+06	-0.45162
7e+08	2e+06	-0.82561
8e+08	2e+06	-1.2649
9e+08	2e+06	-1.7532
1e+09	2e+06	-2.4417
1.1e+09	2e+06	-3.2941
1.2e+09	2e+06	-3.7054
1.3e+09	2e+06	-4.2516
1.4e+09	2e+06	-5.2399
1.5e+09	2e+06	-5.5568
1.6e+09	2e+06	-6.3556
1.7e+09	2e+06	-7.0299
1.8e+09	2e+06	-7.4833
1.9e+09	2e+06	-7.9831
2e+09	2e+06	-8.8022
2.1e+09	2e+06	-9.6967
2.2e+09	2e+06	-10.508
2.3e+09	2e+06	-10.774
2.4e+09	2e+06	-11.092
2.5e+09	2e+06	-11.815
2.6e+09	2e+06	-13.069
2.7e+09	2e+06	-13.618
2.8e+09	2e+06	-13.162
2.9e+09	2e+06	-13.158
3e+09	2e+06	-14.32
3.1e+09	2e+06	-14.928
3.2e+09	2e+06	-14.281
3.3e+09	2e+06	-14.044
3.4e+09	2e+06	-14.876
3.5e+09	2e+06	-15.063
3.6e+09	2e+06	-15.14
3.7e+09	2e+06	-16.032
3.8e+09	2e+06	-16.562
3.9e+09	2e+06	-16.212
4e+09	2e+06	-16.421
4.1e+09	2e+06	-17.362
4.2e+09	2e+06	-17.569
4.3e+09	2e+06	-16.818
4.4e+09	2e+06	-16.909
4e+08	2.5e+06	-0.97385
5e+08	2.5e+06	-0.41109
6e+08	2.5e+06	-0.40338
7e+08	2.5e+06	-0.83536
8e+08	2.5e+06	-1.2729
9e+08	2.5e+06	-1.7626
1e+09	2.5e+06	-2.4522
1.1e+09	2.5e+06	-3.3034
1.2e+09	2.5e+06	-3.7167
1.3e+09	2.5e+06	-4.255
1.4e+09	2.5e+06	-5.2496
1.5e+09	2.5e+06	-5.5683
1.6e+09	2.5e+06	-6.3652
1.7e+09	2.5e+06	-7.0392
1.8e+09	2.5e+06	-7.4919
1.9e+09	2.5e+06	-7.9941
2e+09	2.5e+06	-8.8134
2.1e+09	2.5e+06	-9.7079
2.2e+09	2.5e+06	-10.52
2.3e+09	2.5e+06	-10.78
2.4e+09	2.5e+06	-11.102
2.5e+09	2.5e+06	-11.881
2.6e+09	2.5e+06	-13.082
2.7e+09	2.5e+06	-13.627
2.8e+09	2.5e+06	-13.166
2.9e+09	2.5e+06	-13.171
3e+09	2.5e+06	-14.33
3.1e+09	2.5e+06	-14.935
3.2e+09	2.5e+06	-14.098
3.3e+09	2.5e+06	-14.039
3.4e+09	2.5e+06	-14.889
3.5e+09	2.5e+06	-15.07
3.6e+09	2.5e+06	-15.146
3.7e+09	2.5e+06	-16.047
3.8e+09	2.5e+06	-16.571
3.9e+09	2.5e+06	-16.216
4e+09	2.5e+06	-16.434
4.1e+09	2.5e+06	-17.373
4.2e+09	2.5e+06	-17.574
4.3e+09	2.5e+06	-16.824
4.4e+09	2.5e+06	-16.922
4e+08	3e+06	-0.97537
5e+08	3e+06	-0.41584
6e+08	3e+06	-0.40911
7e+08	3e+06	-0.84335
8e+08	3e+06	-1.2816
9e+08	3e+06	-1.7726
1e+09	3e+06	-2.463
1.1e+09	3e+06	-3.3135
1.2e+09	3e+06	-3.7272
1.3e+09	3e+06	-4.2688
1.4e+09	3e+06	-5.2601
1.5e+09	3e+06	-5.5804
1.6e+09	3e+06	-6.3741
1.7e+09	3e+06	-7.0381
1.8e+09	3e+06	-7.5007
1.9e+09	3e+06	-8.0046
2e+09	3e+06	-8.8252
2.1e+09	3e+06	-9.7188
2.2e+09	3e+06	-10.53
2.3e+09	3e+06	-10.786
2.4e+09	3e+06	-11.112
2.5e+09	3e+06	-11.892
2.6e+09	3e+06	-13.094
2.7e+09	3e+06	-13.635
2.8e+09	3e+06	-13.168
2.9e+09	3e+06	-13.184
3e+09	3e+06	-14.342
3.1e+09	3e+06	-14.94
3.2e+09	3e+06	-14.104
3.3e+09	3e+06	-14.036
3.4e+09	3e+06	-14.901
3.5e+09	3e+06	-15.077
3.6e+09	3e+06	-15.152
3.7e+09	3e+06	-16.062
3.8e+09	3e+06	-16.579
3.9e+09	3e+06	-16.22
4e+09	3e+06	-16.446
4.1e+09	3e+06	-17.383
4.2e+09	3e+06	-17.576
4.3e+09	3e+06	-16.83
4.4e+09	3e+06	-16.933
4e+08	3.5e+06	-0.97663
5e+08	3.5e+06	-0.42055
6e+08	3.5e+06	-0.41564
7e+08	3.5e+06	-0.85347
8e+08	3.5e+06	-1.2906
9e+08	3.5e+06	-1.7818
1e+09	3.5e+06	-2.4741
1.1e+09	3.5e+06	-3.3227
1.2e+09	3.5e+06	-3.7385
1.3e+09	3.5e+06	-4.2777
1.4e+09	3.5e+06	-5.2699
1.5e+09	3.5e+06	-5.5919
1.6e+09	3.5e+06	-6.3838
1.7e+09	3.5e+06	-7.0366
1.8e+09	3.5e+06	-7.5092
1.9e+09	3.5e+06	-8.0145
2e+09	3.5e+06	-8.8362
2.1e+09	3.5e+06	-9.7305
2.2e+09	3.5e+06	-10.541
2.3e+09	3.5e+06	-10.792
2.4e+09	3.5e+06	-11.123
2.5e+09	3.5e+06	-11.903
2.6e+09	3.5e+06	-13.107
2.7e+09	3.5e+06	-13.644
2.8e+09	3.5e+06	-13.17
2.9e+09	3.5e+06	-13.197
3e+09	3.5e+06	-14.353
3.1e+09	3.5e+06	-14.947
3.2e+09	3.5e+06	-14.107
3.3e+09	3.5e+06	-14.057
3.4e+09	3.5e+06	-14.912
3.5e+09	3.5e+06	-15.084
3.6e+09	3.5e+06	-15.158
3.7e+09	3.5e+06	-16.078
3.8e+09	3.5e+06	-16.588
3.9e+09	3.5e+06	-16.223
4e+09	3.5e+06	-16.445
4.1e+09	3.5e+06	-17.395
4.2e+09	3.5e+06	-17.58
4.3e+09	3.5e+06	-16.836
4.4e+09	3.5e+06	-16.946
4e+08	4e+06	-0.98023
5e+08	4e+06	-0.4258
6e+08	4e+06	-0.42363
7e+08	4e+06	-0.86443
8e+08	4e+06	-1.3008
9e+08	4e+06	-1.7923
1e+09	4e+06	-2.4858
1.1e+09	4e+06	-3.334
1.2e+09	4e+06	-3.7504
1.3e+09	4e+06	-4.2869
1.4e+09	4e+06	-5.2795
1.5e+09	4e+06	-5.6037
1.6e+09	4e+06	-6.393
1.7e+09	4e+06	-7.0661
1.8e+09	4e+06	-7.519
1.9e+09	4e+06	-7.9745
2e+09	4e+06	-8.8474
2.1e+09	4e+06	-9.7421
2.2e+09	4e+06	-10.552
2.3e+09	4e+06	-10.799
2.4e+09	4e+06	-11.134
2.5e+09	4e+06	-11.917
2.6e+09	4e+06	-13.12
2.7e+09	4e+06	-13.654
2.8e+09	4e+06	-13.174
2.9e+09	4e+06	-13.212
3e+09	4e+06	-14.365
3.1e+09	4e+06	-14.953
3.2e+09	4e+06	-14.113
3.3e+09	4e+06	-14.074
3.4e+09	4e+06	-14.926
3.5e+09	4e+06	-15.094
3.6e+09	4e+06	-15.166
3.7e+09	4e+06	-16.094
3.8e+09	4e+06	-16.598
3.9e+09	4e+06	-16.227
4e+09	4e+06	-16.457
4.1e+09	4e+06	-17.406
4.2e+09	4e+06	-17.584
4.3e+09	4e+06	-16.844
4.4e+09	4e+06	-16.959
4e+08	4.5e+06	-0.98245
5e+08	4.5e+06	-0.43
6e+08	4.5e+06	-0.43076
7e+08	4.5e+06	-0.86765
8e+08	4.5e+06	-1.3102
9e+08	4.5e+06	-1.8035
1e+09	4.5e+06	-2.4979
1.1e+09	4.5e+06	-3.3443
1.2e+09	4.5e+06	-3.763
1.3e+09	4.5e+06	-4.2973
1.4e+09	4.5e+06	-5.2915
1.5e+09	4.5e+06	-5.6177
1.6e+09	4.5e+06	-6.4036
1.7e+09	4.5e+06	-7.0778
1.8e+09	4.5e+06	-7.5303
1.9e+09	4.5e+06	-7.9398
2e+09	4.5e+06	-8.8609
2.1e+09	4.5e+06	-9.7545
2.2e+09	4.5e+06	-10.566
2.3e+09	4.5e+06	-10.807
2.4e+09	4.5e+06	-11.146
2.5e+09	4.5e+06	-11.931
2.6e+09	4.5e+06	-13.134
2.7e+09	4.5e+06	-13.662
2.8e+09	4.5e+06	-13.178
2.9e+09	4.5e+06	-13.227
3e+09	4.5e+06	-14.378
3.1e+09	4.5e+06	-14.961
3.2e+09	4.5e+06	-14.12
3.3e+09	4.5e+06	-14.083
3.4e+09	4.5e+06	-14.939
3.5e+09	4.5e+06	-15.102
3.6e+09	4.5e+06	-15.172
3.7e+09	4.5e+06	-16.112
3.8e+09	4.5e+06	-16.159
3.9e+09	4.5e+06	-16.235
4e+09	4.5e+06	-16.482
4.1e+09	4.5e+06	-17.419
4.2e+09	4.5e+06	-17.589
4.3e+09	4.5e+06	-16.85
4.4e+09	4.5e+06	-16.971
4e+08	5e+06	-0.98282
5e+08	5e+06	-0.43028
6e+08	5e+06	-0.43948
7e+08	5e+06	-0.88761
8e+08	5e+06	-1.3221
9e+08	5e+06	-1.8167
1e+09	5e+06	-2.5123
1.1e+09	5e+06	-3.3574
1.2e+09	5e+06	-3.7768
1.3e+09	5e+06	-4.3097
1.4e+09	5e+06	-5.3046
1.5e+09	5e+06	-5.6322
1.6e+09	5e+06	-6.4168
1.7e+09	5e+06	-7.0902
1.8e+09	5e+06	-7.5425
1.9e+09	5e+06	-7.9525
2e+09	5e+06	-8.8758
2.1e+09	5e+06	-9.7691
2.2e+09	5e+06	-10.58
2.3e+09	5e+06	-10.817
2.4e+09	5e+06	-11.16
2.5e+09	5e+06	-11.947
2.6e+09	5e+06	-13.15
2.7e+09	5e+06	-13.675
2.8e+09	5e+06	-13.184
2.9e+09	5e+06	-13.243
3e+09	5e+06	-14.393
3.1e+09	5e+06	-14.969
3.2e+09	5e+06	-14.129
3.3e+09	5e+06	-14.093
3.4e+09	5e+06	-14.955
3.5e+09	5e+06	-15.114
3.6e+09	5e+06	-15.182
3.7e+09	5e+06	-16.128
3.8e+09	5e+06	-16.173
3.9e+09	5e+06	-16.242
4e+09	5e+06	-16.498
4.1e+09	5e+06	-17.434
4.2e+09	5e+06	-17.597
4.3e+09	5e+06	-16.859
4.4e+09	5e+06	-16.988
4e+08	5.5e+06	-0.98864
5e+08	5.5e+06	-0.44701
6e+08	5.5e+06	-0.47999
7e+08	5.5e+06	-0.89502
8e+08	5.5e+06	-1.3361
9e+08	5.5e+06	-1.8311
1e+09	5.5e+06	-2.5289
1.1e+09	5.5e+06	-3.3711
1.2e+09	5.5e+06	-3.7931
1.3e+09	5.5e+06	-4.3236
1.4e+09	5.5e+06	-5.3187
1.5e+09	5.5e+06	-5.6492
1.6e+09	5.5e+06	-6.4306
1.7e+09	5.5e+06	-7.1041
1.8e+09	5.5e+06	-7.5552
1.9e+09	5.5e+06	-8.0878
2e+09	5.5e+06	-8.892
2.1e+09	5.5e+06	-9.7855
2.2e+09	5.5e+06	-10.596
2.3e+09	5.5e+06	-10.829
2.4e+09	5.5e+06	-11.175
2.5e+09	5.5e+06	-11.963
2.6e+09	5.5e+06	-13.167
2.7e+09	5.5e+06	-13.688
2.8e+09	5.5e+06	-13.191
2.9e+09	5.5e+06	-13.262
3e+09	5.5e+06	-14.409
3.1e+09	5.5e+06	-14.98
3.2e+09	5.5e+06	-14.138
3.3e+09	5.5e+06	-14.104
3.4e+09	5.5e+06	-14.972
3.5e+09	5.5e+06	-15.126
3.6e+09	5.5e+06	-15.193
3.7e+09	5.5e+06	-16.148
3.8e+09	5.5e+06	-16.642
3.9e+09	5.5e+06	-16.251
4e+09	5.5e+06	-16.515
4.1e+09	5.5e+06	-17.448
4.2e+09	5.5e+06	-17.606
4.3e+09	5.5e+06	-16.869
4.4e+09	5.5e+06	-17.004
4e+08	6e+06	-0.99668
5e+08	6e+06	-0.45738
6e+08	6e+06	-0.51657
7e+08	6e+06	-0.90933
8e+08	6e+06	-1.3518
9e+08	6e+06	-1.8476
1e+09	6e+06	-2.5456
1.1e+09	6e+06	-3.3873
1.2e+09	6e+06	-3.8093
1.3e+09	6e+06	-4.3384
1.4e+09	6e+06	-5.3349
1.5e+09	6e+06	-5.6672
1.6e+09	6e+06	-6.4458
1.7e+09	6e+06	-7.1191
1.8e+09	6e+06	-7.5711
1.9e+09	6e+06	-8.2033
2e+09	6e+06	-8.9104
2.1e+09	6e+06	-9.8025
2.2e+09	6e+06	-10.613
2.3e+09	6e+06	-10.843
2.4e+09	6e+06	-11.193
2.5e+09	6e+06	-11.984
2.6e+09	6e+06	-13.186
2.7e+09	6e+06	-13.704
2.8e+09	6e+06	-13.201
2.9e+09	6e+06	-13.271
3e+09	6e+06	-14.427
3.1e+09	6e+06	-14.992
3.2e+09	6e+06	-14.151
3.3e+09	6e+06	-14.118
3.4e+09	6e+06	-14.989
3.5e+09	6e+06	-15.118
3.6e+09	6e+06	-15.205
3.7e+09	6e+06	-16.168
3.8e+09	6e+06	-16.659
3.9e+09	6e+06	-16.261
4e+09	6e+06	-16.533
4.1e+09	6e+06	-17.468
4.2e+09	6e+06	-17.615
4.3e+09	6e+06	-16.88
4.4e+09	6e+06	-17.023
4e+08	6.5e+06	-1.0041
5e+08	6.5e+06	-0.46823
6e+08	6.5e+06	-0.53033
7e+08	6.5e+06	-0.92565
8e+08	6.5e+06	-1.3679
9e+08	6.5e+06	-1.8645
1e+09	6.5e+06	-2.5647
1.1e+09	6.5e+06	-3.404
1.2e+09	6.5e+06	-3.8269
1.3e+09	6.5e+06	-4.3554
1.4e+09	6.5e+06	-5.3517
1.5e+09	6.5e+06	-5.6876
1.6e+09	6.5e+06	-6.4633
1.7e+09	6.5e+06	-7.1355
1.8e+09	6.5e+06	-7.5874
1.9e+09	6.5e+06	-8.2219
2e+09	6.5e+06	-8.9298
2.1e+09	6.5e+06	-9.8214
2.2e+09	6.5e+06	-10.632
2.3e+09	6.5e+06	-10.857
2.4e+09	6.5e+06	-11.21
2.5e+09	6.5e+06	-12.005
2.6e+09	6.5e+06	-13.206
2.7e+09	6.5e+06	-13.718
2.8e+09	6.5e+06	-13.211
2.9e+09	6.5e+06	-13.291
3e+09	6.5e+06	-14.446
3.1e+09	6.5e+06	-15.006
3.2e+09	6.5e+06	-14.167
3.3e+09	6.5e+06	-14.133
3.4e+09	6.5e+06	-15.009
3.5e+09	6.5e+06	-15.135
3.6e+09	6.5e+06	-15.219
3.7e+09	6.5e+06	-16.19
3.8e+09	6.5e+06	-16.673
3.9e+09	6.5e+06	-16.273
4e+09	6.5e+06	-16.552
4.1e+09	6.5e+06	-17.485
4.2e+09	6.5e+06	-17.628
4.3e+09	6.5e+06	-16.895
4.4e+09	6.5e+06	-17.044
4e+08	7e+06	-1.0164
5e+08	7e+06	-0.48594
6e+08	7e+06	-0.49862
7e+08	7e+06	-0.94611
8e+08	7e+06	-1.3893
9e+08	7e+06	-1.8865
1e+09	7e+06	-2.5882
1.1e+09	7e+06	-3.4263
1.2e+09	7e+06	-3.849
1.3e+09	7e+06	-4.3769
1.4e+09	7e+06	-5.3741
1.5e+09	7e+06	-5.7124
1.6e+09	7e+06	-6.4852
1.7e+09	7e+06	-7.1583
1.8e+09	7e+06	-7.61
1.9e+09	7e+06	-8.2441
2e+09	7e+06	-8.955
2.1e+09	7e+06	-9.8456
2.2e+09	7e+06	-10.656
2.3e+09	7e+06	-10.878
2.4e+09	7e+06	-11.234
2.5e+09	7e+06	-12.031
2.6e+09	7e+06	-13.232
2.7e+09	7e+06	-13.741
2.8e+09	7e+06	-13.226
2.9e+09	7e+06	-13.33
3e+09	7e+06	-14.472
3.1e+09	7e+06	-15.025
3.2e+09	7e+06	-14.38
3.3e+09	7e+06	-14.152
3.4e+09	7e+06	-15.034
3.5e+09	7e+06	-15.18
3.6e+09	7e+06	-15.237
3.7e+09	7e+06	-16.217
3.8e+09	7e+06	-16.693
3.9e+09	7e+06	-16.29
4e+09	7e+06	-16.576
4.1e+09	7e+06	-17.511
4.2e+09	7e+06	-17.642
4.3e+09	7e+06	-16.913
4.4e+09	7e+06	-17.071
4e+08	7.5e+06	-1.0323
5e+08	7.5e+06	-0.50515
6e+08	7.5e+06	-0.52114
7e+08	7.5e+06	-0.97109
8e+08	7.5e+06	-1.415
9e+08	7.5e+06	-1.9134
1e+09	7.5e+06	-2.6158
1.1e+09	7.5e+06	-3.4525
1.2e+09	7.5e+06	-3.8746
1.3e+09	7.5e+06	-4.4036
1.4e+09	7.5e+06	-5.403
1.5e+09	7.5e+06	-5.741
1.6e+09	7.5e+06	-6.5118
1.7e+09	7.5e+06	-7.1851
1.8e+09	7.5e+06	-7.6369
1.9e+09	7.5e+06	-8.2712
2e+09	7.5e+06	-8.9844
2.1e+09	7.5e+06	-9.8555
2.2e+09	7.5e+06	-10.685
2.3e+09	7.5e+06	-10.903
2.4e+09	7.5e+06	-11.262
2.5e+09	7.5e+06	-12.061
2.6e+09	7.5e+06	-13.262
2.7e+09	7.5e+06	-13.767
2.8e+09	7.5e+06	-13.248
2.9e+09	7.5e+06	-13.362
3e+09	7.5e+06	-14.501
3.1e+09	7.5e+06	-15.047
3.2e+09	7.5e+06	-14.405
3.3e+09	7.5e+06	-14.178
3.4e+09	7.5e+06	-15.063
3.5e+09	7.5e+06	-15.208
3.6e+09	7.5e+06	-15.261
3.7e+09	7.5e+06	-16.252
3.8e+09	7.5e+06	-16.719
3.9e+09	7.5e+06	-16.311
4e+09	7.5e+06	-16.606
4.1e+09	7.5e+06	-17.54
4.2e+09	7.5e+06	-17.665
4.3e+09	7.5e+06	-16.935
4.4e+09	7.5e+06	-17.101
4e+08	8e+06	-1.0551
5e+08	8e+06	-0.53135
6e+08	8e+06	-0.55445
7e+08	8e+06	-1.0025
8e+08	8e+06	-1.4459
9e+08	8e+06	-1.9446
1e+09	8e+06	-2.649
1.1e+09	8e+06	-3.484
1.2e+09	8e+06	-3.9068
1.3e+09	8e+06	-4.4348
1.4e+09	8e+06	-5.3623
1.5e+09	8e+06	-5.7757
1.6e+09	8e+06	-6.5443
1.7e+09	8e+06	-7.2158
1.8e+09	8e+06	-7.6686
1.9e+09	8e+06	-8.3038
2e+09	8e+06	-9.0192
2.1e+09	8e+06	-9.9077
2.2e+09	8e+06	-10.718
2.3e+09	8e+06	-10.932
2.4e+09	8e+06	-11.295
2.5e+09	8e+06	-12.098
2.6e+09	8e+06	-13.296
2.7e+09	8e+06	-13.8
2.8e+09	8e+06	-13.272
2.9e+09	8e+06	-13.398
3e+09	8e+06	-14.536
3.1e+09	8e+06	-15.076
3.2e+09	8e+06	-14.432
3.3e+09	8e+06	-14.209
3.4e+09	8e+06	-15.098
3.5e+09	8e+06	-15.239
3.6e+09	8e+06	-15.292
3.7e+09	8e+06	-16.064
3.8e+09	8e+06	-16.75
3.9e+09	8e+06	-16.338
4e+09	8e+06	-16.641
4.1e+09	8e+06	-17.574
4.2e+09	8e+06	-17.692
4.3e+09	8e+06	-16.964
4.4e+09	8e+06	-17.14
4e+08	8.5e+06	-1.0798
5e+08	8.5e+06	-0.55931
6e+08	8.5e+06	-0.642
7e+08	8.5e+06	-1.0364
8e+08	8.5e+06	-1.4808
9e+08	8.5e+06	-1.981
1e+09	8.5e+06	-2.6867
1.1e+09	8.5e+06	-3.5195
1.2e+09	8.5e+06	-3.9428
1.3e+09	8.5e+06	-4.4709
1.4e+09	8.5e+06	-5.399
1.5e+09	8.5e+06	-5.815
1.6e+09	8.5e+06	-6.5802
1.7e+09	8.5e+06	-7.2527
1.8e+09	8.5e+06	-7.7064
1.9e+09	8.5e+06	-8.3417
2e+09	8.5e+06	-9.0586
2.1e+09	8.5e+06	-9.9468
2.2e+09	8.5e+06	-10.757
2.3e+09	8.5e+06	-10.967
2.4e+09	8.5e+06	-11.332
2.5e+09	8.5e+06	-12.14
2.6e+09	8.5e+06	-13.337
2.7e+09	8.5e+06	-13.835
2.8e+09	8.5e+06	-13.304
2.9e+09	8.5e+06	-13.44
3e+09	8.5e+06	-14.575
3.1e+09	8.5e+06	-15.109
3.2e+09	8.5e+06	-14.465
3.3e+09	8.5e+06	-14.245
3.4e+09	8.5e+06	-15.136
3.5e+09	8.5e+06	-15.276
3.6e+09	8.5e+06	-15.267
3.7e+09	8.5e+06	-16.107
3.8e+09	8.5e+06	-16.787
3.9e+09	8.5e+06	-16.371
4e+09	8.5e+06	-16.681
4.1e+09	8.5e+06	-17.613
4.2e+09	8.5e+06	-17.723
4.3e+09	8.5e+06	-16.997
4.4e+09	8.5e+06	-17.182
4e+08	9e+06	-1.1213
5e+08	9e+06	-0.60463
6e+08	9e+06	-0.69226
7e+08	9e+06	-1.0861
8e+08	9e+06	-1.5321
9e+08	9e+06	-2.0334
1e+09	9e+06	-2.7411
1.1e+09	9e+06	-3.5725
1.2e+09	9e+06	-3.9963
1.3e+09	9e+06	-4.5247
1.4e+09	9e+06	-5.4511
1.5e+09	9e+06	-5.8713
1.6e+09	9e+06	-6.6349
1.7e+09	9e+06	-7.3057
1.8e+09	9e+06	-7.7603
1.9e+09	9e+06	-8.3957
2e+09	9e+06	-9.1152
2.1e+09	9e+06	-10.002
2.2e+09	9e+06	-10.813
2.3e+09	9e+06	-11.019
2.4e+09	9e+06	-11.387
2.5e+09	9e+06	-12.196
2.6e+09	9e+06	-13.394
2.7e+09	9e+06	-13.888
2.8e+09	9e+06	-13.352
2.9e+09	9e+06	-13.498
3e+09	9e+06	-14.632
3.1e+09	9e+06	-15.158
3.2e+09	9e+06	-14.515
3.3e+09	9e+06	-14.297
3.4e+09	9e+06	-15.193
3.5e+09	9e+06	-15.33
3.6e+09	9e+06	-15.38
3.7e+09	9e+06	-16.396
3.8e+09	9e+06	-16.839
3.9e+09	9e+06	-16.419
4e+09	9e+06	-16.736
4.1e+09	9e+06	-17.668
4.2e+09	9e+06	-17.771
4.3e+09	9e+06	-17.047
4.4e+09	9e+06	-17.239
4e+08	9.5e+06	-1.2058
5e+08	9.5e+06	-0.69466
6e+08	9.5e+06	-0.78943
7e+08	9.5e+06	-1.1817
8e+08	9.5e+06	-1.6302
9e+08	9.5e+06	-2.1336
1e+09	9.5e+06	-2.8435
1.1e+09	9.5e+06	-3.6733
1.2e+09	9.5e+06	-4.0979
1.3e+09	9.5e+06	-4.6262
1.4e+09	9.5e+06	-5.5525
1.5e+09	9.5e+06	-5.977
1.6e+09	9.5e+06	-6.7369
1.7e+09	9.5e+06	-7.4076
1.8e+09	9.5e+06	-7.862
1.9e+09	9.5e+06	-8.5001
2e+09	9.5e+06	-9.2213
2.1e+09	9.5e+06	-10.107
2.2e+09	9.5e+06	-10.918
2.3e+09	9.5e+06	-11.123
2.4e+09	9.5e+06	-11.492
2.5e+09	9.5e+06	-12.306
2.6e+09	9.5e+06	-13.502
2.7e+09	9.5e+06	-13.992
2.8e+09	9.5e+06	-13.451
2.9e+09	9.5e+06	-13.607
3e+09	9.5e+06	-14.74
3.1e+09	9.5e+06	-15.261
3.2e+09	9.5e+06	-14.614
3.3e+09	9.5e+06	-14.398
3.4e+09	9.5e+06	-15.299
3.5e+09	9.5e+06	-15.436
3.6e+09	9.5e+06	-15.481
3.7e+09	9.5e+06	-16.508
3.8e+09	9.5e+06	-16.942
3.9e+09	9.5e+06	-16.519
4e+09	9.5e+06	-16.842
4.1e+09	9.5e+06	-17.775
4.2e+09	9.5e+06	-17.871
4.3e+09	9.5e+06	-17.147
4.4e+09	9.5e+06	-17.35
4e+08	1e+07	-1.3881
5e+08	1e+07	-0.88106
6e+08	1e+07	-0.99017
7e+08	1e+07	-1.3836
8e+08	1e+07	-1.8351
9e+08	1e+07	-2.3405
1e+09	1e+07	-3.0527
1.1e+09	1e+07	-3.8813
1.2e+09	1e+07	-4.3085
1.3e+09	1e+07	-4.8367
1.4e+09	1e+07	-5.7627
1.5e+09	1e+07	-6.1898
1.6e+09	1e+07	-6.9491
1.7e+09	1e+07	-7.6202
1.8e+09	1e+07	-8.0755
1.9e+09	1e+07	-8.7143
2e+09	1e+07	-9.4184
2.1e+09	1e+07	-10.322
2.2e+09	1e+07	-11.135
2.3e+09	1e+07	-11.395
2.4e+09	1e+07	-11.708
2.5e+09	1e+07	-12.524
2.6e+09	1e+07	-13.721
2.7e+09	1e+07	-14.207
2.8e+09	1e+07	-13.66
2.9e+09	1e+07	-13.826
3e+09	1e+07	-14.958
3.1e+09	1e+07	-15.385
3.2e+09	1e+07	-14.827
3.3e+09	1e+07	-14.613
3.4e+09	1e+07	-15.517
3.5e+09	1e+07	-15.629
3.6e+09	1e+07	-15.635
3.7e+09	1e+07	-16.727
3.8e+09	1e+07	-17.158
3.9e+09	1e+07	-16.73
4e+09	1e+07	-17.061
4.1e+09	1e+07	-17.996
4.2e+09	1e+07	-18.081
4.3e+09	1e+07	-17.358
4.4e+09	1e+07	-17.571
4e+08	1.05e+07	-1.7635
5e+08	1.05e+07	-1.2625
6e+08	1.05e+07	-1.3837
7e+08	1.05e+07	-1.7792
8e+08	1.05e+07	-2.2346
9e+08	1.05e+07	-2.7424
1e+09	1.05e+07	-3.4574
1.1e+09	1.05e+07	-4.2851
1.2e+09	1.05e+07	-4.7154
1.3e+09	1.05e+07	-5.2441
1.4e+09	1.05e+07	-6.1708
1.5e+09	1.05e+07	-6.6005
1.6e+09	1.05e+07	-7.3598
1.7e+09	1.05e+07	-8.0303
1.8e+09	1.05e+07	-8.4871
1.9e+09	1.05e+07	-9.1275
2e+09	1.05e+07	-9.8342
2.1e+09	1.05e+07	-10.737
2.2e+09	1.05e+07	-11.551
2.3e+09	1.05e+07	-11.807
2.4e+09	1.05e+07	-12.123
2.5e+09	1.05e+07	-12.945
2.6e+09	1.05e+07	-14.14
2.7e+09	1.05e+07	-14.622
2.8e+09	1.05e+07	-14.07
2.9e+09	1.05e+07	-14.246
3e+09	1.05e+07	-15.359
3.1e+09	1.05e+07	-15.798
3.2e+09	1.05e+07	-15.24
3.3e+09	1.05e+07	-15.028
3.4e+09	1.05e+07	-15.936
3.5e+09	1.05e+07	-16.06
3.6e+09	1.05e+07	-16.115
3.7e+09	1.05e+07	-17.147
3.8e+09	1.05e+07	-17.575
3.9e+09	1.05e+07	-17.141
4e+09	1.05e+07	-17.479
4.1e+09	1.05e+07	-18.418
4.2e+09	1.05e+07	-18.491
4.3e+09	1.05e+07	-17.772
4.4e+09	1.05e+07	-17.996
4e+08	1.1e+07	-2.4384
5e+08	1.1e+07	-1.9551
6e+08	1.1e+07	-2.0787
7e+08	1.1e+07	-2.4773
8e+08	1.1e+07	-2.9359
9e+08	1.1e+07	-3.4468
1e+09	1.1e+07	-4.1653
1.1e+09	1.1e+07	-4.9926
1.2e+09	1.1e+07	-5.4257
1.3e+09	1.1e+07	-5.9555
1.4e+09	1.1e+07	-6.883
1.5e+09	1.1e+07	-7.2981
1.6e+09	1.1e+07	-8.0751
1.7e+09	1.1e+07	-8.7458
1.8e+09	1.1e+07	-9.205
1.9e+09	1.1e+07	-9.8457
2e+09	1.1e+07	-10.577
2.1e+09	1.1e+07	-11.458
2.2e+09	1.1e+07	-12.274
2.3e+09	1.1e+07	-12.526
2.4e+09	1.1e+07	-12.846
2.5e+09	1.1e+07	-13.672
2.6e+09	1.1e+07	-14.867
2.7e+09	1.1e+07	-15.345
2.8e+09	1.1e+07	-14.789
2.9e+09	1.1e+07	-14.975
3e+09	1.1e+07	-16.085
3.1e+09	1.1e+07	-16.515
3.2e+09	1.1e+07	-15.961
3.3e+09	1.1e+07	-15.751
3.4e+09	1.1e+07	-16.661
3.5e+09	1.1e+07	-16.795
3.6e+09	1.1e+07	-16.835
3.7e+09	1.1e+07	-17.876
3.8e+09	1.1e+07	-18.297
3.9e+09	1.1e+07	-17.863
4e+09	1.1e+07	-18.208
4.1e+09	1.1e+07	-19.143
4.2e+09	1.1e+07	-19.209
4.3e+09	1.1e+07	-18.492
4.4e+09	1.1e+07	-18.725
4e+08	1.15e+07	-3.5349
5e+08	1.15e+07	-3.0653
6e+08	1.15e+07	-3.1964
7e+08	1.15e+07	-3.5965
8e+08	1.15e+07	-4.0586
9e+08	1.15e+07	-4.5707
1e+09	1.15e+07	-5.2935
1.1e+09	1.15e+07	-6.1196
1.2e+09	1.15e+07	-6.556
1.3e+09	1.15e+07	-7.0858
1.4e+09	1.15e+07	-8.0149
1.5e+09	1.15e+07	-8.4535
1.6e+09	1.15e+07	-9.2088
1.7e+09	1.15e+07	-9.8795
1.8e+09	1.15e+07	-10.34
1.9e+09	1.15e+07	-10.984
2e+09	1.15e+07	-11.717
2.1e+09	1.15e+07	-12.599
2.2e+09	1.15e+07	-13.415
2.3e+09	1.15e+07	-13.663
2.4e+09	1.15e+07	-13.987
2.5e+09	1.15e+07	-14.817
2.6e+09	1.15e+07	-16.009
2.7e+09	1.15e+07	-16.484
2.8e+09	1.15e+07	-15.923
2.9e+09	1.15e+07	-16.121
3e+09	1.15e+07	-17.25
3.1e+09	1.15e+07	-17.65
3.2e+09	1.15e+07	-17.098
3.3e+09	1.15e+07	-16.893
3.4e+09	1.15e+07	-17.805
3.5e+09	1.15e+07	-17.938
3.6e+09	1.15e+07	-17.973
3.7e+09	1.15e+07	-19.022
3.8e+09	1.15e+07	-19.44
3.9e+09	1.15e+07	-18.998
4e+09	1.15e+07	-19.352
4.1e+09	1.15e+07	-20.286
4.2e+09	1.15e+07	-20.345
4.3e+09	1.15e+07	-19.628
4.4e+09	1.15e+07	-19.873
4e+08	1.2e+07	-5.1838
5e+08	1.2e+07	-4.7207
6e+08	1.2e+07	-4.8123
7e+08	1.2e+07	-5.2618
8e+08	1.2e+07	-5.7253
9e+08	1.2e+07	-6.2395
1e+09	1.2e+07	-6.9638
1.1e+09	1.2e+07	-7.7891
1.2e+09	1.2e+07	-8.2274
1.3e+09	1.2e+07	-8.7577
1.4e+09	1.2e+07	-9.6875
1.5e+09	1.2e+07	-10.13
1.6e+09	1.2e+07	-10.87
1.7e+09	1.2e+07	-11.551
1.8e+09	1.2e+07	-12.014
1.9e+09	1.2e+07	-12.658
2e+09	1.2e+07	-13.394
2.1e+09	1.2e+07	-14.274
2.2e+09	1.2e+07	-15.092
2.3e+09	1.2e+07	-15.337
2.4e+09	1.2e+07	-15.662
2.5e+09	1.2e+07	-16.497
2.6e+09	1.2e+07	-17.689
2.7e+09	1.2e+07	-18.159
2.8e+09	1.2e+07	-17.594
2.9e+09	1.2e+07	-17.8
3e+09	1.2e+07	-18.929
3.1e+09	1.2e+07	-19.321
3.2e+09	1.2e+07	-18.77
3.3e+09	1.2e+07	-18.564
3.4e+09	1.2e+07	-19.479
3.5e+09	1.2e+07	-19.612
3.6e+09	1.2e+07	-19.646
3.7e+09	1.2e+07	-20.702
3.8e+09	1.2e+07	-21.114
3.9e+09	1.2e+07	-20.669
4e+09	1.2e+07	-21.028
4.1e+09	1.2e+07	-21.966
4.2e+09	1.2e+07	-22.017
4.3e+09	1.2e+07	-21.297
4.4e+09	1.2e+07	-21.553
4e+08	1.25e+07	-7.4688
5e+08	1.25e+07	-7.0283
6e+08	1.25e+07	-7.1353
7e+08	1.25e+07	-7.5436
8e+08	1.25e+07	-8.0756
9e+08	1.25e+07	-8.6003
1e+09	1.25e+07	-9.3328
1.1e+09	1.25e+07	-10.16
1.2e+09	1.25e+07	-10.606
1.3e+09	1.25e+07	-11.135
1.4e+09	1.25e+07	-12.062
1.5e+09	1.25e+07	-12.508
1.6e+09	1.25e+07	-13.237
1.7e+09	1.25e+07	-13.929
1.8e+09	1.25e+07	-14.392
1.9e+09	1.25e+07	-15.035
2e+09	1.25e+07	-15.774
2.1e+09	1.25e+07	-16.652
2.2e+09	1.25e+07	-17.469
2.3e+09	1.25e+07	-17.709
2.4e+09	1.25e+07	-18.034
2.5e+09	1.25e+07	-18.871
2.6e+09	1.25e+07	-20.061
2.7e+09	1.25e+07	-20.525
2.8e+09	1.25e+07	-19.952
2.9e+09	1.25e+07	-20.165
3e+09	1.25e+07	-21.29
3.1e+09	1.25e+07	-21.675
3.2e+09	1.25e+07	-21.123
3.3e+09	1.25e+07	-20.921
3.4e+09	1.25e+07	-21.834
3.5e+09	1.25e+07	-21.968
3.6e+09	1.25e+07	-21.991
3.7e+09	1.25e+07	-23.058
3.8e+09	1.25e+07	-23.464
3.9e+09	1.25e+07	-22.999
4e+09	1.25e+07	-23.375
4.1e+09	1.25e+07	-24.311
4.2e+09	1.25e+07	-24.355
4.3e+09	1.25e+07	-23.636
4.4e+09	1.25e+07	-23.906
4e+08	1.3e+07	-10.625
5e+08	1.3e+07	-10.163
6e+08	1.3e+07	-10.258
7e+08	1.3e+07	-10.659
8e+08	1.3e+07	-11.175
9e+08	1.3e+07	-11.69
1e+09	1.3e+07	-12.419
1.1e+09	1.3e+07	-13.238
1.2e+09	1.3e+07	-13.677
1.3e+09	1.3e+07	-14.206
1.4e+09	1.3e+07	-15.132
1.5e+09	1.3e+07	-15.578
1.6e+09	1.3e+07	-16.301
1.7e+09	1.3e+07	-16.989
1.8e+09	1.3e+07	-17.452
1.9e+09	1.3e+07	-18.094
2e+09	1.3e+07	-18.832
2.1e+09	1.3e+07	-19.704
2.2e+09	1.3e+07	-20.521
2.3e+09	1.3e+07	-20.78
2.4e+09	1.3e+07	-21.085
2.5e+09	1.3e+07	-21.926
2.6e+09	1.3e+07	-23.118
2.7e+09	1.3e+07	-23.579
2.8e+09	1.3e+07	-23.002
2.9e+09	1.3e+07	-23.228
3e+09	1.3e+07	-24.352
3.1e+09	1.3e+07	-24.73
3.2e+09	1.3e+07	-24.179
3.3e+09	1.3e+07	-23.981
3.4e+09	1.3e+07	-24.896
3.5e+09	1.3e+07	-25.03
3.6e+09	1.3e+07	-25.054
3.7e+09	1.3e+07	-26.121
3.8e+09	1.3e+07	-26.532
3.9e+09	1.3e+07	-26.061
4e+09	1.3e+07	-26.446
4.1e+09	1.3e+07	-27.386
4.2e+09	1.3e+07	-27.419
4.3e+09	1.3e+07	-26.7
4.4e+09	1.3e+07	-26.982
4e+08	1.35e+07	-14.694
5e+08	1.35e+07	-14.223
6e+08	1.35e+07	-14.319
7e+08	1.35e+07	-14.769
8e+08	1.35e+07	-15.229
9e+08	1.35e+07	-15.744
1e+09	1.35e+07	-16.47
1.1e+09	1.35e+07	-17.287
1.2e+09	1.35e+07	-17.723
1.3e+09	1.35e+07	-18.252
1.4e+09	1.35e+07	-19.17
1.5e+09	1.35e+07	-19.62
1.6e+09	1.35e+07	-20.357
1.7e+09	1.35e+07	-21.018
1.8e+09	1.35e+07	-21.478
1.9e+09	1.35e+07	-22.12
2e+09	1.35e+07	-22.856
2.1e+09	1.35e+07	-23.725
2.2e+09	1.35e+07	-24.541
2.3e+09	1.35e+07	-24.794
2.4e+09	1.35e+07	-25.103
2.5e+09	1.35e+07	-25.947
2.6e+09	1.35e+07	-27.137
2.7e+09	1.35e+07	-27.591
2.8e+09	1.35e+07	-27.01
2.9e+09	1.35e+07	-27.247
3e+09	1.35e+07	-28.367
3.1e+09	1.35e+07	-28.829
3.2e+09	1.35e+07	-28.187
3.3e+09	1.35e+07	-27.985
3.4e+09	1.35e+07	-28.905
3.5e+09	1.35e+07	-29.033
3.6e+09	1.35e+07	-29.05
3.7e+09	1.35e+07	-30.131
3.8e+09	1.35e+07	-30.53
3.9e+09	1.35e+07	-30.066
4e+09	1.35e+07	-30.448
4.1e+09	1.35e+07	-31.383
4.2e+09	1.35e+07	-31.411
4.3e+09	1.35e+07	-30.698
4.4e+09	1.35e+07	-30.964
4e+08	1.4e+07	-19.904
5e+08	1.4e+07	-19.406
6e+08	1.4e+07	-19.506
7e+08	1.4e+07	-19.948
8e+08	1.4e+07	-20.405
9e+08	1.4e+07	-20.912
1e+09	1.4e+07	-21.637
1.1e+09	1.4e+07	-22.446
1.2e+09	1.4e+07	-22.882
1.3e+09	1.4e+07	-23.407
1.4e+09	1.4e+07	-24.324
1.5e+09	1.4e+07	-24.715
1.6e+09	1.4e+07	-25.502
1.7e+09	1.4e+07	-26.157
1.8e+09	1.4e+07	-26.617
1.9e+09	1.4e+07	-27.257
2e+09	1.4e+07	-27.994
2.1e+09	1.4e+07	-28.855
2.2e+09	1.4e+07	-29.667
2.3e+09	1.4e+07	-29.916
2.4e+09	1.4e+07	-30.221
2.5e+09	1.4e+07	-31.066
2.6e+09	1.4e+07	-32.251
2.7e+09	1.4e+07	-32.71
2.8e+09	1.4e+07	-32.119
2.9e+09	1.4e+07	-32.361
3e+09	1.4e+07	-33.484
3.1e+09	1.4e+07	-33.932
3.2e+09	1.4e+07	-33.293
3.3e+09	1.4e+07	-33.097
3.4e+09	1.4e+07	-34.014
3.5e+09	1.4e+07	-34.149
3.6e+09	1.4e+07	-34.161
3.7e+09	1.4e+07	-35.252
3.8e+09	1.4e+07	-35.647
3.9e+09	1.4e+07	-35.163
4e+09	1.4e+07	-35.56
4.1e+09	1.4e+07	-36.499
4.2e+09	1.4e+07	-36.528
4.3e+09	1.4e+07	-35.811
4.4e+09	1.4e+07	-36.106
4e+08	1.45e+07	-26.522
5e+08	1.45e+07	-26.02
6e+08	1.45e+07	-26.101
7e+08	1.45e+07	-26.536
8e+08	1.45e+07	-26.989
9e+08	1.45e+07	-27.486
1e+09	1.45e+07	-28.208
1.1e+09	1.45e+07	-29.004
1.2e+09	1.45e+07	-29.437
1.3e+09	1.45e+07	-29.958
1.4e+09	1.45e+07	-30.869
1.5e+09	1.45e+07	-31.264
1.6e+09	1.45e+07	-32.039
1.7e+09	1.45e+07	-32.689
1.8e+09	1.45e+07	-33.146
1.9e+09	1.45e+07	-33.778
2e+09	1.45e+07	-34.517
2.1e+09	1.45e+07	-35.386
2.2e+09	1.45e+07	-36.192
2.3e+09	1.45e+07	-36.44
2.4e+09	1.45e+07	-36.738
2.5e+09	1.45e+07	-37.578
2.6e+09	1.45e+07	-38.774
2.7e+09	1.45e+07	-39.229
2.8e+09	1.45e+07	-38.631
2.9e+09	1.45e+07	-38.893
3e+09	1.45e+07	-39.998
3.1e+09	1.45e+07	-40.441
3.2e+09	1.45e+07	-39.821
3.3e+09	1.45e+07	-39.623
3.4e+09	1.45e+07	-40.53
3.5e+09	1.45e+07	-40.676
3.6e+09	1.45e+07	-40.682
3.7e+09	1.45e+07	-41.788
3.8e+09	1.45e+07	-42.172
3.9e+09	1.45e+07	-41.696
4e+09	1.45e+07	-42.1
4.1e+09	1.45e+07	-43.011
4.2e+09	1.45e+07	-43.041
4.3e+09	1.45e+07	-42.315
4.4e+09	1.45e+07	-42.642
4e+08	1.5e+07	-35.079
5e+08	1.5e+07	-34.549
6e+08	1.5e+07	-34.622
7e+08	1.5e+07	-35.023
8e+08	1.5e+07	-35.49
9e+08	1.5e+07	-35.969
1e+09	1.5e+07	-36.695
1.1e+09	1.5e+07	-37.482
1.2e+09	1.5e+07	-37.902
1.3e+09	1.5e+07	-38.436
1.4e+09	1.5e+07	-39.338
1.5e+09	1.5e+07	-39.773
1.6e+09	1.5e+07	-40.5
1.7e+09	1.5e+07	-41.15
1.8e+09	1.5e+07	-41.614
1.9e+09	1.5e+07	-42.263
2e+09	1.5e+07	-42.965
2.1e+09	1.5e+07	-43.85
2.2e+09	1.5e+07	-44.644
2.3e+09	1.5e+07	-44.901
2.4e+09	1.5e+07	-45.222
2.5e+09	1.5e+07	-46.032
2.6e+09	1.5e+07	-47.247
2.7e+09	1.5e+07	-47.674
2.8e+09	1.5e+07	-47.081
2.9e+09	1.5e+07	-47.329
3e+09	1.5e+07	-48.478
3.1e+09	1.5e+07	-48.865
3.2e+09	1.5e+07	-48.258
3.3e+09	1.5e+07	-48.072
3.4e+09	1.5e+07	-48.993
3.5e+09	1.5e+07	-49.09
3.6e+09	1.5e+07	-49.184
3.7e+09	1.5e+07	-50.264
3.8e+09	1.5e+07	-50.574
3.9e+09	1.5e+07	-50.125
4e+09	1.5e+07	-50.488
4.1e+09	1.5e+07	-51.477
4.2e+09	1.5e+07	-51.487
4.3e+09	1.5e+07	-50.729
4.4e+09	1.5e+07	-51.077
4e+08	1.55e+07	-46.543
5e+08	1.55e+07	-46.016
6e+08	1.55e+07	-46.086
7e+08	1.55e+07	-46.479
8e+08	1.55e+07	-46.925
9e+08	1.55e+07	-47.432
1e+09	1.55e+07	-48.14
1.1e+09	1.55e+07	-48.879
1.2e+09	1.55e+07	-49.286
1.3e+09	1.55e+07	-49.852
1.4e+09	1.55e+07	-50.849
1.5e+09	1.55e+07	-51.214
1.6e+09	1.55e+07	-51.933
1.7e+09	1.55e+07	-52.646
1.8e+09	1.55e+07	-53.085
1.9e+09	1.55e+07	-53.692
2e+09	1.55e+07	-54.428
2.1e+09	1.55e+07	-55.31
2.2e+09	1.55e+07	-56.04
2.3e+09	1.55e+07	-56.309
2.4e+09	1.55e+07	-56.586
2.5e+09	1.55e+07	-57.35
2.6e+09	1.55e+07	-58.667
2.7e+09	1.55e+07	-59.056
2.8e+09	1.55e+07	-58.481
2.9e+09	1.55e+07	-58.724
3e+09	1.55e+07	-59.908
3.1e+09	1.55e+07	-60.303
3.2e+09	1.55e+07	-59.766
3.3e+09	1.55e+07	-59.552
3.4e+09	1.55e+07	-60.448
3.5e+09	1.55e+07	-60.57
3.6e+09	1.55e+07	-60.598
3.7e+09	1.55e+07	-61.713
3.8e+09	1.55e+07	-62.112
3.9e+09	1.55e+07	-61.301
4e+09	1.55e+07	-61.911
4.1e+09	1.55e+07	-62.973
4.2e+09	1.55e+07	-62.79
4.3e+09	1.55e+07	-62.308
4.4e+09	1.55e+07	-62.644
4e+08	1.6e+07	-64.766
5e+08	1.6e+07	-64.354
6e+08	1.6e+07	-64.444
7e+08	1.6e+07	-64.536
8e+08	1.6e+07	-65.285
9e+08	1.6e+07	-65.689
1e+09	1.6e+07	-66.42
1.1e+09	1.6e+07	-67.518
1.2e+09	1.6e+07	-67.629
1.3e+09	1.6e+07	-67.891
1.4e+09	1.6e+07	-68.709
1.5e+09	1.6e+07	-70.031
1.6e+09	1.6e+07	-70.22
1.7e+09	1.6e+07	-70.942
1.8e+09	1.6e+07	-70.864
1.9e+09	1.6e+07	-71.983
2e+09	1.6e+07	-72.061
2.1e+09	1.6e+07	-73.774
2.2e+09	1.6e+07	-74.415
2.3e+09	1.6e+07	-74.279
2.4e+09	1.6e+07	-74.489
2.5e+09	1.6e+07	-75.002
2.6e+09	1.6e+07	-76.763
2.7e+09	1.6e+07	-76.453
2.8e+09	1.6e+07	-76.391
2.9e+09	1.6e+07	-76.553
3e+09	1.6e+07	-77.699
3.1e+09	1.6e+07	-78.708
3.2e+09	1.6e+07	-77.66
3.3e+09	1.6e+07	-77.001
3.4e+09	1.6e+07	-78.518
3.5e+09	1.6e+07	-79.204
3.6e+09	1.6e+07	-77.985
3.7e+09	1.6e+07	-78.969
3.8e+09	1.6e+07	-78.588
3.9e+09	1.6e+07	-77.757
4e+09	1.6e+07	-78.973
4.1e+09	1.6e+07	-79.36
4.2e+09	1.6e+07	-79.519
4.3e+09	1.6e+07	-79.448
4.4e+09	1.6e+07	-80.197
4e+08	1.65e+07	-80.695
5e+08	1.65e+07	-81.691
6e+08	1.65e+07	-80.774
7e+08	1.65e+07	-81.323
8e+08	1.65e+07	-81.34
9e+08	1.65e+07	-81.741
1e+09	1.65e+07	-82.73
1.1e+09	1.65e+07	-83.56
1.2e+09	1.65e+07	-81.697
1.3e+09	1.65e+07	-83.185
1.4e+09	1.65e+07	-82.73
1.5e+09	1.65e+07	-83.671
1.6e+09	1.65e+07	-82.615
1.7e+09	1.65e+07	-82.619
1.8e+09	1.65e+07	-83.063
1.9e+09	1.65e+07	-83.751
2e+09	1.65e+07	-84.298
2.1e+09	1.65e+07	-85.35
2.2e+09	1.65e+07	-84.406
2.3e+09	1.65e+07	-83.35
2.4e+09	1.65e+07	-83.663
2.5e+09	1.65e+07	-82.932
2.6e+09	1.65e+07	-84.032
2.7e+09	1.65e+07	-83.45
2.8e+09	1.65e+07	-83.123
2.9e+09	1.65e+07	-83.242
3e+09	1.65e+07	-83.617
3.1e+09	1.65e+07	-84.524
3.2e+09	1.65e+07	-82.941
3.3e+09	1.65e+07	-82.768
3.4e+09	1.65e+07	-82.994
3.5e+09	1.65e+07	-83.496
3.6e+09	1.65e+07	-80.87
3.7e+09	1.65e+07	-80.435
3.8e+09	1.65e+07	-81.364
3.9e+09	1.65e+07	-81.339
4e+09	1.65e+07	-83.855
4.1e+09	1.65e+07	-81.567
4.2e+09	1.65e+07	-82.993
4.3e+09	1.65e+07	-82.258
4.4e+09	1.65e+07	-84.353
4e+08	1.7e+07	-82.279
5e+08	1.7e+07	-80.711
6e+08	1.7e+07	-82.219
7e+08	1.7e+07	-81.551
8e+08	1.7e+07	-84.048
9e+08	1.7e+07	-83.143
1e+09	1.7e+07	-82.403
1.1e+09	1.7e+07	-82.767
1.2e+09	1.7e+07	-83.825
1.3e+09	1.7e+07	-83.958
1.4e+09	1.7e+07	-83.916
1.5e+09	1.7e+07	-83.506
1.6e+09	1.7e+07	-83.376
1.7e+09	1.7e+07	-83.984
1.8e+09	1.7e+07	-84.711
1.9e+09	1.7e+07	-85.092
2e+09	1.7e+07	-83.694
2.1e+09	1.7e+07	-84.365
2.2e+09	1.7e+07	-84.54
2.3e+09	1.7e+07	-84.267
2.4e+09	1.7e+07	-84.535
2.5e+09	1.7e+07	-83.117
2.6e+09	1.7e+07	-82.71
2.7e+09	1.7e+07	-83.552
2.8e+09	1.7e+07	-84.02
2.9e+09	1.7e+07	-83.275
3e+09	1.7e+07	-84.099
3.1e+09	1.7e+07	-83.666
3.2e+09	1.7e+07	-82.51
3.3e+09	1.7e+07	-83.688
3.4e+09	1.7e+07	-82.586
3.5e+09	1.7e+07	-83.069
3.6e+09	1.7e+07	-80.801
3.7e+09	1.7e+07	-79.743
3.8e+09	1.7e+07	-79.734
3.9e+09	1.7e+07	-82.832
4e+09	1.7e+07	-83.669
4.1e+09	1.7e+07	-83.986
4.2e+09	1.7e+07	-82.653
4.3e+09	1.7e+07	-82.908
4.4e+09	1.7e+07	-83.965
