4e+08	-1.7e+07	-83.157
5e+08	-1.7e+07	-82.384
6e+08	-1.7e+07	-83.568
7e+08	-1.7e+07	-82.779
8e+08	-1.7e+07	-82.256
9e+08	-1.7e+07	-82.771
1e+09	-1.7e+07	-83.422
1.1e+09	-1.7e+07	-82.74
1.2e+09	-1.7e+07	-83.252
1.3e+09	-1.7e+07	-83.545
1.4e+09	-1.7e+07	-83.095
1.5e+09	-1.7e+07	-83.236
1.6e+09	-1.7e+07	-84.362
1.7e+09	-1.7e+07	-83.789
1.8e+09	-1.7e+07	-84.135
1.9e+09	-1.7e+07	-83.292
2e+09	-1.7e+07	-83.936
2.1e+09	-1.7e+07	-84.637
2.2e+09	-1.7e+07	-83.968
2.3e+09	-1.7e+07	-84.394
2.4e+09	-1.7e+07	-83.865
2.5e+09	-1.7e+07	-84.114
2.6e+09	-1.7e+07	-83.757
2.7e+09	-1.7e+07	-83.857
2.8e+09	-1.7e+07	-83.897
2.9e+09	-1.7e+07	-83.247
3e+09	-1.7e+07	-83.744
3.1e+09	-1.7e+07	-82.492
3.2e+09	-1.7e+07	-84.401
3.3e+09	-1.7e+07	-83.593
3.4e+09	-1.7e+07	-82.963
3.5e+09	-1.7e+07	-82.99
3.6e+09	-1.7e+07	-82.054
3.7e+09	-1.7e+07	-80.554
3.8e+09	-1.7e+07	-81.112
3.9e+09	-1.7e+07	-83.074
4e+09	-1.7e+07	-83.778
4.1e+09	-1.7e+07	-83.334
4.2e+09	-1.7e+07	-82.955
4.3e+09	-1.7e+07	-82.648
4.4e+09	-1.7e+07	-82.615
4e+08	-1.65e+07	-78.559
5e+08	-1.65e+07	-78.297
6e+08	-1.65e+07	-79.784
7e+08	-1.65e+07	-80.177
8e+08	-1.65e+07	-81.752
9e+08	-1.65e+07	-81.871
1e+09	-1.65e+07	-81.666
1.1e+09	-1.65e+07	-81.671
1.2e+09	-1.65e+07	-81.777
1.3e+09	-1.65e+07	-82.563
1.4e+09	-1.65e+07	-81.55
1.5e+09	-1.65e+07	-83.165
1.6e+09	-1.65e+07	-83.599
1.7e+09	-1.65e+07	-82.918
1.8e+09	-1.65e+07	-83.436
1.9e+09	-1.65e+07	-83.869
2e+09	-1.65e+07	-82.819
2.1e+09	-1.65e+07	-84.019
2.2e+09	-1.65e+07	-84.563
2.3e+09	-1.65e+07	-83.943
2.4e+09	-1.65e+07	-84.617
2.5e+09	-1.65e+07	-84.263
2.6e+09	-1.65e+07	-82.856
2.7e+09	-1.65e+07	-83.862
2.8e+09	-1.65e+07	-83.63
2.9e+09	-1.65e+07	-83.907
3e+09	-1.65e+07	-83.513
3.1e+09	-1.65e+07	-83.756
3.2e+09	-1.65e+07	-82.606
3.3e+09	-1.65e+07	-82.594
3.4e+09	-1.65e+07	-83.211
3.5e+09	-1.65e+07	-83.342
3.6e+09	-1.65e+07	-82.526
3.7e+09	-1.65e+07	-81.526
3.8e+09	-1.65e+07	-80.735
3.9e+09	-1.65e+07	-83.048
4e+09	-1.65e+07	-84.332
4.1e+09	-1.65e+07	-83.479
4.2e+09	-1.65e+07	-83.341
4.3e+09	-1.65e+07	-81.73
4.4e+09	-1.65e+07	-81.738
4e+08	-1.6e+07	-65.838
5e+08	-1.6e+07	-64.78
6e+08	-1.6e+07	-64.685
7e+08	-1.6e+07	-65.104
8e+08	-1.6e+07	-65.458
9e+08	-1.6e+07	-65.464
1e+09	-1.6e+07	-65.87
1.1e+09	-1.6e+07	-66.956
1.2e+09	-1.6e+07	-67.77
1.3e+09	-1.6e+07	-67.717
1.4e+09	-1.6e+07	-69.025
1.5e+09	-1.6e+07	-69.112
1.6e+09	-1.6e+07	-69.572
1.7e+09	-1.6e+07	-70.257
1.8e+09	-1.6e+07	-71.051
1.9e+09	-1.6e+07	-71.948
2e+09	-1.6e+07	-72.394
2.1e+09	-1.6e+07	-72.828
2.2e+09	-1.6e+07	-73.919
2.3e+09	-1.6e+07	-74.322
2.4e+09	-1.6e+07	-74.271
2.5e+09	-1.6e+07	-75.956
2.6e+09	-1.6e+07	-76.894
2.7e+09	-1.6e+07	-76.467
2.8e+09	-1.6e+07	-76.075
2.9e+09	-1.6e+07	-76.449
3e+09	-1.6e+07	-77.905
3.1e+09	-1.6e+07	-78.36
3.2e+09	-1.6e+07	-78.126
3.3e+09	-1.6e+07	-77.632
3.4e+09	-1.6e+07	-77.58
3.5e+09	-1.6e+07	-77.26
3.6e+09	-1.6e+07	-76.835
3.7e+09	-1.6e+07	-78.226
3.8e+09	-1.6e+07	-78.054
3.9e+09	-1.6e+07	-78.66
4e+09	-1.6e+07	-78.431
4.1e+09	-1.6e+07	-79.212
4.2e+09	-1.6e+07	-80.352
4.3e+09	-1.6e+07	-78.51
4.4e+09	-1.6e+07	-79.427
4e+08	-1.55e+07	-47.06
5e+08	-1.55e+07	-46.308
6e+08	-1.55e+07	-46.201
7e+08	-1.55e+07	-46.437
8e+08	-1.55e+07	-46.898
9e+08	-1.55e+07	-47.351
1e+09	-1.55e+07	-47.872
1.1e+09	-1.55e+07	-48.749
1.2e+09	-1.55e+07	-49.216
1.3e+09	-1.55e+07	-49.825
1.4e+09	-1.55e+07	-50.805
1.5e+09	-1.55e+07	-51.072
1.6e+09	-1.55e+07	-51.848
1.7e+09	-1.55e+07	-52.426
1.8e+09	-1.55e+07	-53.016
1.9e+09	-1.55e+07	-53.579
2e+09	-1.55e+07	-54.217
2.1e+09	-1.55e+07	-55.023
2.2e+09	-1.55e+07	-55.879
2.3e+09	-1.55e+07	-56.35
2.4e+09	-1.55e+07	-56.511
2.5e+09	-1.55e+07	-57.268
2.6e+09	-1.55e+07	-58.358
2.7e+09	-1.55e+07	-59.085
2.8e+09	-1.55e+07	-58.866
2.9e+09	-1.55e+07	-58.557
3e+09	-1.55e+07	-59.69
3.1e+09	-1.55e+07	-60.422
3.2e+09	-1.55e+07	-59.983
3.3e+09	-1.55e+07	-59.515
3.4e+09	-1.55e+07	-60.302
3.5e+09	-1.55e+07	-60.525
3.6e+09	-1.55e+07	-60.22
3.7e+09	-1.55e+07	-61.391
3.8e+09	-1.55e+07	-62.062
3.9e+09	-1.55e+07	-61.694
4e+09	-1.55e+07	-61.553
4.1e+09	-1.55e+07	-62.795
4.2e+09	-1.55e+07	-63.32
4.3e+09	-1.55e+07	-62.334
4.4e+09	-1.55e+07	-62.44
4e+08	-1.5e+07	-35.316
5e+08	-1.5e+07	-34.608
6e+08	-1.5e+07	-34.559
7e+08	-1.5e+07	-34.858
8e+08	-1.5e+07	-35.314
9e+08	-1.5e+07	-35.792
1e+09	-1.5e+07	-36.356
1.1e+09	-1.5e+07	-37.297
1.2e+09	-1.5e+07	-37.732
1.3e+09	-1.5e+07	-38.311
1.4e+09	-1.5e+07	-39.263
1.5e+09	-1.5e+07	-39.526
1.6e+09	-1.5e+07	-40.362
1.7e+09	-1.5e+07	-40.951
1.8e+09	-1.5e+07	-41.509
1.9e+09	-1.5e+07	-42.045
2e+09	-1.5e+07	-42.75
2.1e+09	-1.5e+07	-43.597
2.2e+09	-1.5e+07	-44.446
2.3e+09	-1.5e+07	-44.883
2.4e+09	-1.5e+07	-44.964
2.5e+09	-1.5e+07	-45.788
2.6e+09	-1.5e+07	-46.949
2.7e+09	-1.5e+07	-47.605
2.8e+09	-1.5e+07	-47.388
2.9e+09	-1.5e+07	-47.041
3e+09	-1.5e+07	-48.176
3.1e+09	-1.5e+07	-48.983
3.2e+09	-1.5e+07	-48.442
3.3e+09	-1.5e+07	-48.061
3.4e+09	-1.5e+07	-48.785
3.5e+09	-1.5e+07	-49.157
3.6e+09	-1.5e+07	-48.786
3.7e+09	-1.5e+07	-49.898
3.8e+09	-1.5e+07	-50.634
3.9e+09	-1.5e+07	-50.322
4e+09	-1.5e+07	-50.276
4.1e+09	-1.5e+07	-51.249
4.2e+09	-1.5e+07	-51.649
4.3e+09	-1.5e+07	-50.949
4.4e+09	-1.5e+07	-50.867
4e+08	-1.45e+07	-26.882
5e+08	-1.45e+07	-26.19
6e+08	-1.45e+07	-26.139
7e+08	-1.45e+07	-26.438
8e+08	-1.45e+07	-26.888
9e+08	-1.45e+07	-27.359
1e+09	-1.45e+07	-27.995
1.1e+09	-1.45e+07	-28.868
1.2e+09	-1.45e+07	-29.287
1.3e+09	-1.45e+07	-29.875
1.4e+09	-1.45e+07	-30.819
1.5e+09	-1.45e+07	-31.108
1.6e+09	-1.45e+07	-31.914
1.7e+09	-1.45e+07	-32.536
1.8e+09	-1.45e+07	-33.096
1.9e+09	-1.45e+07	-33.629
2e+09	-1.45e+07	-34.347
2.1e+09	-1.45e+07	-35.188
2.2e+09	-1.45e+07	-36.024
2.3e+09	-1.45e+07	-36.459
2.4e+09	-1.45e+07	-36.553
2.5e+09	-1.45e+07	-37.384
2.6e+09	-1.45e+07	-38.527
2.7e+09	-1.45e+07	-39.181
2.8e+09	-1.45e+07	-38.941
2.9e+09	-1.45e+07	-38.632
3e+09	-1.45e+07	-39.752
3.1e+09	-1.45e+07	-40.52
3.2e+09	-1.45e+07	-40.016
3.3e+09	-1.45e+07	-39.607
3.4e+09	-1.45e+07	-40.362
3.5e+09	-1.45e+07	-40.671
3.6e+09	-1.45e+07	-40.352
3.7e+09	-1.45e+07	-41.443
3.8e+09	-1.45e+07	-42.233
3.9e+09	-1.45e+07	-41.897
4e+09	-1.45e+07	-41.876
4.1e+09	-1.45e+07	-42.844
4.2e+09	-1.45e+07	-43.24
4.3e+09	-1.45e+07	-42.49
4.4e+09	-1.45e+07	-42.452
4e+08	-1.4e+07	-20.245
5e+08	-1.4e+07	-19.579
6e+08	-1.4e+07	-19.549
7e+08	-1.4e+07	-19.861
8e+08	-1.4e+07	-20.329
9e+08	-1.4e+07	-20.796
1e+09	-1.4e+07	-21.449
1.1e+09	-1.4e+07	-22.312
1.2e+09	-1.4e+07	-22.739
1.3e+09	-1.4e+07	-23.33
1.4e+09	-1.4e+07	-24.286
1.5e+09	-1.4e+07	-24.564
1.6e+09	-1.4e+07	-25.38
1.7e+09	-1.4e+07	-26.005
1.8e+09	-1.4e+07	-26.566
1.9e+09	-1.4e+07	-27.104
2e+09	-1.4e+07	-27.804
2.1e+09	-1.4e+07	-28.675
2.2e+09	-1.4e+07	-29.506
2.3e+09	-1.4e+07	-29.935
2.4e+09	-1.4e+07	-30.034
2.5e+09	-1.4e+07	-30.86
2.6e+09	-1.4e+07	-32.005
2.7e+09	-1.4e+07	-32.662
2.8e+09	-1.4e+07	-32.424
2.9e+09	-1.4e+07	-32.103
3e+09	-1.4e+07	-33.238
3.1e+09	-1.4e+07	-34.017
3.2e+09	-1.4e+07	-33.496
3.3e+09	-1.4e+07	-33.098
3.4e+09	-1.4e+07	-33.844
3.5e+09	-1.4e+07	-34.173
3.6e+09	-1.4e+07	-33.805
3.7e+09	-1.4e+07	-34.913
3.8e+09	-1.4e+07	-35.711
3.9e+09	-1.4e+07	-35.367
4e+09	-1.4e+07	-35.356
4.1e+09	-1.4e+07	-36.329
4.2e+09	-1.4e+07	-36.713
4.3e+09	-1.4e+07	-35.973
4.4e+09	-1.4e+07	-35.908
4e+08	-1.35e+07	-15.027
5e+08	-1.35e+07	-14.386
6e+08	-1.35e+07	-14.369
7e+08	-1.35e+07	-14.692
8e+08	-1.35e+07	-15.164
9e+08	-1.35e+07	-15.638
1e+09	-1.35e+07	-16.25
1.1e+09	-1.35e+07	-17.161
1.2e+09	-1.35e+07	-17.597
1.3e+09	-1.35e+07	-18.183
1.4e+09	-1.35e+07	-19.145
1.5e+09	-1.35e+07	-19.428
1.6e+09	-1.35e+07	-20.269
1.7e+09	-1.35e+07	-20.869
1.8e+09	-1.35e+07	-21.437
1.9e+09	-1.35e+07	-21.979
2e+09	-1.35e+07	-22.675
2.1e+09	-1.35e+07	-23.556
2.2e+09	-1.35e+07	-24.389
2.3e+09	-1.35e+07	-24.816
2.4e+09	-1.35e+07	-24.922
2.5e+09	-1.35e+07	-25.752
2.6e+09	-1.35e+07	-26.9
2.7e+09	-1.35e+07	-27.552
2.8e+09	-1.35e+07	-27.304
2.9e+09	-1.35e+07	-26.996
3e+09	-1.35e+07	-28.13
3.1e+09	-1.35e+07	-28.902
3.2e+09	-1.35e+07	-28.377
3.3e+09	-1.35e+07	-27.994
3.4e+09	-1.35e+07	-28.735
3.5e+09	-1.35e+07	-29.057
3.6e+09	-1.35e+07	-28.674
3.7e+09	-1.35e+07	-29.801
3.8e+09	-1.35e+07	-30.592
3.9e+09	-1.35e+07	-30.256
4e+09	-1.35e+07	-30.249
4.1e+09	-1.35e+07	-31.225
4.2e+09	-1.35e+07	-31.61
4.3e+09	-1.35e+07	-30.866
4.4e+09	-1.35e+07	-30.797
4e+08	-1.3e+07	-10.949
5e+08	-1.3e+07	-10.324
6e+08	-1.3e+07	-10.316
7e+08	-1.3e+07	-10.645
8e+08	-1.3e+07	-11.118
9e+08	-1.3e+07	-11.596
1e+09	-1.3e+07	-12.168
1.1e+09	-1.3e+07	-13.122
1.2e+09	-1.3e+07	-13.56
1.3e+09	-1.3e+07	-14.147
1.4e+09	-1.3e+07	-15.111
1.5e+09	-1.3e+07	-15.401
1.6e+09	-1.3e+07	-16.245
1.7e+09	-1.3e+07	-16.847
1.8e+09	-1.3e+07	-17.413
1.9e+09	-1.3e+07	-17.962
2e+09	-1.3e+07	-18.682
2.1e+09	-1.3e+07	-19.545
2.2e+09	-1.3e+07	-20.378
2.3e+09	-1.3e+07	-20.805
2.4e+09	-1.3e+07	-20.937
2.5e+09	-1.3e+07	-21.745
2.6e+09	-1.3e+07	-22.893
2.7e+09	-1.3e+07	-23.546
2.8e+09	-1.3e+07	-23.292
2.9e+09	-1.3e+07	-22.991
3e+09	-1.3e+07	-24.129
3.1e+09	-1.3e+07	-24.899
3.2e+09	-1.3e+07	-24.364
3.3e+09	-1.3e+07	-23.992
3.4e+09	-1.3e+07	-24.738
3.5e+09	-1.3e+07	-25.054
3.6e+09	-1.3e+07	-24.653
3.7e+09	-1.3e+07	-25.806
3.8e+09	-1.3e+07	-26.585
3.9e+09	-1.3e+07	-26.257
4e+09	-1.3e+07	-26.254
4.1e+09	-1.3e+07	-27.226
4.2e+09	-1.3e+07	-27.612
4.3e+09	-1.3e+07	-26.864
4.4e+09	-1.3e+07	-26.802
4e+08	-1.25e+07	-7.7474
5e+08	-1.25e+07	-7.1625
6e+08	-1.25e+07	-7.1922
7e+08	-1.25e+07	-7.5338
8e+08	-1.25e+07	-8.0175
9e+08	-1.25e+07	-8.5035
1e+09	-1.25e+07	-9.0803
1.1e+09	-1.25e+07	-10.042
1.2e+09	-1.25e+07	-10.483
1.3e+09	-1.25e+07	-11.072
1.4e+09	-1.25e+07	-12.039
1.5e+09	-1.25e+07	-12.329
1.6e+09	-1.25e+07	-13.169
1.7e+09	-1.25e+07	-13.771
1.8e+09	-1.25e+07	-14.339
1.9e+09	-1.25e+07	-14.895
2e+09	-1.25e+07	-15.617
2.1e+09	-1.25e+07	-16.487
2.2e+09	-1.25e+07	-17.32
2.3e+09	-1.25e+07	-17.746
2.4e+09	-1.25e+07	-17.901
2.5e+09	-1.25e+07	-18.686
2.6e+09	-1.25e+07	-19.837
2.7e+09	-1.25e+07	-20.481
2.8e+09	-1.25e+07	-20.222
2.9e+09	-1.25e+07	-19.925
3e+09	-1.25e+07	-21.068
3.1e+09	-1.25e+07	-21.833
3.2e+09	-1.25e+07	-21.289
3.3e+09	-1.25e+07	-20.922
3.4e+09	-1.25e+07	-21.667
3.5e+09	-1.25e+07	-21.978
3.6e+09	-1.25e+07	-21.56
3.7e+09	-1.25e+07	-22.735
3.8e+09	-1.25e+07	-23.508
3.9e+09	-1.25e+07	-23.174
4e+09	-1.25e+07	-23.175
4.1e+09	-1.25e+07	-24.151
4.2e+09	-1.25e+07	-24.527
4.3e+09	-1.25e+07	-23.78
4.4e+09	-1.25e+07	-23.718
4e+08	-1.2e+07	-5.4891
5e+08	-1.2e+07	-4.8756
6e+08	-1.2e+07	-4.8757
7e+08	-1.2e+07	-5.208
8e+08	-1.2e+07	-5.6805
9e+08	-1.2e+07	-6.159
1e+09	-1.2e+07	-6.7309
1.1e+09	-1.2e+07	-7.689
1.2e+09	-1.2e+07	-8.1249
1.3e+09	-1.2e+07	-8.71
1.4e+09	-1.2e+07	-9.6723
1.5e+09	-1.2e+07	-9.9708
1.6e+09	-1.2e+07	-10.816
1.7e+09	-1.2e+07	-11.421
1.8e+09	-1.2e+07	-11.984
1.9e+09	-1.2e+07	-12.54
2e+09	-1.2e+07	-13.259
2.1e+09	-1.2e+07	-14.132
2.2e+09	-1.2e+07	-14.963
2.3e+09	-1.2e+07	-15.386
2.4e+09	-1.2e+07	-15.544
2.5e+09	-1.2e+07	-16.332
2.6e+09	-1.2e+07	-17.485
2.7e+09	-1.2e+07	-18.129
2.8e+09	-1.2e+07	-17.867
2.9e+09	-1.2e+07	-17.581
3e+09	-1.2e+07	-18.726
3.1e+09	-1.2e+07	-19.488
3.2e+09	-1.2e+07	-18.94
3.3e+09	-1.2e+07	-18.583
3.4e+09	-1.2e+07	-19.329
3.5e+09	-1.2e+07	-19.634
3.6e+09	-1.2e+07	-19.198
3.7e+09	-1.2e+07	-20.406
3.8e+09	-1.2e+07	-21.173
3.9e+09	-1.2e+07	-20.841
4e+09	-1.2e+07	-20.85
4.1e+09	-1.2e+07	-21.826
4.2e+09	-1.2e+07	-22.196
4.3e+09	-1.2e+07	-21.451
4.4e+09	-1.2e+07	-21.388
4e+08	-1.15e+07	-3.8304
5e+08	-1.15e+07	-3.2141
6e+08	-1.15e+07	-3.2154
7e+08	-1.15e+07	-3.5491
8e+08	-1.15e+07	-4.0185
9e+08	-1.15e+07	-4.497
1e+09	-1.15e+07	-5.0697
1.1e+09	-1.15e+07	-6.0262
1.2e+09	-1.15e+07	-6.4612
1.3e+09	-1.15e+07	-7.045
1.4e+09	-1.15e+07	-8.0198
1.5e+09	-1.15e+07	-8.3055
1.6e+09	-1.15e+07	-9.1498
1.7e+09	-1.15e+07	-9.7541
1.8e+09	-1.15e+07	-10.316
1.9e+09	-1.15e+07	-10.873
2e+09	-1.15e+07	-11.59
2.1e+09	-1.15e+07	-12.466
2.2e+09	-1.15e+07	-13.294
2.3e+09	-1.15e+07	-13.713
2.4e+09	-1.15e+07	-13.874
2.5e+09	-1.15e+07	-14.663
2.6e+09	-1.15e+07	-15.818
2.7e+09	-1.15e+07	-16.459
2.8e+09	-1.15e+07	-16.19
2.9e+09	-1.15e+07	-15.911
3e+09	-1.15e+07	-17.06
3.1e+09	-1.15e+07	-17.819
3.2e+09	-1.15e+07	-17.263
3.3e+09	-1.15e+07	-16.913
3.4e+09	-1.15e+07	-17.661
3.5e+09	-1.15e+07	-17.962
3.6e+09	-1.15e+07	-18.431
3.7e+09	-1.15e+07	-18.739
3.8e+09	-1.15e+07	-19.499
3.9e+09	-1.15e+07	-19.167
4e+09	-1.15e+07	-19.183
4.1e+09	-1.15e+07	-20.155
4.2e+09	-1.15e+07	-20.523
4.3e+09	-1.15e+07	-19.774
4.4e+09	-1.15e+07	-19.717
4e+08	-1.1e+07	-2.7214
5e+08	-1.1e+07	-2.1022
6e+08	-1.1e+07	-2.1019
7e+08	-1.1e+07	-2.4345
8e+08	-1.1e+07	-2.8929
9e+08	-1.1e+07	-3.3786
1e+09	-1.1e+07	-3.9505
1.1e+09	-1.1e+07	-4.9053
1.2e+09	-1.1e+07	-5.338
1.3e+09	-1.1e+07	-5.9189
1.4e+09	-1.1e+07	-6.8907
1.5e+09	-1.1e+07	-7.1785
1.6e+09	-1.1e+07	-8.0217
1.7e+09	-1.1e+07	-8.6248
1.8e+09	-1.1e+07	-9.1848
1.9e+09	-1.1e+07	-9.7438
2e+09	-1.1e+07	-10.458
2.1e+09	-1.1e+07	-11.336
2.2e+09	-1.1e+07	-12.16
2.3e+09	-1.1e+07	-12.577
2.4e+09	-1.1e+07	-12.739
2.5e+09	-1.1e+07	-13.527
2.6e+09	-1.1e+07	-14.685
2.7e+09	-1.1e+07	-15.321
2.8e+09	-1.1e+07	-15.048
2.9e+09	-1.1e+07	-14.776
3e+09	-1.1e+07	-15.926
3.1e+09	-1.1e+07	-16.679
3.2e+09	-1.1e+07	-16.119
3.3e+09	-1.1e+07	-15.776
3.4e+09	-1.1e+07	-16.524
3.5e+09	-1.1e+07	-16.821
3.6e+09	-1.1e+07	-17.282
3.7e+09	-1.1e+07	-17.604
3.8e+09	-1.1e+07	-18.356
3.9e+09	-1.1e+07	-18.028
4e+09	-1.1e+07	-18.046
4.1e+09	-1.1e+07	-19.019
4.2e+09	-1.1e+07	-19.383
4.3e+09	-1.1e+07	-18.63
4.4e+09	-1.1e+07	-18.58
4e+08	-1.05e+07	-2.0371
5e+08	-1.05e+07	-1.4115
6e+08	-1.05e+07	-1.4091
7e+08	-1.05e+07	-1.7404
8e+08	-1.05e+07	-2.1838
9e+08	-1.05e+07	-2.6794
1e+09	-1.05e+07	-3.251
1.1e+09	-1.05e+07	-4.2037
1.2e+09	-1.05e+07	-4.6343
1.3e+09	-1.05e+07	-5.2128
1.4e+09	-1.05e+07	-6.1832
1.5e+09	-1.05e+07	-6.4702
1.6e+09	-1.05e+07	-7.313
1.7e+09	-1.05e+07	-7.9145
1.8e+09	-1.05e+07	-8.472
1.9e+09	-1.05e+07	-9.0325
2e+09	-1.05e+07	-9.7448
2.1e+09	-1.05e+07	-10.624
2.2e+09	-1.05e+07	-11.444
2.3e+09	-1.05e+07	-11.86
2.4e+09	-1.05e+07	-12.023
2.5e+09	-1.05e+07	-12.81
2.6e+09	-1.05e+07	-13.97
2.7e+09	-1.05e+07	-14.603
2.8e+09	-1.05e+07	-14.323
2.9e+09	-1.05e+07	-14.059
3e+09	-1.05e+07	-15.212
3.1e+09	-1.05e+07	-15.96
3.2e+09	-1.05e+07	-15.393
3.3e+09	-1.05e+07	-15.056
3.4e+09	-1.05e+07	-15.808
3.5e+09	-1.05e+07	-16.097
3.6e+09	-1.05e+07	-16.548
3.7e+09	-1.05e+07	-16.888
3.8e+09	-1.05e+07	-17.631
3.9e+09	-1.05e+07	-17.303
4e+09	-1.05e+07	-17.325
4.1e+09	-1.05e+07	-18.301
4.2e+09	-1.05e+07	-18.66
4.3e+09	-1.05e+07	-17.907
4.4e+09	-1.05e+07	-17.86
4e+08	-1e+07	-1.6449
5e+08	-1e+07	-1.0162
6e+08	-1e+07	-1.0121
7e+08	-1e+07	-1.342
8e+08	-1e+07	-1.7825
9e+08	-1e+07	-2.2769
1e+09	-1e+07	-2.8482
1.1e+09	-1e+07	-3.7994
1.2e+09	-1e+07	-4.2274
1.3e+09	-1e+07	-4.8035
1.4e+09	-1e+07	-5.7726
1.5e+09	-1e+07	-6.0603
1.6e+09	-1e+07	-6.9009
1.7e+09	-1e+07	-7.404
1.8e+09	-1e+07	-8.0559
1.9e+09	-1e+07	-8.6187
2e+09	-1e+07	-9.3302
2.1e+09	-1e+07	-10.209
2.2e+09	-1e+07	-11.028
2.3e+09	-1e+07	-11.439
2.4e+09	-1e+07	-11.605
2.5e+09	-1e+07	-12.392
2.6e+09	-1e+07	-13.555
2.7e+09	-1e+07	-14.183
2.8e+09	-1e+07	-13.897
2.9e+09	-1e+07	-13.641
3e+09	-1e+07	-14.796
3.1e+09	-1e+07	-15.539
3.2e+09	-1e+07	-14.968
3.3e+09	-1e+07	-14.636
3.4e+09	-1e+07	-15.388
3.5e+09	-1e+07	-15.672
3.6e+09	-1e+07	-16.166
3.7e+09	-1e+07	-16.473
3.8e+09	-1e+07	-17.209
3.9e+09	-1e+07	-16.878
4e+09	-1e+07	-16.907
4.1e+09	-1e+07	-17.881
4.2e+09	-1e+07	-18.236
4.3e+09	-1e+07	-17.48
4.4e+09	-1e+07	-17.438
4e+08	-9.5e+06	-1.4565
5e+08	-9.5e+06	-0.8255
6e+08	-9.5e+06	-0.82073
7e+08	-9.5e+06	-1.1503
8e+08	-9.5e+06	-1.6013
9e+08	-9.5e+06	-2.0817
1e+09	-9.5e+06	-2.6557
1.1e+09	-9.5e+06	-3.603
1.2e+09	-9.5e+06	-4.0291
1.3e+09	-9.5e+06	-4.6036
1.4e+09	-9.5e+06	-5.574
1.5e+09	-9.5e+06	-5.8609
1.6e+09	-9.5e+06	-6.7006
1.7e+09	-9.5e+06	-7.201
1.8e+09	-9.5e+06	-7.8535
1.9e+09	-9.5e+06	-8.4178
2e+09	-9.5e+06	-9.1267
2.1e+09	-9.5e+06	-10.008
2.2e+09	-9.5e+06	-10.824
2.3e+09	-9.5e+06	-11.234
2.4e+09	-9.5e+06	-11.401
2.5e+09	-9.5e+06	-12.188
2.6e+09	-9.5e+06	-13.353
2.7e+09	-9.5e+06	-13.978
2.8e+09	-9.5e+06	-13.685
2.9e+09	-9.5e+06	-13.437
3e+09	-9.5e+06	-14.595
3.1e+09	-9.5e+06	-15.333
3.2e+09	-9.5e+06	-14.756
3.3e+09	-9.5e+06	-14.429
3.4e+09	-9.5e+06	-15.183
3.5e+09	-9.5e+06	-15.463
3.6e+09	-9.5e+06	-15.938
3.7e+09	-9.5e+06	-16.271
3.8e+09	-9.5e+06	-16.998
3.9e+09	-9.5e+06	-16.668
4e+09	-9.5e+06	-16.703
4.1e+09	-9.5e+06	-17.677
4.2e+09	-9.5e+06	-18.027
4.3e+09	-9.5e+06	-17.271
4.4e+09	-9.5e+06	-17.233
4e+08	-9e+06	-1.3616
5e+08	-9e+06	-0.7316
6e+08	-9e+06	-0.72681
7e+08	-9e+06	-1.0589
8e+08	-9e+06	-1.5127
9e+08	-9e+06	-1.988
1e+09	-9e+06	-2.6472
1.1e+09	-9e+06	-3.5091
1.2e+09	-9e+06	-3.9339
1.3e+09	-9e+06	-4.5069
1.4e+09	-9e+06	-5.4779
1.5e+09	-9e+06	-5.7651
1.6e+09	-9e+06	-6.6038
1.7e+09	-9e+06	-7.2036
1.8e+09	-9e+06	-7.7555
1.9e+09	-9e+06	-8.3211
2e+09	-9e+06	-9.0295
2.1e+09	-9e+06	-9.9121
2.2e+09	-9e+06	-10.727
2.3e+09	-9e+06	-11.134
2.4e+09	-9e+06	-11.304
2.5e+09	-9e+06	-12.09
2.6e+09	-9e+06	-13.256
2.7e+09	-9e+06	-13.878
2.8e+09	-9e+06	-13.579
2.9e+09	-9e+06	-13.339
3e+09	-9e+06	-14.499
3.1e+09	-9e+06	-15.233
3.2e+09	-9e+06	-14.65
3.3e+09	-9e+06	-14.329
3.4e+09	-9e+06	-15.086
3.5e+09	-9e+06	-15.351
3.6e+09	-9e+06	-15.816
3.7e+09	-9e+06	-16.176
3.8e+09	-9e+06	-16.897
3.9e+09	-9e+06	-16.565
4e+09	-9e+06	-16.605
4.1e+09	-9e+06	-17.577
4.2e+09	-9e+06	-17.923
4.3e+09	-9e+06	-17.167
4.4e+09	-9e+06	-17.131
4e+08	-8.5e+06	-1.3104
5e+08	-8.5e+06	-0.68051
6e+08	-8.5e+06	-0.68031
7e+08	-8.5e+06	-1.0122
8e+08	-8.5e+06	-1.4649
9e+08	-8.5e+06	-1.9412
1e+09	-8.5e+06	-2.6012
1.1e+09	-8.5e+06	-3.463
1.2e+09	-8.5e+06	-3.8862
1.3e+09	-8.5e+06	-4.4586
1.4e+09	-8.5e+06	-5.4295
1.5e+09	-8.5e+06	-5.7186
1.6e+09	-8.5e+06	-6.5554
1.7e+09	-8.5e+06	-7.1553
1.8e+09	-8.5e+06	-7.7044
1.9e+09	-8.5e+06	-8.274
2e+09	-8.5e+06	-8.9807
2.1e+09	-8.5e+06	-9.8653
2.2e+09	-8.5e+06	-10.679
2.3e+09	-8.5e+06	-11.084
2.4e+09	-8.5e+06	-11.255
2.5e+09	-8.5e+06	-12.041
2.6e+09	-8.5e+06	-13.211
2.7e+09	-8.5e+06	-13.827
2.8e+09	-8.5e+06	-13.522
2.9e+09	-8.5e+06	-13.291
3e+09	-8.5e+06	-14.453
3.1e+09	-8.5e+06	-15.182
3.2e+09	-8.5e+06	-14.592
3.3e+09	-8.5e+06	-14.28
3.4e+09	-8.5e+06	-15.038
3.5e+09	-8.5e+06	-15.283
3.6e+09	-8.5e+06	-15.747
3.7e+09	-8.5e+06	-16.131
3.8e+09	-8.5e+06	-16.843
3.9e+09	-8.5e+06	-16.511
4e+09	-8.5e+06	-16.558
4.1e+09	-8.5e+06	-17.53
4.2e+09	-8.5e+06	-17.869
4.3e+09	-8.5e+06	-17.113
4.4e+09	-8.5e+06	-17.083
4e+08	-8e+06	-1.273
5e+08	-8e+06	-0.64853
6e+08	-8e+06	-0.58421
7e+08	-8e+06	-0.98356
8e+08	-8e+06	-1.4333
9e+08	-8e+06	-1.9107
1e+09	-8e+06	-2.5713
1.1e+09	-8e+06	-3.4334
1.2e+09	-8e+06	-3.8553
1.3e+09	-8e+06	-4.426
1.4e+09	-8e+06	-5.3981
1.5e+09	-8e+06	-5.6882
1.6e+09	-8e+06	-6.5242
1.7e+09	-8e+06	-7.1248
1.8e+09	-8e+06	-7.6707
1.9e+09	-8e+06	-8.2435
2e+09	-8e+06	-8.9498
2.1e+09	-8e+06	-9.8359
2.2e+09	-8e+06	-10.648
2.3e+09	-8e+06	-11.05
2.4e+09	-8e+06	-11.224
2.5e+09	-8e+06	-12.008
2.6e+09	-8e+06	-13.182
2.7e+09	-8e+06	-13.795
2.8e+09	-8e+06	-13.482
2.9e+09	-8e+06	-13.26
3e+09	-8e+06	-14.425
3.1e+09	-8e+06	-15.148
3.2e+09	-8e+06	-14.553
3.3e+09	-8e+06	-14.246
3.4e+09	-8e+06	-15.006
3.5e+09	-8e+06	-15.272
3.6e+09	-8e+06	-15.639
3.7e+09	-8e+06	-16.101
3.8e+09	-8e+06	-16.805
3.9e+09	-8e+06	-16.475
4e+09	-8e+06	-16.527
4.1e+09	-8e+06	-17.499
4.2e+09	-8e+06	-17.832
4.3e+09	-8e+06	-17.074
4.4e+09	-8e+06	-17.05
4e+08	-7.5e+06	-1.236
5e+08	-7.5e+06	-0.61283
6e+08	-7.5e+06	-0.55057
7e+08	-7.5e+06	-0.9523
8e+08	-7.5e+06	-1.4015
9e+08	-7.5e+06	-1.8783
1e+09	-7.5e+06	-2.5404
1.1e+09	-7.5e+06	-3.4022
1.2e+09	-7.5e+06	-3.823
1.3e+09	-7.5e+06	-4.3931
1.4e+09	-7.5e+06	-5.3652
1.5e+09	-7.5e+06	-5.6558
1.6e+09	-7.5e+06	-6.4917
1.7e+09	-7.5e+06	-7.0909
1.8e+09	-7.5e+06	-7.62
1.9e+09	-7.5e+06	-8.2103
2e+09	-7.5e+06	-8.916
2.1e+09	-7.5e+06	-9.8026
2.2e+09	-7.5e+06	-10.616
2.3e+09	-7.5e+06	-11.015
2.4e+09	-7.5e+06	-11.192
2.5e+09	-7.5e+06	-11.975
2.6e+09	-7.5e+06	-13.15
2.7e+09	-7.5e+06	-13.76
2.8e+09	-7.5e+06	-13.44
2.9e+09	-7.5e+06	-13.228
3e+09	-7.5e+06	-14.394
3.1e+09	-7.5e+06	-15.111
3.2e+09	-7.5e+06	-14.513
3.3e+09	-7.5e+06	-14.211
3.4e+09	-7.5e+06	-14.974
3.5e+09	-7.5e+06	-15.234
3.6e+09	-7.5e+06	-15.639
3.7e+09	-7.5e+06	-16.073
3.8e+09	-7.5e+06	-16.767
3.9e+09	-7.5e+06	-16.436
4e+09	-7.5e+06	-16.496
4.1e+09	-7.5e+06	-17.467
4.2e+09	-7.5e+06	-17.794
4.3e+09	-7.5e+06	-17.036
4.4e+09	-7.5e+06	-17.015
4e+08	-7e+06	-1.2145
5e+08	-7e+06	-0.59361
6e+08	-7e+06	-0.53364
7e+08	-7e+06	-0.93608
8e+08	-7e+06	-1.3857
9e+08	-7e+06	-1.8638
1e+09	-7e+06	-2.5262
1.1e+09	-7e+06	-3.3878
1.2e+09	-7e+06	-3.8085
1.3e+09	-7e+06	-4.3775
1.4e+09	-7e+06	-5.3486
1.5e+09	-7e+06	-5.6419
1.6e+09	-7e+06	-6.4757
1.7e+09	-7e+06	-7.0749
1.8e+09	-7e+06	-7.6001
1.9e+09	-7e+06	-8.1371
2e+09	-7e+06	-8.9005
2.1e+09	-7e+06	-9.7889
2.2e+09	-7e+06	-10.6
2.3e+09	-7e+06	-10.998
2.4e+09	-7e+06	-11.175
2.5e+09	-7e+06	-11.959
2.6e+09	-7e+06	-13.137
2.7e+09	-7e+06	-13.744
2.8e+09	-7e+06	-13.418
2.9e+09	-7e+06	-13.214
3e+09	-7e+06	-14.382
3.1e+09	-7e+06	-15.094
3.2e+09	-7e+06	-14.49
3.3e+09	-7e+06	-14.194
3.4e+09	-7e+06	-14.958
3.5e+09	-7e+06	-15.215
3.6e+09	-7e+06	-15.6
3.7e+09	-7e+06	-16.06
3.8e+09	-7e+06	-16.746
3.9e+09	-7e+06	-16.417
4e+09	-7e+06	-16.482
4.1e+09	-7e+06	-17.45
4.2e+09	-7e+06	-17.774
4.3e+09	-7e+06	-17.014
4.4e+09	-7e+06	-17
4e+08	-6.5e+06	-1.1918
5e+08	-6.5e+06	-0.5741
6e+08	-6.5e+06	-0.51633
7e+08	-6.5e+06	-0.92074
8e+08	-6.5e+06	-1.3691
9e+08	-6.5e+06	-1.8475
1e+09	-6.5e+06	-2.5106
1.1e+09	-6.5e+06	-3.3729
1.2e+09	-6.5e+06	-3.7916
1.3e+09	-6.5e+06	-4.3595
1.4e+09	-6.5e+06	-5.3319
1.5e+09	-6.5e+06	-5.6266
1.6e+09	-6.5e+06	-6.4592
1.7e+09	-6.5e+06	-7.0572
1.8e+09	-6.5e+06	-7.6013
1.9e+09	-6.5e+06	-8.0571
2e+09	-6.5e+06	-8.8835
2.1e+09	-6.5e+06	-9.7736
2.2e+09	-6.5e+06	-10.583
2.3e+09	-6.5e+06	-10.979
2.4e+09	-6.5e+06	-11.16
2.5e+09	-6.5e+06	-11.942
2.6e+09	-6.5e+06	-13.122
2.7e+09	-6.5e+06	-13.726
2.8e+09	-6.5e+06	-13.393
2.9e+09	-6.5e+06	-13.209
3e+09	-6.5e+06	-14.367
3.1e+09	-6.5e+06	-15.074
3.2e+09	-6.5e+06	-14.466
3.3e+09	-6.5e+06	-14.174
3.4e+09	-6.5e+06	-14.943
3.5e+09	-6.5e+06	-15.195
3.6e+09	-6.5e+06	-15.56
3.7e+09	-6.5e+06	-16.047
3.8e+09	-6.5e+06	-16.726
3.9e+09	-6.5e+06	-16.395
4e+09	-6.5e+06	-16.468
4.1e+09	-6.5e+06	-17.435
4.2e+09	-6.5e+06	-17.752
4.3e+09	-6.5e+06	-16.991
4.4e+09	-6.5e+06	-16.982
4e+08	-6e+06	-1.1728
5e+08	-6e+06	-0.55679
6e+08	-6e+06	-0.44077
7e+08	-6e+06	-0.90929
8e+08	-6e+06	-1.3562
9e+08	-6e+06	-1.8353
1e+09	-6e+06	-2.5
1.1e+09	-6e+06	-3.3615
1.2e+09	-6e+06	-3.7796
1.3e+09	-6e+06	-4.3469
1.4e+09	-6e+06	-5.3206
1.5e+09	-6e+06	-5.6149
1.6e+09	-6e+06	-6.4459
1.7e+09	-6e+06	-7.0483
1.8e+09	-6e+06	-7.5881
1.9e+09	-6e+06	-8.115
2e+09	-6e+06	-8.8723
2.1e+09	-6e+06	-9.7618
2.2e+09	-6e+06	-10.572
2.3e+09	-6e+06	-10.964
2.4e+09	-6e+06	-11.15
2.5e+09	-6e+06	-11.931
2.6e+09	-6e+06	-13.113
2.7e+09	-6e+06	-13.713
2.8e+09	-6e+06	-13.373
2.9e+09	-6e+06	-13.198
3e+09	-6e+06	-14.36
3.1e+09	-6e+06	-15.059
3.2e+09	-6e+06	-14.446
3.3e+09	-6e+06	-14.161
3.4e+09	-6e+06	-14.93
3.5e+09	-6e+06	-15.18
3.6e+09	-6e+06	-15.524
3.7e+09	-6e+06	-16.039
3.8e+09	-6e+06	-16.707
3.9e+09	-6e+06	-16.377
4e+09	-6e+06	-16.458
4.1e+09	-6e+06	-17.423
4.2e+09	-6e+06	-17.734
4.3e+09	-6e+06	-16.956
4.4e+09	-6e+06	-16.97
4e+08	-5.5e+06	-1.1543
5e+08	-5.5e+06	-0.53611
6e+08	-5.5e+06	-0.39061
7e+08	-5.5e+06	-0.89889
8e+08	-5.5e+06	-1.3454
9e+08	-5.5e+06	-1.8253
1e+09	-5.5e+06	-2.4916
1.1e+09	-5.5e+06	-3.3524
1.2e+09	-5.5e+06	-3.7696
1.3e+09	-5.5e+06	-4.3359
1.4e+09	-5.5e+06	-5.3098
1.5e+09	-5.5e+06	-5.606
1.6e+09	-5.5e+06	-6.4359
1.7e+09	-5.5e+06	-7.1109
1.8e+09	-5.5e+06	-7.5771
1.9e+09	-5.5e+06	-8.1634
2e+09	-5.5e+06	-8.8625
2.1e+09	-5.5e+06	-9.7338
2.2e+09	-5.5e+06	-10.563
2.3e+09	-5.5e+06	-10.952
2.4e+09	-5.5e+06	-11.14
2.5e+09	-5.5e+06	-11.92
2.6e+09	-5.5e+06	-13.105
2.7e+09	-5.5e+06	-13.701
2.8e+09	-5.5e+06	-13.354
2.9e+09	-5.5e+06	-13.189
3e+09	-5.5e+06	-14.351
3.1e+09	-5.5e+06	-15.046
3.2e+09	-5.5e+06	-14.43
3.3e+09	-5.5e+06	-14.149
3.4e+09	-5.5e+06	-14.921
3.5e+09	-5.5e+06	-15.165
3.6e+09	-5.5e+06	-15.49
3.7e+09	-5.5e+06	-16.032
3.8e+09	-5.5e+06	-16.692
3.9e+09	-5.5e+06	-16.363
4e+09	-5.5e+06	-16.451
4.1e+09	-5.5e+06	-17.415
4.2e+09	-5.5e+06	-17.72
4.3e+09	-5.5e+06	-16.96
4.4e+09	-5.5e+06	-16.96
4e+08	-5e+06	-1.1329
5e+08	-5e+06	-0.52567
6e+08	-5e+06	-0.47144
7e+08	-5e+06	-0.88387
8e+08	-5e+06	-1.3291
9e+08	-5e+06	-1.8091
1e+09	-5e+06	-2.4784
1.1e+09	-5e+06	-3.3383
1.2e+09	-5e+06	-3.7543
1.3e+09	-5e+06	-4.3197
1.4e+09	-5e+06	-5.2947
1.5e+09	-5e+06	-5.5916
1.6e+09	-5e+06	-6.419
1.7e+09	-5e+06	-7.093
1.8e+09	-5e+06	-7.5591
1.9e+09	-5e+06	-8.1473
2e+09	-5e+06	-8.8464
2.1e+09	-5e+06	-9.7289
2.2e+09	-5e+06	-10.548
2.3e+09	-5e+06	-10.934
2.4e+09	-5e+06	-11.125
2.5e+09	-5e+06	-11.904
2.6e+09	-5e+06	-13.091
2.7e+09	-5e+06	-13.685
2.8e+09	-5e+06	-13.329
2.9e+09	-5e+06	-13.174
3e+09	-5e+06	-14.338
3.1e+09	-5e+06	-15.028
3.2e+09	-5e+06	-14.408
3.3e+09	-5e+06	-14.131
3.4e+09	-5e+06	-14.907
3.5e+09	-5e+06	-15.146
3.6e+09	-5e+06	-15.451
3.7e+09	-5e+06	-16.021
3.8e+09	-5e+06	-16.672
3.9e+09	-5e+06	-16.342
4e+09	-5e+06	-16.437
4.1e+09	-5e+06	-17.399
4.2e+09	-5e+06	-17.7
4.3e+09	-5e+06	-16.919
4.4e+09	-5e+06	-16.943
4e+08	-4.5e+06	-1.1228
5e+08	-4.5e+06	-0.51989
6e+08	-4.5e+06	-0.4706
7e+08	-4.5e+06	-0.88177
8e+08	-4.5e+06	-1.3272
9e+08	-4.5e+06	-1.7983
1e+09	-4.5e+06	-2.4781
1.1e+09	-4.5e+06	-3.3379
1.2e+09	-4.5e+06	-3.753
1.3e+09	-4.5e+06	-4.3184
1.4e+09	-4.5e+06	-5.2935
1.5e+09	-4.5e+06	-5.5912
1.6e+09	-4.5e+06	-6.4175
1.7e+09	-4.5e+06	-7.0906
1.8e+09	-4.5e+06	-7.5565
1.9e+09	-4.5e+06	-8.1479
2e+09	-4.5e+06	-8.8459
2.1e+09	-4.5e+06	-9.7392
2.2e+09	-4.5e+06	-10.548
2.3e+09	-4.5e+06	-10.932
2.4e+09	-4.5e+06	-11.126
2.5e+09	-4.5e+06	-11.902
2.6e+09	-4.5e+06	-13.092
2.7e+09	-4.5e+06	-13.684
2.8e+09	-4.5e+06	-13.321
2.9e+09	-4.5e+06	-13.176
3e+09	-4.5e+06	-14.34
3.1e+09	-4.5e+06	-15.024
3.2e+09	-4.5e+06	-14.4
3.3e+09	-4.5e+06	-14.128
3.4e+09	-4.5e+06	-14.907
3.5e+09	-4.5e+06	-15.142
3.6e+09	-4.5e+06	-15.425
3.7e+09	-4.5e+06	-16.024
3.8e+09	-4.5e+06	-16.666
3.9e+09	-4.5e+06	-16.335
4e+09	-4.5e+06	-16.439
4.1e+09	-4.5e+06	-17.398
4.2e+09	-4.5e+06	-17.692
4.3e+09	-4.5e+06	-16.931
4.4e+09	-4.5e+06	-16.944
4e+08	-4e+06	-1.111
5e+08	-4e+06	-0.50967
6e+08	-4e+06	-0.46372
7e+08	-4e+06	-0.87584
8e+08	-4e+06	-1.3199
9e+08	-4e+06	-1.8026
1e+09	-4e+06	-2.4744
1.1e+09	-4e+06	-3.3335
1.2e+09	-4e+06	-3.7475
1.3e+09	-4e+06	-4.3118
1.4e+09	-4e+06	-5.2837
1.5e+09	-4e+06	-5.5862
1.6e+09	-4e+06	-6.4124
1.7e+09	-4e+06	-7.0838
1.8e+09	-4e+06	-7.5498
1.9e+09	-4e+06	-8.143
2e+09	-4e+06	-8.8411
2.1e+09	-4e+06	-9.7349
2.2e+09	-4e+06	-10.544
2.3e+09	-4e+06	-10.924
2.4e+09	-4e+06	-11.121
2.5e+09	-4e+06	-11.897
2.6e+09	-4e+06	-13.089
2.7e+09	-4e+06	-13.676
2.8e+09	-4e+06	-13.306
2.9e+09	-4e+06	-13.172
3e+09	-4e+06	-14.338
3.1e+09	-4e+06	-15.015
3.2e+09	-4e+06	-14.388
3.3e+09	-4e+06	-14.12
3.4e+09	-4e+06	-14.902
3.5e+09	-4e+06	-15.133
3.6e+09	-4e+06	-15.395
3.7e+09	-4e+06	-16.023
3.8e+09	-4e+06	-16.655
3.9e+09	-4e+06	-16.324
4e+09	-4e+06	-16.437
4.1e+09	-4e+06	-17.394
4.2e+09	-4e+06	-17.682
4.3e+09	-4e+06	-16.921
4.4e+09	-4e+06	-16.938
4e+08	-3.5e+06	-1.0987
5e+08	-3.5e+06	-0.50093
6e+08	-3.5e+06	-0.45651
7e+08	-3.5e+06	-0.87009
8e+08	-3.5e+06	-1.3107
9e+08	-3.5e+06	-1.7981
1e+09	-3.5e+06	-2.4706
1.1e+09	-3.5e+06	-3.33
1.2e+09	-3.5e+06	-3.7429
1.3e+09	-3.5e+06	-4.3073
1.4e+09	-3.5e+06	-4.8768
1.5e+09	-3.5e+06	-5.5829
1.6e+09	-3.5e+06	-6.4071
1.7e+09	-3.5e+06	-7.0788
1.8e+09	-3.5e+06	-7.5426
1.9e+09	-3.5e+06	-8.1386
2e+09	-3.5e+06	-8.8373
2.1e+09	-3.5e+06	-9.7313
2.2e+09	-3.5e+06	-10.539
2.3e+09	-3.5e+06	-10.916
2.4e+09	-3.5e+06	-11.117
2.5e+09	-3.5e+06	-11.892
2.6e+09	-3.5e+06	-13.086
2.7e+09	-3.5e+06	-13.671
2.8e+09	-3.5e+06	-13.294
2.9e+09	-3.5e+06	-13.17
3e+09	-3.5e+06	-14.337
3.1e+09	-3.5e+06	-15.006
3.2e+09	-3.5e+06	-14.378
3.3e+09	-3.5e+06	-14.114
3.4e+09	-3.5e+06	-14.899
3.5e+09	-3.5e+06	-15.126
3.6e+09	-3.5e+06	-15.367
3.7e+09	-3.5e+06	-16.022
3.8e+09	-3.5e+06	-16.645
3.9e+09	-3.5e+06	-16.314
4e+09	-3.5e+06	-16.435
4.1e+09	-3.5e+06	-17.391
4.2e+09	-3.5e+06	-17.673
4.3e+09	-3.5e+06	-16.91
4.4e+09	-3.5e+06	-16.934
4e+08	-3e+06	-1.0881
5e+08	-3e+06	-0.49353
6e+08	-3e+06	-0.45155
7e+08	-3e+06	-0.86588
8e+08	-3e+06	-1.3108
9e+08	-3e+06	-1.7945
1e+09	-3e+06	-2.468
1.1e+09	-3e+06	-3.3275
1.2e+09	-3e+06	-3.739
1.3e+09	-3e+06	-4.3034
1.4e+09	-3e+06	-4.872
1.5e+09	-3e+06	-5.5806
1.6e+09	-3e+06	-6.4029
1.7e+09	-3e+06	-7.0751
1.8e+09	-3e+06	-7.5375
1.9e+09	-3e+06	-8.1356
2e+09	-3e+06	-8.8335
2.1e+09	-3e+06	-9.7283
2.2e+09	-3e+06	-10.537
2.3e+09	-3e+06	-10.91
2.4e+09	-3e+06	-11.115
2.5e+09	-3e+06	-11.889
2.6e+09	-3e+06	-13.084
2.7e+09	-3e+06	-13.668
2.8e+09	-3e+06	-13.283
2.9e+09	-3e+06	-13.168
3e+09	-3e+06	-14.334
3.1e+09	-3e+06	-14.989
3.2e+09	-3e+06	-14.368
3.3e+09	-3e+06	-14.109
3.4e+09	-3e+06	-14.896
3.5e+09	-3e+06	-15.12
3.6e+09	-3e+06	-15.339
3.7e+09	-3e+06	-16.023
3.8e+09	-3e+06	-16.636
3.9e+09	-3e+06	-16.305
4e+09	-3e+06	-16.434
4.1e+09	-3e+06	-17.388
4.2e+09	-3e+06	-17.661
4.3e+09	-3e+06	-16.9
4.4e+09	-3e+06	-16.933
4e+08	-2.5e+06	-0.90759
5e+08	-2.5e+06	-0.47734
6e+08	-2.5e+06	-0.43838
7e+08	-2.5e+06	-0.85369
8e+08	-2.5e+06	-1.2985
9e+08	-2.5e+06	-1.7832
1e+09	-2.5e+06	-2.4587
1.1e+09	-2.5e+06	-3.3169
1.2e+09	-2.5e+06	-3.7282
1.3e+09	-2.5e+06	-4.2929
1.4e+09	-2.5e+06	-4.8615
1.5e+09	-2.5e+06	-5.5716
1.6e+09	-2.5e+06	-6.3914
1.7e+09	-2.5e+06	-7.0626
1.8e+09	-2.5e+06	-7.5261
1.9e+09	-2.5e+06	-8.1252
2e+09	-2.5e+06	-8.8234
2.1e+09	-2.5e+06	-9.7181
2.2e+09	-2.5e+06	-10.527
2.3e+09	-2.5e+06	-10.897
2.4e+09	-2.5e+06	-11.104
2.5e+09	-2.5e+06	-11.878
2.6e+09	-2.5e+06	-13.076
2.7e+09	-2.5e+06	-13.656
2.8e+09	-2.5e+06	-13.263
2.9e+09	-2.5e+06	-13.159
3e+09	-2.5e+06	-14.327
3.1e+09	-2.5e+06	-14.966
3.2e+09	-2.5e+06	-14.352
3.3e+09	-2.5e+06	-14.095
3.4e+09	-2.5e+06	-14.886
3.5e+09	-2.5e+06	-15.107
3.6e+09	-2.5e+06	-15.304
3.7e+09	-2.5e+06	-16.015
3.8e+09	-2.5e+06	-16.621
3.9e+09	-2.5e+06	-16.289
4e+09	-2.5e+06	-16.427
4.1e+09	-2.5e+06	-17.378
4.2e+09	-2.5e+06	-17.648
4.3e+09	-2.5e+06	-16.883
4.4e+09	-2.5e+06	-16.923
4e+08	-2e+06	-0.90305
5e+08	-2e+06	-0.4769
6e+08	-2e+06	-0.44145
7e+08	-2e+06	-0.85784
8e+08	-2e+06	-1.3008
9e+08	-2e+06	-1.7861
1e+09	-2e+06	-2.4627
1.1e+09	-2e+06	-3.3209
1.2e+09	-2e+06	-3.7306
1.3e+09	-2e+06	-4.2948
1.4e+09	-2e+06	-4.8642
1.5e+09	-2e+06	-5.5754
1.6e+09	-2e+06	-6.3934
1.7e+09	-2e+06	-7.065
1.8e+09	-2e+06	-7.5274
1.9e+09	-2e+06	-8.1287
2e+09	-2e+06	-8.8274
2.1e+09	-2e+06	-9.7223
2.2e+09	-2e+06	-10.53
2.3e+09	-2e+06	-10.897
2.4e+09	-2e+06	-11.108
2.5e+09	-2e+06	-11.881
2.6e+09	-2e+06	-13.079
2.7e+09	-2e+06	-13.659
2.8e+09	-2e+06	-13.257
2.9e+09	-2e+06	-13.164
3e+09	-2e+06	-14.333
3.1e+09	-2e+06	-14.985
3.2e+09	-2e+06	-14.348
3.3e+09	-2e+06	-14.096
3.4e+09	-2e+06	-14.891
3.5e+09	-2e+06	-15.107
3.6e+09	-2e+06	-15.283
3.7e+09	-2e+06	-16.022
3.8e+09	-2e+06	-16.62
3.9e+09	-2e+06	-16.286
4e+09	-2e+06	-16.433
4.1e+09	-2e+06	-17.382
4.2e+09	-2e+06	-17.644
4.3e+09	-2e+06	-16.882
4.4e+09	-2e+06	-16.927
4e+08	-1.5e+06	-0.89289
5e+08	-1.5e+06	-0.46769
6e+08	-1.5e+06	-0.4348
7e+08	-1.5e+06	-0.8527
8e+08	-1.5e+06	-1.2958
9e+08	-1.5e+06	-1.7814
1e+09	-1.5e+06	-2.4601
1.1e+09	-1.5e+06	-3.3185
1.2e+09	-1.5e+06	-3.7263
1.3e+09	-1.5e+06	-4.2901
1.4e+09	-1.5e+06	-4.861
1.5e+09	-1.5e+06	-5.5726
1.6e+09	-1.5e+06	-6.3896
1.7e+09	-1.5e+06	-7.0601
1.8e+09	-1.5e+06	-7.5214
1.9e+09	-1.5e+06	-8.1258
2e+09	-1.5e+06	-8.8245
2.1e+09	-1.5e+06	-9.7179
2.2e+09	-1.5e+06	-10.528
2.3e+09	-1.5e+06	-10.89
2.4e+09	-1.5e+06	-11.105
2.5e+09	-1.5e+06	-11.877
2.6e+09	-1.5e+06	-13.078
2.7e+09	-1.5e+06	-13.654
2.8e+09	-1.5e+06	-13.244
2.9e+09	-1.5e+06	-13.161
3e+09	-1.5e+06	-14.331
3.1e+09	-1.5e+06	-14.978
3.2e+09	-1.5e+06	-14.318
3.3e+09	-1.5e+06	-14.088
3.4e+09	-1.5e+06	-14.887
3.5e+09	-1.5e+06	-15.042
3.6e+09	-1.5e+06	-15.253
3.7e+09	-1.5e+06	-16.022
3.8e+09	-1.5e+06	-16.609
3.9e+09	-1.5e+06	-16.277
4e+09	-1.5e+06	-16.427
4.1e+09	-1.5e+06	-17.379
4.2e+09	-1.5e+06	-17.635
4.3e+09	-1.5e+06	-16.871
4.4e+09	-1.5e+06	-16.925
4e+08	-1e+06	-1.0467
5e+08	-1e+06	-0.46019
6e+08	-1e+06	-0.43027
7e+08	-1e+06	-0.84863
8e+08	-1e+06	-1.293
9e+08	-1e+06	-1.7788
1e+09	-1e+06	-2.4589
1.1e+09	-1e+06	-3.3162
1.2e+09	-1e+06	-3.7239
1.3e+09	-1e+06	-4.2878
1.4e+09	-1e+06	-4.8594
1.5e+09	-1e+06	-5.5714
1.6e+09	-1e+06	-6.3853
1.7e+09	-1e+06	-7.057
1.8e+09	-1e+06	-7.5177
1.9e+09	-1e+06	-8.1237
2e+09	-1e+06	-8.822
2.1e+09	-1e+06	-9.7165
2.2e+09	-1e+06	-10.527
2.3e+09	-1e+06	-10.885
2.4e+09	-1e+06	-11.106
2.5e+09	-1e+06	-11.875
2.6e+09	-1e+06	-13.078
2.7e+09	-1e+06	-13.65
2.8e+09	-1e+06	-13.234
2.9e+09	-1e+06	-13.161
3e+09	-1e+06	-14.331
3.1e+09	-1e+06	-14.971
3.2e+09	-1e+06	-14.31
3.3e+09	-1e+06	-14.083
3.4e+09	-1e+06	-14.885
3.5e+09	-1e+06	-14.962
3.6e+09	-1e+06	-15.226
3.7e+09	-1e+06	-16.024
3.8e+09	-1e+06	-16.6
3.9e+09	-1e+06	-16.267
4e+09	-1e+06	-16.433
4.1e+09	-1e+06	-17.378
4.2e+09	-1e+06	-17.624
4.3e+09	-1e+06	-16.863
4.4e+09	-1e+06	-16.925
4e+08	-5e+05	-1.0316
5e+08	-5e+05	-0.45073
6e+08	-5e+05	-0.42376
7e+08	-5e+05	-0.84384
8e+08	-5e+05	-1.2887
9e+08	-5e+05	-1.7749
1e+09	-5e+05	-2.4574
1.1e+09	-5e+05	-3.3129
1.2e+09	-5e+05	-3.7208
1.3e+09	-5e+05	-4.2838
1.4e+09	-5e+05	-4.8558
1.5e+09	-5e+05	-5.5693
1.6e+09	-5e+05	-6.3819
1.7e+09	-5e+05	-7.052
1.8e+09	-5e+05	-7.5116
1.9e+09	-5e+05	-8.12
2e+09	-5e+05	-8.8192
2.1e+09	-5e+05	-9.7124
2.2e+09	-5e+05	-10.525
2.3e+09	-5e+05	-10.879
2.4e+09	-5e+05	-10.959
2.5e+09	-5e+05	-11.871
2.6e+09	-5e+05	-13.076
2.7e+09	-5e+05	-13.645
2.8e+09	-5e+05	-13.222
2.9e+09	-5e+05	-13.16
3e+09	-5e+05	-14.329
3.1e+09	-5e+05	-14.962
3.2e+09	-5e+05	-14.321
3.3e+09	-5e+05	-14.076
3.4e+09	-5e+05	-14.882
3.5e+09	-5e+05	-15.027
3.6e+09	-5e+05	-15.197
3.7e+09	-5e+05	-16.025
3.8e+09	-5e+05	-16.591
3.9e+09	-5e+05	-16.258
4e+09	-5e+05	-16.432
4.1e+09	-5e+05	-17.374
4.2e+09	-5e+05	-17.614
4.3e+09	-5e+05	-16.852
4.4e+09	-5e+05	-16.921
4e+08	0	-0.79125
5e+08	0	-0.24673
6e+08	0	-0.25039
7e+08	0	-0.69413
8e+08	0	-1.1552
9e+08	0	-1.65
1e+09	0	-2.3532
1.1e+09	0	-3.2141
1.2e+09	0	-3.6189
1.3e+09	0	-4.1756
1.4e+09	0	-4.7275
1.5e+09	0	-5.4282
1.6e+09	0	-6.2506
1.7e+09	0	-6.9378
1.8e+09	0	-7.3943
1.9e+09	0	-8.0089
2e+09	0	-8.7059
2.1e+09	0	-9.5953
2.2e+09	0	-10.403
2.3e+09	0	-10.745
2.4e+09	0	-10.835
2.5e+09	0	-11.753
2.6e+09	0	-12.952
2.7e+09	0	-13.492
2.8e+09	0	-13.041
2.9e+09	0	-12.964
3e+09	0	-14.113
3.1e+09	0	-14.73
3.2e+09	0	-14.076
3.3e+09	0	-13.841
3.4e+09	0	-14.659
3.5e+09	0	-14.871
3.6e+09	0	-14.951
3.7e+09	0	-15.781
3.8e+09	0	-16.358
3.9e+09	0	-15.998
4e+09	0	-16.177
4.1e+09	0	-17.032
4.2e+09	0	-17.234
4.3e+09	0	-16.416
4.4e+09	0	-16.459
4e+08	5e+05	-1.0216
5e+08	5e+05	-0.44772
6e+08	5e+05	-0.42689
7e+08	5e+05	-0.84993
8e+08	5e+05	-1.2928
9e+08	5e+05	-1.7816
1e+09	5e+05	-2.4665
1.1e+09	5e+05	-3.3221
1.2e+09	5e+05	-3.7294
1.3e+09	5e+05	-4.2888
1.4e+09	5e+05	-4.8683
1.5e+09	5e+05	-5.5805
1.6e+09	5e+05	-6.3873
1.7e+09	5e+05	-7.0584
1.8e+09	5e+05	-7.5171
1.9e+09	5e+05	-8.0697
2e+09	5e+05	-8.8292
2.1e+09	5e+05	-9.7238
2.2e+09	5e+05	-10.534
2.3e+09	5e+05	-10.881
2.4e+09	5e+05	-11.119
2.5e+09	5e+05	-11.882
2.6e+09	5e+05	-13.09
2.7e+09	5e+05	-13.652
2.8e+09	5e+05	-13.215
2.9e+09	5e+05	-13.175
3e+09	5e+05	-14.343
3.1e+09	5e+05	-14.965
3.2e+09	5e+05	-14.321
3.3e+09	5e+05	-14.081
3.4e+09	5e+05	-14.896
3.5e+09	5e+05	-15.101
3.6e+09	5e+05	-15.179
3.7e+09	5e+05	-16.045
3.8e+09	5e+05	-16.595
3.9e+09	5e+05	-16.258
4e+09	5e+05	-16.448
4.1e+09	5e+05	-17.389
4.2e+09	5e+05	-17.615
4.3e+09	5e+05	-16.855
4.4e+09	5e+05	-16.936
4e+08	1e+06	-1.0233
5e+08	1e+06	-0.45216
6e+08	1e+06	-0.4653
7e+08	1e+06	-0.85958
8e+08	1e+06	-1.2931
9e+08	1e+06	-1.7912
1e+09	1e+06	-2.4769
1.1e+09	1e+06	-3.3303
1.2e+09	1e+06	-3.7396
1.3e+09	1e+06	-4.2967
1.4e+09	1e+06	-5.2719
1.5e+09	1e+06	-5.591
1.6e+09	1e+06	-6.3959
1.7e+09	1e+06	-7.0667
1.8e+09	1e+06	-7.5249
1.9e+09	1e+06	-8.02
2e+09	1e+06	-8.8387
2.1e+09	1e+06	-9.7344
2.2e+09	1e+06	-10.545
2.3e+09	1e+06	-10.888
2.4e+09	1e+06	-11.127
2.5e+09	1e+06	-11.873
2.6e+09	1e+06	-13.102
2.7e+09	1e+06	-13.661
2.8e+09	1e+06	-13.217
2.9e+09	1e+06	-13.187
3e+09	1e+06	-14.354
3.1e+09	1e+06	-14.972
3.2e+09	1e+06	-14.326
3.3e+09	1e+06	-14.087
3.4e+09	1e+06	-14.907
3.5e+09	1e+06	-15.106
3.6e+09	1e+06	-15.185
3.7e+09	1e+06	-16.06
3.8e+09	1e+06	-16.602
3.9e+09	1e+06	-16.262
4e+09	1e+06	-16.458
4.1e+09	1e+06	-17.398
4.2e+09	1e+06	-17.617
4.3e+09	1e+06	-16.86
4.4e+09	1e+06	-16.947
4e+08	1.5e+06	-1.0234
5e+08	1.5e+06	-0.45492
6e+08	1.5e+06	-0.49836
7e+08	1.5e+06	-0.86862
8e+08	1.5e+06	-1.3081
9e+08	1.5e+06	-1.799
1e+09	1.5e+06	-2.486
1.1e+09	1.5e+06	-3.3383
1.2e+09	1.5e+06	-3.7495
1.3e+09	1.5e+06	-4.303
1.4e+09	1.5e+06	-5.2813
1.5e+09	1.5e+06	-5.6014
1.6e+09	1.5e+06	-6.4035
1.7e+09	1.5e+06	-7.0753
1.8e+09	1.5e+06	-7.5316
1.9e+09	1.5e+06	-8.0274
2e+09	1.5e+06	-8.8481
2.1e+09	1.5e+06	-9.7441
2.2e+09	1.5e+06	-10.554
2.3e+09	1.5e+06	-10.896
2.4e+09	1.5e+06	-11.135
2.5e+09	1.5e+06	-11.857
2.6e+09	1.5e+06	-13.112
2.7e+09	1.5e+06	-13.667
2.8e+09	1.5e+06	-13.205
2.9e+09	1.5e+06	-13.199
3e+09	1.5e+06	-14.363
3.1e+09	1.5e+06	-14.977
3.2e+09	1.5e+06	-14.329
3.3e+09	1.5e+06	-14.092
3.4e+09	1.5e+06	-14.918
3.5e+09	1.5e+06	-15.11
3.6e+09	1.5e+06	-15.189
3.7e+09	1.5e+06	-16.074
3.8e+09	1.5e+06	-16.609
3.9e+09	1.5e+06	-16.265
4e+09	1.5e+06	-16.469
4.1e+09	1.5e+06	-17.408
4.2e+09	1.5e+06	-17.619
4.3e+09	1.5e+06	-16.866
4.4e+09	1.5e+06	-16.953
4e+08	2e+06	-1.027
5e+08	2e+06	-0.46047
6e+08	2e+06	-0.50546
7e+08	2e+06	-0.87968
8e+08	2e+06	-1.3188
9e+08	2e+06	-1.8091
1e+09	2e+06	-2.497
1.1e+09	2e+06	-3.3485
1.2e+09	2e+06	-3.7607
1.3e+09	2e+06	-4.3112
1.4e+09	2e+06	-5.2917
1.5e+09	2e+06	-5.613
1.6e+09	2e+06	-6.4129
1.7e+09	2e+06	-7.0835
1.8e+09	2e+06	-7.5401
1.9e+09	2e+06	-8.0382
2e+09	2e+06	-8.8598
2.1e+09	2e+06	-9.7557
2.2e+09	2e+06	-10.565
2.3e+09	2e+06	-10.833
2.4e+09	2e+06	-11.145
2.5e+09	2e+06	-11.873
2.6e+09	2e+06	-13.125
2.7e+09	2e+06	-13.675
2.8e+09	2e+06	-13.218
2.9e+09	2e+06	-13.212
3e+09	2e+06	-14.375
3.1e+09	2e+06	-14.983
3.2e+09	2e+06	-14.338
3.3e+09	2e+06	-14.1
3.4e+09	2e+06	-14.931
3.5e+09	2e+06	-15.118
3.6e+09	2e+06	-15.196
3.7e+09	2e+06	-16.089
3.8e+09	2e+06	-16.618
3.9e+09	2e+06	-16.27
4e+09	2e+06	-16.48
4.1e+09	2e+06	-17.418
4.2e+09	2e+06	-17.623
4.3e+09	2e+06	-16.873
4.4e+09	2e+06	-16.966
4e+08	2.5e+06	-1.018
5e+08	2.5e+06	-0.45695
6e+08	2.5e+06	-0.4495
7e+08	2.5e+06	-0.88063
8e+08	2.5e+06	-1.32
9e+08	2.5e+06	-1.8116
1e+09	2.5e+06	-2.5013
1.1e+09	2.5e+06	-3.3512
1.2e+09	2.5e+06	-3.7655
1.3e+09	2.5e+06	-4.308
1.4e+09	2.5e+06	-5.295
1.5e+09	2.5e+06	-5.6181
1.6e+09	2.5e+06	-6.4152
1.7e+09	2.5e+06	-7.0868
1.8e+09	2.5e+06	-7.5428
1.9e+09	2.5e+06	-8.0415
2e+09	2.5e+06	-8.8639
2.1e+09	2.5e+06	-9.7608
2.2e+09	2.5e+06	-10.569
2.3e+09	2.5e+06	-10.83
2.4e+09	2.5e+06	-11.148
2.5e+09	2.5e+06	-11.931
2.6e+09	2.5e+06	-13.132
2.7e+09	2.5e+06	-13.677
2.8e+09	2.5e+06	-13.214
2.9e+09	2.5e+06	-13.218
3e+09	2.5e+06	-14.379
3.1e+09	2.5e+06	-14.984
3.2e+09	2.5e+06	-14.149
3.3e+09	2.5e+06	-14.088
3.4e+09	2.5e+06	-14.937
3.5e+09	2.5e+06	-15.117
3.6e+09	2.5e+06	-15.195
3.7e+09	2.5e+06	-16.096
3.8e+09	2.5e+06	-16.62
3.9e+09	2.5e+06	-16.265
4e+09	2.5e+06	-16.486
4.1e+09	2.5e+06	-17.424
4.2e+09	2.5e+06	-17.621
4.3e+09	2.5e+06	-16.872
4.4e+09	2.5e+06	-16.969
4e+08	3e+06	-1.0288
5e+08	3e+06	-0.46937
6e+08	3e+06	-0.46334
7e+08	3e+06	-0.89722
8e+08	3e+06	-1.3367
9e+08	3e+06	-1.8289
1e+09	3e+06	-2.519
1.1e+09	3e+06	-3.3682
1.2e+09	3e+06	-3.7826
1.3e+09	3e+06	-4.3284
1.4e+09	3e+06	-5.3113
1.5e+09	3e+06	-5.6366
1.6e+09	3e+06	-6.4304
1.7e+09	3e+06	-7.0919
1.8e+09	3e+06	-7.5582
1.9e+09	3e+06	-8.0589
2e+09	3e+06	-8.8819
2.1e+09	3e+06	-9.7783
2.2e+09	3e+06	-10.586
2.3e+09	3e+06	-10.843
2.4e+09	3e+06	-11.166
2.5e+09	3e+06	-11.948
2.6e+09	3e+06	-13.15
2.7e+09	3e+06	-13.694
2.8e+09	3e+06	-13.223
2.9e+09	3e+06	-13.238
3e+09	3e+06	-14.398
3.1e+09	3e+06	-14.996
3.2e+09	3e+06	-14.158
3.3e+09	3e+06	-14.093
3.4e+09	3e+06	-14.956
3.5e+09	3e+06	-15.132
3.6e+09	3e+06	-15.208
3.7e+09	3e+06	-16.118
3.8e+09	3e+06	-16.635
3.9e+09	3e+06	-16.276
4e+09	3e+06	-16.504
4.1e+09	3e+06	-17.44
4.2e+09	3e+06	-17.631
4.3e+09	3e+06	-16.885
4.4e+09	3e+06	-16.989
4e+08	3.5e+06	-1.0296
5e+08	3.5e+06	-0.47354
6e+08	3.5e+06	-0.46839
7e+08	3.5e+06	-0.90711
8e+08	3.5e+06	-1.345
9e+08	3.5e+06	-1.8376
1e+09	3.5e+06	-2.5295
1.1e+09	3.5e+06	-3.3772
1.2e+09	3.5e+06	-3.7936
1.3e+09	3.5e+06	-4.3373
1.4e+09	3.5e+06	-5.3207
1.5e+09	3.5e+06	-5.648
1.6e+09	3.5e+06	-6.4394
1.7e+09	3.5e+06	-7.0909
1.8e+09	3.5e+06	-7.5661
1.9e+09	3.5e+06	-8.0688
2e+09	3.5e+06	-8.8928
2.1e+09	3.5e+06	-9.7895
2.2e+09	3.5e+06	-10.596
2.3e+09	3.5e+06	-10.849
2.4e+09	3.5e+06	-11.177
2.5e+09	3.5e+06	-11.959
2.6e+09	3.5e+06	-13.162
2.7e+09	3.5e+06	-13.701
2.8e+09	3.5e+06	-13.226
2.9e+09	3.5e+06	-13.252
3e+09	3.5e+06	-14.409
3.1e+09	3.5e+06	-15.001
3.2e+09	3.5e+06	-14.161
3.3e+09	3.5e+06	-14.114
3.4e+09	3.5e+06	-14.968
3.5e+09	3.5e+06	-15.139
3.6e+09	3.5e+06	-15.214
3.7e+09	3.5e+06	-16.132
3.8e+09	3.5e+06	-16.643
3.9e+09	3.5e+06	-16.281
4e+09	3.5e+06	-16.502
4.1e+09	3.5e+06	-17.451
4.2e+09	3.5e+06	-17.635
4.3e+09	3.5e+06	-16.89
4.4e+09	3.5e+06	-17
4e+08	4e+06	-1.033
5e+08	4e+06	-0.47931
6e+08	4e+06	-0.47569
7e+08	4e+06	-0.918
8e+08	4e+06	-1.3545
9e+08	4e+06	-1.8483
1e+09	4e+06	-2.541
1.1e+09	4e+06	-3.3879
1.2e+09	4e+06	-3.8056
1.3e+09	4e+06	-4.3468
1.4e+09	4e+06	-5.3312
1.5e+09	4e+06	-5.6607
1.6e+09	4e+06	-6.4498
1.7e+09	4e+06	-7.1204
1.8e+09	4e+06	-7.5759
1.9e+09	4e+06	-8.0284
2e+09	4e+06	-8.9051
2.1e+09	4e+06	-9.801
2.2e+09	4e+06	-10.609
2.3e+09	4e+06	-10.856
2.4e+09	4e+06	-11.187
2.5e+09	4e+06	-11.972
2.6e+09	4e+06	-13.176
2.7e+09	4e+06	-13.71
2.8e+09	4e+06	-13.229
2.9e+09	4e+06	-13.266
3e+09	4e+06	-14.42
3.1e+09	4e+06	-15.009
3.2e+09	4e+06	-14.168
3.3e+09	4e+06	-14.129
3.4e+09	4e+06	-14.981
3.5e+09	4e+06	-15.148
3.6e+09	4e+06	-15.221
3.7e+09	4e+06	-16.149
3.8e+09	4e+06	-16.655
3.9e+09	4e+06	-16.285
4e+09	4e+06	-16.514
4.1e+09	4e+06	-17.462
4.2e+09	4e+06	-17.64
4.3e+09	4e+06	-16.897
4.4e+09	4e+06	-17.013
4e+08	4.5e+06	-1.0319
5e+08	4.5e+06	-0.48456
6e+08	4.5e+06	-0.48407
7e+08	4.5e+06	-0.91899
8e+08	4.5e+06	-1.3641
9e+08	4.5e+06	-1.8596
1e+09	4.5e+06	-2.554
1.1e+09	4.5e+06	-3.3983
1.2e+09	4.5e+06	-3.8184
1.3e+09	4.5e+06	-4.3567
1.4e+09	4.5e+06	-5.3424
1.5e+09	4.5e+06	-5.6737
1.6e+09	4.5e+06	-6.4599
1.7e+09	4.5e+06	-7.1318
1.8e+09	4.5e+06	-7.5869
1.9e+09	4.5e+06	-7.9936
2e+09	4.5e+06	-8.9171
2.1e+09	4.5e+06	-9.8133
2.2e+09	4.5e+06	-10.621
2.3e+09	4.5e+06	-10.865
2.4e+09	4.5e+06	-11.199
2.5e+09	4.5e+06	-11.986
2.6e+09	4.5e+06	-13.19
2.7e+09	4.5e+06	-13.719
2.8e+09	4.5e+06	-13.234
2.9e+09	4.5e+06	-13.282
3e+09	4.5e+06	-14.433
3.1e+09	4.5e+06	-15.016
3.2e+09	4.5e+06	-14.175
3.3e+09	4.5e+06	-14.138
3.4e+09	4.5e+06	-14.994
3.5e+09	4.5e+06	-15.156
3.6e+09	4.5e+06	-15.228
3.7e+09	4.5e+06	-16.166
3.8e+09	4.5e+06	-16.215
3.9e+09	4.5e+06	-16.291
4e+09	4.5e+06	-16.54
4.1e+09	4.5e+06	-17.475
4.2e+09	4.5e+06	-17.644
4.3e+09	4.5e+06	-16.905
4.4e+09	4.5e+06	-17.027
4e+08	5e+06	-1.0309
5e+08	5e+06	-0.47835
6e+08	5e+06	-0.48781
7e+08	5e+06	-0.93151
8e+08	5e+06	-1.3705
9e+08	5e+06	-1.867
1e+09	5e+06	-2.5615
1.1e+09	5e+06	-3.4049
1.2e+09	5e+06	-3.8256
1.3e+09	5e+06	-4.363
1.4e+09	5e+06	-5.3491
1.5e+09	5e+06	-5.682
1.6e+09	5e+06	-6.4669
1.7e+09	5e+06	-7.1381
1.8e+09	5e+06	-7.5924
1.9e+09	5e+06	-8.0004
2e+09	5e+06	-8.9261
2.1e+09	5e+06	-9.8226
2.2e+09	5e+06	-10.629
2.3e+09	5e+06	-10.868
2.4e+09	5e+06	-11.207
2.5e+09	5e+06	-11.996
2.6e+09	5e+06	-13.199
2.7e+09	5e+06	-13.725
2.8e+09	5e+06	-13.232
2.9e+09	5e+06	-13.292
3e+09	5e+06	-14.441
3.1e+09	5e+06	-15.019
3.2e+09	5e+06	-14.178
3.3e+09	5e+06	-14.142
3.4e+09	5e+06	-15.003
3.5e+09	5e+06	-15.161
3.6e+09	5e+06	-15.23
3.7e+09	5e+06	-16.178
3.8e+09	5e+06	-16.222
3.9e+09	5e+06	-16.292
4e+09	5e+06	-16.55
4.1e+09	5e+06	-17.482
4.2e+09	5e+06	-17.646
4.3e+09	5e+06	-16.906
4.4e+09	5e+06	-17.037
4e+08	5.5e+06	-1.0435
5e+08	5.5e+06	-0.50077
6e+08	5.5e+06	-0.53408
7e+08	5.5e+06	-0.94928
8e+08	5.5e+06	-1.3905
9e+08	5.5e+06	-1.8877
1e+09	5.5e+06	-2.5839
1.1e+09	5.5e+06	-3.426
1.2e+09	5.5e+06	-3.849
1.3e+09	5.5e+06	-4.3828
1.4e+09	5.5e+06	-5.3698
1.5e+09	5.5e+06	-5.7051
1.6e+09	5.5e+06	-6.487
1.7e+09	5.5e+06	-7.1577
1.8e+09	5.5e+06	-7.6125
1.9e+09	5.5e+06	-8.1441
2e+09	5.5e+06	-8.9488
2.1e+09	5.5e+06	-9.8445
2.2e+09	5.5e+06	-10.651
2.3e+09	5.5e+06	-10.886
2.4e+09	5.5e+06	-11.229
2.5e+09	5.5e+06	-12.019
2.6e+09	5.5e+06	-13.222
2.7e+09	5.5e+06	-13.745
2.8e+09	5.5e+06	-13.247
2.9e+09	5.5e+06	-13.316
3e+09	5.5e+06	-14.465
3.1e+09	5.5e+06	-15.036
3.2e+09	5.5e+06	-14.194
3.3e+09	5.5e+06	-14.159
3.4e+09	5.5e+06	-15.027
3.5e+09	5.5e+06	-15.181
3.6e+09	5.5e+06	-15.248
3.7e+09	5.5e+06	-16.203
3.8e+09	5.5e+06	-16.697
3.9e+09	5.5e+06	-16.308
4e+09	5.5e+06	-16.573
4.1e+09	5.5e+06	-17.506
4.2e+09	5.5e+06	-17.66
4.3e+09	5.5e+06	-16.925
4.4e+09	5.5e+06	-17.059
4e+08	6e+06	-1.0509
5e+08	6e+06	-0.51128
6e+08	6e+06	-0.57092
7e+08	6e+06	-0.96368
8e+08	6e+06	-1.4061
9e+08	6e+06	-1.9032
1e+09	6e+06	-2.6013
1.1e+09	6e+06	-3.442
1.2e+09	6e+06	-3.8654
1.3e+09	6e+06	-4.398
1.4e+09	6e+06	-5.3857
1.5e+09	6e+06	-5.7238
1.6e+09	6e+06	-6.5028
1.7e+09	6e+06	-7.1733
1.8e+09	6e+06	-7.6278
1.9e+09	6e+06	-8.2586
2e+09	6e+06	-8.967
2.1e+09	6e+06	-9.8618
2.2e+09	6e+06	-10.669
2.3e+09	6e+06	-10.9
2.4e+09	6e+06	-11.246
2.5e+09	6e+06	-12.04
2.6e+09	6e+06	-13.241
2.7e+09	6e+06	-13.76
2.8e+09	6e+06	-13.256
2.9e+09	6e+06	-13.326
3e+09	6e+06	-14.482
3.1e+09	6e+06	-15.048
3.2e+09	6e+06	-14.207
3.3e+09	6e+06	-14.174
3.4e+09	6e+06	-15.045
3.5e+09	6e+06	-15.172
3.6e+09	6e+06	-15.26
3.7e+09	6e+06	-16.224
3.8e+09	6e+06	-16.712
3.9e+09	6e+06	-16.318
4e+09	6e+06	-16.591
4.1e+09	6e+06	-17.523
4.2e+09	6e+06	-17.669
4.3e+09	6e+06	-16.936
4.4e+09	6e+06	-17.077
4e+08	6.5e+06	-1.0589
5e+08	6.5e+06	-0.52418
6e+08	6.5e+06	-0.58436
7e+08	6.5e+06	-0.98041
8e+08	6.5e+06	-1.4222
9e+08	6.5e+06	-1.9206
1e+09	6.5e+06	-2.6198
1.1e+09	6.5e+06	-3.4587
1.2e+09	6.5e+06	-3.8826
1.3e+09	6.5e+06	-4.4154
1.4e+09	6.5e+06	-5.4023
1.5e+09	6.5e+06	-5.7434
1.6e+09	6.5e+06	-6.5199
1.7e+09	6.5e+06	-7.191
1.8e+09	6.5e+06	-7.6449
1.9e+09	6.5e+06	-8.2754
2e+09	6.5e+06	-8.987
2.1e+09	6.5e+06	-9.8805
2.2e+09	6.5e+06	-10.687
2.3e+09	6.5e+06	-10.915
2.4e+09	6.5e+06	-11.265
2.5e+09	6.5e+06	-12.061
2.6e+09	6.5e+06	-13.261
2.7e+09	6.5e+06	-13.776
2.8e+09	6.5e+06	-13.267
2.9e+09	6.5e+06	-13.346
3e+09	6.5e+06	-14.501
3.1e+09	6.5e+06	-15.062
3.2e+09	6.5e+06	-14.226
3.3e+09	6.5e+06	-14.189
3.4e+09	6.5e+06	-15.064
3.5e+09	6.5e+06	-15.19
3.6e+09	6.5e+06	-15.274
3.7e+09	6.5e+06	-16.247
3.8e+09	6.5e+06	-16.727
3.9e+09	6.5e+06	-16.331
4e+09	6.5e+06	-16.609
4.1e+09	6.5e+06	-17.542
4.2e+09	6.5e+06	-17.683
4.3e+09	6.5e+06	-16.949
4.4e+09	6.5e+06	-17.099
4e+08	7e+06	-1.0703
5e+08	7e+06	-0.54013
6e+08	7e+06	-0.55237
7e+08	7e+06	-1.001
8e+08	7e+06	-1.4437
9e+08	7e+06	-1.9425
1e+09	7e+06	-2.6435
1.1e+09	7e+06	-3.4806
1.2e+09	7e+06	-3.9039
1.3e+09	7e+06	-4.4366
1.4e+09	7e+06	-5.4246
1.5e+09	7e+06	-5.7682
1.6e+09	7e+06	-6.542
1.7e+09	7e+06	-7.213
1.8e+09	7e+06	-7.6675
1.9e+09	7e+06	-8.2983
2e+09	7e+06	-9.0114
2.1e+09	7e+06	-9.9047
2.2e+09	7e+06	-10.712
2.3e+09	7e+06	-10.935
2.4e+09	7e+06	-11.287
2.5e+09	7e+06	-12.086
2.6e+09	7e+06	-13.287
2.7e+09	7e+06	-13.799
2.8e+09	7e+06	-13.282
2.9e+09	7e+06	-13.384
3e+09	7e+06	-14.527
3.1e+09	7e+06	-15.08
3.2e+09	7e+06	-14.438
3.3e+09	7e+06	-14.208
3.4e+09	7e+06	-15.089
3.5e+09	7e+06	-15.235
3.6e+09	7e+06	-15.294
3.7e+09	7e+06	-16.274
3.8e+09	7e+06	-16.747
3.9e+09	7e+06	-16.346
4e+09	7e+06	-16.635
4.1e+09	7e+06	-17.565
4.2e+09	7e+06	-17.698
4.3e+09	7e+06	-16.968
4.4e+09	7e+06	-17.126
4e+08	7.5e+06	-1.0811
5e+08	7.5e+06	-0.5542
6e+08	7.5e+06	-0.57011
7e+08	7.5e+06	-1.0202
8e+08	7.5e+06	-1.4633
9e+08	7.5e+06	-1.9632
1e+09	7.5e+06	-2.6655
1.1e+09	7.5e+06	-3.5007
1.2e+09	7.5e+06	-3.9244
1.3e+09	7.5e+06	-4.4566
1.4e+09	7.5e+06	-5.4489
1.5e+09	7.5e+06	-5.7913
1.6e+09	7.5e+06	-6.5621
1.7e+09	7.5e+06	-7.2319
1.8e+09	7.5e+06	-7.6878
1.9e+09	7.5e+06	-8.3193
2e+09	7.5e+06	-9.0346
2.1e+09	7.5e+06	-9.9082
2.2e+09	7.5e+06	-10.734
2.3e+09	7.5e+06	-10.954
2.4e+09	7.5e+06	-11.309
2.5e+09	7.5e+06	-12.112
2.6e+09	7.5e+06	-13.31
2.7e+09	7.5e+06	-13.818
2.8e+09	7.5e+06	-13.296
2.9e+09	7.5e+06	-13.41
3e+09	7.5e+06	-14.549
3.1e+09	7.5e+06	-15.097
3.2e+09	7.5e+06	-14.452
3.3e+09	7.5e+06	-14.228
3.4e+09	7.5e+06	-15.111
3.5e+09	7.5e+06	-15.255
3.6e+09	7.5e+06	-15.309
3.7e+09	7.5e+06	-16.302
3.8e+09	7.5e+06	-16.768
3.9e+09	7.5e+06	-16.362
4e+09	7.5e+06	-16.658
4.1e+09	7.5e+06	-17.59
4.2e+09	7.5e+06	-17.712
4.3e+09	7.5e+06	-16.984
4.4e+09	7.5e+06	-17.152
4e+08	8e+06	-1.1084
5e+08	8e+06	-0.58423
6e+08	8e+06	-0.60876
7e+08	8e+06	-1.0563
8e+08	8e+06	-1.5004
9e+08	8e+06	-2.0009
1e+09	8e+06	-2.7048
1.1e+09	8e+06	-3.5382
1.2e+09	8e+06	-3.962
1.3e+09	8e+06	-4.4945
1.4e+09	8e+06	-5.4147
1.5e+09	8e+06	-5.8326
1.6e+09	8e+06	-6.6001
1.7e+09	8e+06	-7.2703
1.8e+09	8e+06	-7.7262
1.9e+09	8e+06	-8.3593
2e+09	8e+06	-9.0759
2.1e+09	8e+06	-9.967
2.2e+09	8e+06	-10.774
2.3e+09	8e+06	-10.989
2.4e+09	8e+06	-11.348
2.5e+09	8e+06	-12.154
2.6e+09	8e+06	-13.352
2.7e+09	8e+06	-13.856
2.8e+09	8e+06	-13.328
2.9e+09	8e+06	-13.452
3e+09	8e+06	-14.591
3.1e+09	8e+06	-15.131
3.2e+09	8e+06	-14.487
3.3e+09	8e+06	-14.264
3.4e+09	8e+06	-15.152
3.5e+09	8e+06	-15.293
3.6e+09	8e+06	-15.349
3.7e+09	8e+06	-16.121
3.8e+09	8e+06	-16.804
3.9e+09	8e+06	-16.396
4e+09	8e+06	-16.698
4.1e+09	8e+06	-17.63
4.2e+09	8e+06	-17.746
4.3e+09	8e+06	-17.02
4.4e+09	8e+06	-17.194
4e+08	8.5e+06	-1.1338
5e+08	8.5e+06	-0.61316
6e+08	8.5e+06	-0.69604
7e+08	8.5e+06	-1.0898
8e+08	8.5e+06	-1.5352
9e+08	8.5e+06	-2.0371
1e+09	8.5e+06	-2.7423
1.1e+09	8.5e+06	-3.5744
1.2e+09	8.5e+06	-3.9988
1.3e+09	8.5e+06	-4.5312
1.4e+09	8.5e+06	-5.4486
1.5e+09	8.5e+06	-5.8713
1.6e+09	8.5e+06	-6.6372
1.7e+09	8.5e+06	-7.3065
1.8e+09	8.5e+06	-7.7632
1.9e+09	8.5e+06	-8.3959
2e+09	8.5e+06	-9.1153
2.1e+09	8.5e+06	-10.005
2.2e+09	8.5e+06	-10.813
2.3e+09	8.5e+06	-11.025
2.4e+09	8.5e+06	-11.386
2.5e+09	8.5e+06	-12.196
2.6e+09	8.5e+06	-13.393
2.7e+09	8.5e+06	-13.892
2.8e+09	8.5e+06	-13.36
2.9e+09	8.5e+06	-13.494
3e+09	8.5e+06	-14.63
3.1e+09	8.5e+06	-15.165
3.2e+09	8.5e+06	-14.52
3.3e+09	8.5e+06	-14.3
3.4e+09	8.5e+06	-15.192
3.5e+09	8.5e+06	-15.329
3.6e+09	8.5e+06	-15.323
3.7e+09	8.5e+06	-16.163
3.8e+09	8.5e+06	-16.841
3.9e+09	8.5e+06	-16.429
4e+09	8.5e+06	-16.738
4.1e+09	8.5e+06	-17.67
4.2e+09	8.5e+06	-17.777
4.3e+09	8.5e+06	-17.053
4.4e+09	8.5e+06	-17.236
4e+08	9e+06	-1.1751
5e+08	9e+06	-0.65976
6e+08	9e+06	-0.74575
7e+08	9e+06	-1.1406
8e+08	9e+06	-1.5865
9e+08	9e+06	-2.0901
1e+09	9e+06	-2.7971
1.1e+09	9e+06	-3.6268
1.2e+09	9e+06	-4.0519
1.3e+09	9e+06	-4.5847
1.4e+09	9e+06	-5.5022
1.5e+09	9e+06	-5.9275
1.6e+09	9e+06	-6.6911
1.7e+09	9e+06	-7.3596
1.8e+09	9e+06	-7.8165
1.9e+09	9e+06	-8.4507
2e+09	9e+06	-9.1723
2.1e+09	9e+06	-10.061
2.2e+09	9e+06	-10.869
2.3e+09	9e+06	-11.077
2.4e+09	9e+06	-11.441
2.5e+09	9e+06	-12.252
2.6e+09	9e+06	-13.45
2.7e+09	9e+06	-13.946
2.8e+09	9e+06	-13.407
2.9e+09	9e+06	-13.553
3e+09	9e+06	-14.688
3.1e+09	9e+06	-15.214
3.2e+09	9e+06	-14.57
3.3e+09	9e+06	-14.352
3.4e+09	9e+06	-15.248
3.5e+09	9e+06	-15.384
3.6e+09	9e+06	-15.436
3.7e+09	9e+06	-16.453
3.8e+09	9e+06	-16.894
3.9e+09	9e+06	-16.477
4e+09	9e+06	-16.793
4.1e+09	9e+06	-17.727
4.2e+09	9e+06	-17.825
4.3e+09	9e+06	-17.1
4.4e+09	9e+06	-17.295
4e+08	9.5e+06	-1.2597
5e+08	9.5e+06	-0.74832
6e+08	9.5e+06	-0.84281
7e+08	9.5e+06	-1.236
8e+08	9.5e+06	-1.6851
9e+08	9.5e+06	-2.1894
1e+09	9.5e+06	-2.8986
1.1e+09	9.5e+06	-3.7269
1.2e+09	9.5e+06	-4.1535
1.3e+09	9.5e+06	-4.6866
1.4e+09	9.5e+06	-5.6023
1.5e+09	9.5e+06	-6.0326
1.6e+09	9.5e+06	-6.7923
1.7e+09	9.5e+06	-7.4612
1.8e+09	9.5e+06	-7.9192
1.9e+09	9.5e+06	-8.5538
2e+09	9.5e+06	-9.2772
2.1e+09	9.5e+06	-10.165
2.2e+09	9.5e+06	-10.973
2.3e+09	9.5e+06	-11.183
2.4e+09	9.5e+06	-11.546
2.5e+09	9.5e+06	-12.361
2.6e+09	9.5e+06	-13.557
2.7e+09	9.5e+06	-14.048
2.8e+09	9.5e+06	-13.506
2.9e+09	9.5e+06	-13.66
3e+09	9.5e+06	-14.795
3.1e+09	9.5e+06	-15.318
3.2e+09	9.5e+06	-14.67
3.3e+09	9.5e+06	-14.453
3.4e+09	9.5e+06	-15.354
3.5e+09	9.5e+06	-15.489
3.6e+09	9.5e+06	-15.538
3.7e+09	9.5e+06	-16.562
3.8e+09	9.5e+06	-16.997
3.9e+09	9.5e+06	-16.575
4e+09	9.5e+06	-16.899
4.1e+09	9.5e+06	-17.831
4.2e+09	9.5e+06	-17.924
4.3e+09	9.5e+06	-17.2
4.4e+09	9.5e+06	-17.405
4e+08	1e+07	-1.4386
5e+08	1e+07	-0.93005
6e+08	1e+07	-1.0374
7e+08	1e+07	-1.4322
8e+08	1e+07	-1.8843
9e+08	1e+07	-2.391
1e+09	1e+07	-3.102
1.1e+09	1e+07	-3.929
1.2e+09	1e+07	-4.3578
1.3e+09	1e+07	-4.89
1.4e+09	1e+07	-5.8072
1.5e+09	1e+07	-6.2396
1.6e+09	1e+07	-6.9995
1.7e+09	1e+07	-7.6679
1.8e+09	1e+07	-8.1259
1.9e+09	1e+07	-8.7614
2e+09	1e+07	-9.4689
2.1e+09	1e+07	-10.374
2.2e+09	1e+07	-11.183
2.3e+09	1e+07	-11.445
2.4e+09	1e+07	-11.754
2.5e+09	1e+07	-12.574
2.6e+09	1e+07	-13.769
2.7e+09	1e+07	-14.257
2.8e+09	1e+07	-13.708
2.9e+09	1e+07	-13.873
3e+09	1e+07	-15.006
3.1e+09	1e+07	-15.435
3.2e+09	1e+07	-14.875
3.3e+09	1e+07	-14.662
3.4e+09	1e+07	-15.565
3.5e+09	1e+07	-15.677
3.6e+09	1e+07	-15.684
3.7e+09	1e+07	-16.775
3.8e+09	1e+07	-17.205
3.9e+09	1e+07	-16.78
4e+09	1e+07	-17.112
4.1e+09	1e+07	-18.044
4.2e+09	1e+07	-18.128
4.3e+09	1e+07	-17.407
4.4e+09	1e+07	-17.62
4e+08	1.05e+07	-1.8216
5e+08	1.05e+07	-1.3193
6e+08	1.05e+07	-1.4402
7e+08	1.05e+07	-1.8358
8e+08	1.05e+07	-2.2908
9e+08	1.05e+07	-2.7995
1e+09	1.05e+07	-3.5137
1.1e+09	1.05e+07	-4.3403
1.2e+09	1.05e+07	-4.7713
1.3e+09	1.05e+07	-5.3054
1.4e+09	1.05e+07	-6.2218
1.5e+09	1.05e+07	-6.6573
1.6e+09	1.05e+07	-7.4165
1.7e+09	1.05e+07	-8.0849
1.8e+09	1.05e+07	-8.545
1.9e+09	1.05e+07	-9.182
2e+09	1.05e+07	-9.8916
2.1e+09	1.05e+07	-10.797
2.2e+09	1.05e+07	-11.607
2.3e+09	1.05e+07	-11.864
2.4e+09	1.05e+07	-12.177
2.5e+09	1.05e+07	-13.001
2.6e+09	1.05e+07	-14.195
2.7e+09	1.05e+07	-14.679
2.8e+09	1.05e+07	-14.127
2.9e+09	1.05e+07	-14.301
3e+09	1.05e+07	-15.415
3.1e+09	1.05e+07	-15.852
3.2e+09	1.05e+07	-15.295
3.3e+09	1.05e+07	-15.084
3.4e+09	1.05e+07	-15.991
3.5e+09	1.05e+07	-16.114
3.6e+09	1.05e+07	-16.171
3.7e+09	1.05e+07	-17.202
3.8e+09	1.05e+07	-17.628
3.9e+09	1.05e+07	-17.2
4e+09	1.05e+07	-17.537
4.1e+09	1.05e+07	-18.471
4.2e+09	1.05e+07	-18.545
4.3e+09	1.05e+07	-17.825
4.4e+09	1.05e+07	-18.051
4e+08	1.1e+07	-2.497
5e+08	1.1e+07	-2.014
6e+08	1.1e+07	-2.1363
7e+08	1.1e+07	-2.5349
8e+08	1.1e+07	-2.9926
9e+08	1.1e+07	-3.5042
1e+09	1.1e+07	-4.2225
1.1e+09	1.1e+07	-5.0481
1.2e+09	1.1e+07	-5.482
1.3e+09	1.1e+07	-6.0164
1.4e+09	1.1e+07	-6.9351
1.5e+09	1.1e+07	-7.3548
1.6e+09	1.1e+07	-8.1324
1.7e+09	1.1e+07	-8.8002
1.8e+09	1.1e+07	-9.2628
1.9e+09	1.1e+07	-9.9015
2e+09	1.1e+07	-10.634
2.1e+09	1.1e+07	-11.518
2.2e+09	1.1e+07	-12.331
2.3e+09	1.1e+07	-12.584
2.4e+09	1.1e+07	-12.9
2.5e+09	1.1e+07	-13.727
2.6e+09	1.1e+07	-14.922
2.7e+09	1.1e+07	-15.402
2.8e+09	1.1e+07	-14.844
2.9e+09	1.1e+07	-15.03
3e+09	1.1e+07	-16.14
3.1e+09	1.1e+07	-16.57
3.2e+09	1.1e+07	-16.016
3.3e+09	1.1e+07	-15.806
3.4e+09	1.1e+07	-16.716
3.5e+09	1.1e+07	-16.849
3.6e+09	1.1e+07	-16.892
3.7e+09	1.1e+07	-17.93
3.8e+09	1.1e+07	-18.353
3.9e+09	1.1e+07	-17.92
4e+09	1.1e+07	-18.264
4.1e+09	1.1e+07	-19.2
4.2e+09	1.1e+07	-19.264
4.3e+09	1.1e+07	-18.545
4.4e+09	1.1e+07	-18.78
4e+08	1.15e+07	-3.5947
5e+08	1.15e+07	-3.1237
6e+08	1.15e+07	-3.2541
7e+08	1.15e+07	-3.6544
8e+08	1.15e+07	-4.1158
9e+08	1.15e+07	-4.6293
1e+09	1.15e+07	-5.3511
1.1e+09	1.15e+07	-6.1752
1.2e+09	1.15e+07	-6.6121
1.3e+09	1.15e+07	-7.1463
1.4e+09	1.15e+07	-8.0666
1.5e+09	1.15e+07	-8.5104
1.6e+09	1.15e+07	-9.2668
1.7e+09	1.15e+07	-9.9349
1.8e+09	1.15e+07	-10.398
1.9e+09	1.15e+07	-11.039
2e+09	1.15e+07	-11.775
2.1e+09	1.15e+07	-12.657
2.2e+09	1.15e+07	-13.471
2.3e+09	1.15e+07	-13.722
2.4e+09	1.15e+07	-14.04
2.5e+09	1.15e+07	-14.873
2.6e+09	1.15e+07	-16.066
2.7e+09	1.15e+07	-16.541
2.8e+09	1.15e+07	-15.98
2.9e+09	1.15e+07	-16.175
3e+09	1.15e+07	-17.306
3.1e+09	1.15e+07	-17.705
3.2e+09	1.15e+07	-17.152
3.3e+09	1.15e+07	-16.947
3.4e+09	1.15e+07	-17.859
3.5e+09	1.15e+07	-17.992
3.6e+09	1.15e+07	-18.026
3.7e+09	1.15e+07	-19.079
3.8e+09	1.15e+07	-19.495
3.9e+09	1.15e+07	-19.056
4e+09	1.15e+07	-19.41
4.1e+09	1.15e+07	-20.343
4.2e+09	1.15e+07	-20.402
4.3e+09	1.15e+07	-19.682
4.4e+09	1.15e+07	-19.928
4e+08	1.2e+07	-5.2446
5e+08	1.2e+07	-4.7813
6e+08	1.2e+07	-4.8701
7e+08	1.2e+07	-5.3201
8e+08	1.2e+07	-5.7829
9e+08	1.2e+07	-6.298
1e+09	1.2e+07	-7.0215
1.1e+09	1.2e+07	-7.8455
1.2e+09	1.2e+07	-8.2842
1.3e+09	1.2e+07	-8.8182
1.4e+09	1.2e+07	-9.7396
1.5e+09	1.2e+07	-10.187
1.6e+09	1.2e+07	-10.928
1.7e+09	1.2e+07	-11.606
1.8e+09	1.2e+07	-12.071
1.9e+09	1.2e+07	-12.713
2e+09	1.2e+07	-13.452
2.1e+09	1.2e+07	-14.333
2.2e+09	1.2e+07	-15.148
2.3e+09	1.2e+07	-15.395
2.4e+09	1.2e+07	-15.716
2.5e+09	1.2e+07	-16.553
2.6e+09	1.2e+07	-17.745
2.7e+09	1.2e+07	-18.216
2.8e+09	1.2e+07	-17.649
2.9e+09	1.2e+07	-17.856
3e+09	1.2e+07	-18.983
3.1e+09	1.2e+07	-19.376
3.2e+09	1.2e+07	-18.824
3.3e+09	1.2e+07	-18.621
3.4e+09	1.2e+07	-19.534
3.5e+09	1.2e+07	-19.665
3.6e+09	1.2e+07	-19.698
3.7e+09	1.2e+07	-20.756
3.8e+09	1.2e+07	-21.17
3.9e+09	1.2e+07	-20.725
4e+09	1.2e+07	-21.086
4.1e+09	1.2e+07	-22.022
4.2e+09	1.2e+07	-22.07
4.3e+09	1.2e+07	-21.354
4.4e+09	1.2e+07	-21.609
4e+08	1.25e+07	-7.5256
5e+08	1.25e+07	-7.0841
6e+08	1.25e+07	-7.1889
7e+08	1.25e+07	-7.597
8e+08	1.25e+07	-8.1277
9e+08	1.25e+07	-8.653
1e+09	1.25e+07	-9.3845
1.1e+09	1.25e+07	-10.21
1.2e+09	1.25e+07	-10.656
1.3e+09	1.25e+07	-11.19
1.4e+09	1.25e+07	-12.109
1.5e+09	1.25e+07	-12.56
1.6e+09	1.25e+07	-13.288
1.7e+09	1.25e+07	-13.978
1.8e+09	1.25e+07	-14.443
1.9e+09	1.25e+07	-15.085
2e+09	1.25e+07	-15.825
2.1e+09	1.25e+07	-16.705
2.2e+09	1.25e+07	-17.519
2.3e+09	1.25e+07	-17.762
2.4e+09	1.25e+07	-18.082
2.5e+09	1.25e+07	-18.92
2.6e+09	1.25e+07	-20.111
2.7e+09	1.25e+07	-20.577
2.8e+09	1.25e+07	-20.003
2.9e+09	1.25e+07	-20.213
3e+09	1.25e+07	-21.341
3.1e+09	1.25e+07	-21.725
3.2e+09	1.25e+07	-21.172
3.3e+09	1.25e+07	-20.968
3.4e+09	1.25e+07	-21.884
3.5e+09	1.25e+07	-22.012
3.6e+09	1.25e+07	-22.04
3.7e+09	1.25e+07	-23.105
3.8e+09	1.25e+07	-23.509
3.9e+09	1.25e+07	-23.052
4e+09	1.25e+07	-23.426
4.1e+09	1.25e+07	-24.364
4.2e+09	1.25e+07	-24.405
4.3e+09	1.25e+07	-23.685
4.4e+09	1.25e+07	-23.954
4e+08	1.3e+07	-10.684
5e+08	1.3e+07	-10.221
6e+08	1.3e+07	-10.315
7e+08	1.3e+07	-10.716
8e+08	1.3e+07	-11.231
9e+08	1.3e+07	-11.748
1e+09	1.3e+07	-12.475
1.1e+09	1.3e+07	-13.294
1.2e+09	1.3e+07	-13.734
1.3e+09	1.3e+07	-14.268
1.4e+09	1.3e+07	-15.185
1.5e+09	1.3e+07	-15.634
1.6e+09	1.3e+07	-16.358
1.7e+09	1.3e+07	-17.044
1.8e+09	1.3e+07	-17.509
1.9e+09	1.3e+07	-18.15
2e+09	1.3e+07	-18.889
2.1e+09	1.3e+07	-19.762
2.2e+09	1.3e+07	-20.577
2.3e+09	1.3e+07	-20.837
2.4e+09	1.3e+07	-21.138
2.5e+09	1.3e+07	-21.984
2.6e+09	1.3e+07	-23.174
2.7e+09	1.3e+07	-23.635
2.8e+09	1.3e+07	-23.058
2.9e+09	1.3e+07	-23.282
3e+09	1.3e+07	-24.407
3.1e+09	1.3e+07	-24.788
3.2e+09	1.3e+07	-24.232
3.3e+09	1.3e+07	-24.034
3.4e+09	1.3e+07	-24.953
3.5e+09	1.3e+07	-25.086
3.6e+09	1.3e+07	-25.108
3.7e+09	1.3e+07	-26.179
3.8e+09	1.3e+07	-26.579
3.9e+09	1.3e+07	-26.118
4e+09	1.3e+07	-26.503
4.1e+09	1.3e+07	-27.44
4.2e+09	1.3e+07	-27.472
4.3e+09	1.3e+07	-26.753
4.4e+09	1.3e+07	-27.035
4e+08	1.35e+07	-14.751
5e+08	1.35e+07	-14.279
6e+08	1.35e+07	-14.372
7e+08	1.35e+07	-14.823
8e+08	1.35e+07	-15.284
9e+08	1.35e+07	-15.8
1e+09	1.35e+07	-16.526
1.1e+09	1.35e+07	-17.339
1.2e+09	1.35e+07	-17.778
1.3e+09	1.35e+07	-18.311
1.4e+09	1.35e+07	-19.221
1.5e+09	1.35e+07	-19.674
1.6e+09	1.35e+07	-20.412
1.7e+09	1.35e+07	-21.072
1.8e+09	1.35e+07	-21.535
1.9e+09	1.35e+07	-22.174
2e+09	1.35e+07	-22.913
2.1e+09	1.35e+07	-23.784
2.2e+09	1.35e+07	-24.595
2.3e+09	1.35e+07	-24.851
2.4e+09	1.35e+07	-25.153
2.5e+09	1.35e+07	-26.001
2.6e+09	1.35e+07	-27.188
2.7e+09	1.35e+07	-27.649
2.8e+09	1.35e+07	-27.066
2.9e+09	1.35e+07	-27.299
3e+09	1.35e+07	-28.42
3.1e+09	1.35e+07	-28.885
3.2e+09	1.35e+07	-28.238
3.3e+09	1.35e+07	-28.043
3.4e+09	1.35e+07	-28.956
3.5e+09	1.35e+07	-29.087
3.6e+09	1.35e+07	-29.107
3.7e+09	1.35e+07	-30.187
3.8e+09	1.35e+07	-30.583
3.9e+09	1.35e+07	-30.121
4e+09	1.35e+07	-30.501
4.1e+09	1.35e+07	-31.445
4.2e+09	1.35e+07	-31.469
4.3e+09	1.35e+07	-30.747
4.4e+09	1.35e+07	-31.022
4e+08	1.4e+07	-19.954
5e+08	1.4e+07	-19.46
6e+08	1.4e+07	-19.556
7e+08	1.4e+07	-20
8e+08	1.4e+07	-20.456
9e+08	1.4e+07	-20.966
1e+09	1.4e+07	-21.69
1.1e+09	1.4e+07	-22.499
1.2e+09	1.4e+07	-22.933
1.3e+09	1.4e+07	-23.464
1.4e+09	1.4e+07	-24.374
1.5e+09	1.4e+07	-24.77
1.6e+09	1.4e+07	-25.554
1.7e+09	1.4e+07	-26.211
1.8e+09	1.4e+07	-26.671
1.9e+09	1.4e+07	-27.311
2e+09	1.4e+07	-28.051
2.1e+09	1.4e+07	-28.911
2.2e+09	1.4e+07	-29.722
2.3e+09	1.4e+07	-29.97
2.4e+09	1.4e+07	-30.276
2.5e+09	1.4e+07	-31.117
2.6e+09	1.4e+07	-32.309
2.7e+09	1.4e+07	-32.761
2.8e+09	1.4e+07	-32.173
2.9e+09	1.4e+07	-32.417
3e+09	1.4e+07	-33.538
3.1e+09	1.4e+07	-33.989
3.2e+09	1.4e+07	-33.348
3.3e+09	1.4e+07	-33.158
3.4e+09	1.4e+07	-34.076
3.5e+09	1.4e+07	-34.203
3.6e+09	1.4e+07	-34.219
3.7e+09	1.4e+07	-35.299
3.8e+09	1.4e+07	-35.69
3.9e+09	1.4e+07	-35.226
4e+09	1.4e+07	-35.621
4.1e+09	1.4e+07	-36.557
4.2e+09	1.4e+07	-36.571
4.3e+09	1.4e+07	-35.851
4.4e+09	1.4e+07	-36.17
4e+08	1.45e+07	-26.572
5e+08	1.45e+07	-26.069
6e+08	1.45e+07	-26.149
7e+08	1.45e+07	-26.581
8e+08	1.45e+07	-27.034
9e+08	1.45e+07	-27.537
1e+09	1.45e+07	-28.254
1.1e+09	1.45e+07	-29.054
1.2e+09	1.45e+07	-29.487
1.3e+09	1.45e+07	-30.014
1.4e+09	1.45e+07	-30.912
1.5e+09	1.45e+07	-31.302
1.6e+09	1.45e+07	-32.092
1.7e+09	1.45e+07	-32.741
1.8e+09	1.45e+07	-33.201
1.9e+09	1.45e+07	-33.843
2e+09	1.45e+07	-34.582
2.1e+09	1.45e+07	-35.439
2.2e+09	1.45e+07	-36.237
2.3e+09	1.45e+07	-36.49
2.4e+09	1.45e+07	-36.799
2.5e+09	1.45e+07	-37.659
2.6e+09	1.45e+07	-38.829
2.7e+09	1.45e+07	-39.289
2.8e+09	1.45e+07	-38.682
2.9e+09	1.45e+07	-38.942
3e+09	1.45e+07	-40.06
3.1e+09	1.45e+07	-40.501
3.2e+09	1.45e+07	-39.871
3.3e+09	1.45e+07	-39.669
3.4e+09	1.45e+07	-40.586
3.5e+09	1.45e+07	-40.727
3.6e+09	1.45e+07	-40.741
3.7e+09	1.45e+07	-41.825
3.8e+09	1.45e+07	-42.215
3.9e+09	1.45e+07	-41.736
4e+09	1.45e+07	-42.134
4.1e+09	1.45e+07	-43.059
4.2e+09	1.45e+07	-43.099
4.3e+09	1.45e+07	-42.356
4.4e+09	1.45e+07	-42.692
4e+08	1.5e+07	-34.999
5e+08	1.5e+07	-34.492
6e+08	1.5e+07	-34.574
7e+08	1.5e+07	-35.028
8e+08	1.5e+07	-35.466
9e+08	1.5e+07	-35.999
1e+09	1.5e+07	-36.708
1.1e+09	1.5e+07	-37.527
1.2e+09	1.5e+07	-37.954
1.3e+09	1.5e+07	-38.467
1.4e+09	1.5e+07	-39.389
1.5e+09	1.5e+07	-39.84
1.6e+09	1.5e+07	-40.545
1.7e+09	1.5e+07	-41.186
1.8e+09	1.5e+07	-41.666
1.9e+09	1.5e+07	-42.276
2e+09	1.5e+07	-43.015
2.1e+09	1.5e+07	-43.877
2.2e+09	1.5e+07	-44.684
2.3e+09	1.5e+07	-44.913
2.4e+09	1.5e+07	-45.218
2.5e+09	1.5e+07	-46.068
2.6e+09	1.5e+07	-47.3
2.7e+09	1.5e+07	-47.726
2.8e+09	1.5e+07	-47.128
2.9e+09	1.5e+07	-47.38
3e+09	1.5e+07	-48.512
3.1e+09	1.5e+07	-48.937
3.2e+09	1.5e+07	-48.318
3.3e+09	1.5e+07	-48.125
3.4e+09	1.5e+07	-49.023
3.5e+09	1.5e+07	-49.179
3.6e+09	1.5e+07	-49.187
3.7e+09	1.5e+07	-50.279
3.8e+09	1.5e+07	-50.625
3.9e+09	1.5e+07	-50.191
4e+09	1.5e+07	-50.62
4.1e+09	1.5e+07	-51.525
4.2e+09	1.5e+07	-51.501
4.3e+09	1.5e+07	-50.804
4.4e+09	1.5e+07	-51.139
4e+08	1.55e+07	-46.677
5e+08	1.55e+07	-46.162
6e+08	1.55e+07	-46.207
7e+08	1.55e+07	-46.635
8e+08	1.55e+07	-47.029
9e+08	1.55e+07	-47.509
1e+09	1.55e+07	-48.219
1.1e+09	1.55e+07	-48.965
1.2e+09	1.55e+07	-49.434
1.3e+09	1.55e+07	-49.944
1.4e+09	1.55e+07	-50.856
1.5e+09	1.55e+07	-51.283
1.6e+09	1.55e+07	-52.075
1.7e+09	1.55e+07	-52.636
1.8e+09	1.55e+07	-53.098
1.9e+09	1.55e+07	-53.743
2e+09	1.55e+07	-54.523
2.1e+09	1.55e+07	-55.358
2.2e+09	1.55e+07	-56.18
2.3e+09	1.55e+07	-56.481
2.4e+09	1.55e+07	-56.666
2.5e+09	1.55e+07	-57.615
2.6e+09	1.55e+07	-58.752
2.7e+09	1.55e+07	-59.204
2.8e+09	1.55e+07	-58.508
2.9e+09	1.55e+07	-58.794
3e+09	1.55e+07	-59.94
3.1e+09	1.55e+07	-60.484
3.2e+09	1.55e+07	-59.755
3.3e+09	1.55e+07	-59.537
3.4e+09	1.55e+07	-60.639
3.5e+09	1.55e+07	-60.607
3.6e+09	1.55e+07	-60.775
3.7e+09	1.55e+07	-61.534
3.8e+09	1.55e+07	-62.006
3.9e+09	1.55e+07	-61.763
4e+09	1.55e+07	-61.871
4.1e+09	1.55e+07	-62.99
4.2e+09	1.55e+07	-62.934
4.3e+09	1.55e+07	-62.225
4.4e+09	1.55e+07	-62.596
4e+08	1.6e+07	-65.46
5e+08	1.6e+07	-64.468
6e+08	1.6e+07	-64.44
7e+08	1.6e+07	-64.678
8e+08	1.6e+07	-65.513
9e+08	1.6e+07	-65.41
1e+09	1.6e+07	-66.362
1.1e+09	1.6e+07	-67.131
1.2e+09	1.6e+07	-67.755
1.3e+09	1.6e+07	-67.698
1.4e+09	1.6e+07	-69.142
1.5e+09	1.6e+07	-68.955
1.6e+09	1.6e+07	-70.222
1.7e+09	1.6e+07	-70.756
1.8e+09	1.6e+07	-71.054
1.9e+09	1.6e+07	-72.487
2e+09	1.6e+07	-72.199
2.1e+09	1.6e+07	-73.685
2.2e+09	1.6e+07	-73.943
2.3e+09	1.6e+07	-75.245
2.4e+09	1.6e+07	-74.609
2.5e+09	1.6e+07	-76.11
2.6e+09	1.6e+07	-76.306
2.7e+09	1.6e+07	-77.727
2.8e+09	1.6e+07	-76.963
2.9e+09	1.6e+07	-76.984
3e+09	1.6e+07	-77.861
3.1e+09	1.6e+07	-78.062
3.2e+09	1.6e+07	-77.369
3.3e+09	1.6e+07	-76.619
3.4e+09	1.6e+07	-77.969
3.5e+09	1.6e+07	-79.466
3.6e+09	1.6e+07	-77.887
3.7e+09	1.6e+07	-78.67
3.8e+09	1.6e+07	-78.107
3.9e+09	1.6e+07	-79.314
4e+09	1.6e+07	-79.578
4.1e+09	1.6e+07	-79.701
4.2e+09	1.6e+07	-79.953
4.3e+09	1.6e+07	-78.746
4.4e+09	1.6e+07	-78.898
4e+08	1.65e+07	-78.391
5e+08	1.65e+07	-78.767
6e+08	1.65e+07	-79.703
7e+08	1.65e+07	-79.512
8e+08	1.65e+07	-81.639
9e+08	1.65e+07	-81.179
1e+09	1.65e+07	-81.42
1.1e+09	1.65e+07	-82.702
1.2e+09	1.65e+07	-82.093
1.3e+09	1.65e+07	-81.76
1.4e+09	1.65e+07	-83.064
1.5e+09	1.65e+07	-82.555
1.6e+09	1.65e+07	-81.652
1.7e+09	1.65e+07	-83.068
1.8e+09	1.65e+07	-83.565
1.9e+09	1.65e+07	-84.385
2e+09	1.65e+07	-84.324
2.1e+09	1.65e+07	-83.679
2.2e+09	1.65e+07	-85.223
2.3e+09	1.65e+07	-83.876
2.4e+09	1.65e+07	-85.112
2.5e+09	1.65e+07	-83.09
2.6e+09	1.65e+07	-83.841
2.7e+09	1.65e+07	-83.056
2.8e+09	1.65e+07	-83.294
2.9e+09	1.65e+07	-83.525
3e+09	1.65e+07	-84.177
3.1e+09	1.65e+07	-83.983
3.2e+09	1.65e+07	-83.494
3.3e+09	1.65e+07	-84.135
3.4e+09	1.65e+07	-82.699
3.5e+09	1.65e+07	-83.334
3.6e+09	1.65e+07	-80.958
3.7e+09	1.65e+07	-79.427
3.8e+09	1.65e+07	-82.138
3.9e+09	1.65e+07	-83.321
4e+09	1.65e+07	-83.822
4.1e+09	1.65e+07	-83.206
4.2e+09	1.65e+07	-82.883
4.3e+09	1.65e+07	-83.542
4.4e+09	1.65e+07	-82.222
4e+08	1.7e+07	-82.659
5e+08	1.7e+07	-82.908
6e+08	1.7e+07	-82.522
7e+08	1.7e+07	-82.184
8e+08	1.7e+07	-82.297
9e+08	1.7e+07	-82.32
1e+09	1.7e+07	-83.678
1.1e+09	1.7e+07	-82.775
1.2e+09	1.7e+07	-83.393
1.3e+09	1.7e+07	-84.031
1.4e+09	1.7e+07	-83.189
1.5e+09	1.7e+07	-83.508
1.6e+09	1.7e+07	-82.531
1.7e+09	1.7e+07	-83.242
1.8e+09	1.7e+07	-83.792
1.9e+09	1.7e+07	-83.23
2e+09	1.7e+07	-84.622
2.1e+09	1.7e+07	-84.266
2.2e+09	1.7e+07	-84.036
2.3e+09	1.7e+07	-84.744
2.4e+09	1.7e+07	-85.095
2.5e+09	1.7e+07	-83.447
2.6e+09	1.7e+07	-83.903
2.7e+09	1.7e+07	-82.875
2.8e+09	1.7e+07	-83.459
2.9e+09	1.7e+07	-83.126
3e+09	1.7e+07	-84.125
3.1e+09	1.7e+07	-84.93
3.2e+09	1.7e+07	-83.463
3.3e+09	1.7e+07	-83.795
3.4e+09	1.7e+07	-83.644
3.5e+09	1.7e+07	-83.529
3.6e+09	1.7e+07	-81.66
3.7e+09	1.7e+07	-80.942
3.8e+09	1.7e+07	-81.47
3.9e+09	1.7e+07	-83.055
4e+09	1.7e+07	-83.58
4.1e+09	1.7e+07	-83.003
4.2e+09	1.7e+07	-83.3
4.3e+09	1.7e+07	-82.117
4.4e+09	1.7e+07	-83.041
