4e+08	-1.7e+07	-84.706
5e+08	-1.7e+07	-82.907
6e+08	-1.7e+07	-83.878
7e+08	-1.7e+07	-83.591
8e+08	-1.7e+07	-83.228
9e+08	-1.7e+07	-83.661
1e+09	-1.7e+07	-84.494
1.1e+09	-1.7e+07	-83.145
1.2e+09	-1.7e+07	-83.928
1.3e+09	-1.7e+07	-84.26
1.4e+09	-1.7e+07	-84.444
1.5e+09	-1.7e+07	-83.605
1.6e+09	-1.7e+07	-84.028
1.7e+09	-1.7e+07	-83.491
1.8e+09	-1.7e+07	-84.251
1.9e+09	-1.7e+07	-85.332
2e+09	-1.7e+07	-84.037
2.1e+09	-1.7e+07	-85.042
2.2e+09	-1.7e+07	-84.556
2.3e+09	-1.7e+07	-84.68
2.4e+09	-1.7e+07	-83.869
2.5e+09	-1.7e+07	-84.426
2.6e+09	-1.7e+07	-83.948
2.7e+09	-1.7e+07	-82.963
2.8e+09	-1.7e+07	-83.606
2.9e+09	-1.7e+07	-82.867
3e+09	-1.7e+07	-84.345
3.1e+09	-1.7e+07	-84.249
3.2e+09	-1.7e+07	-83.246
3.3e+09	-1.7e+07	-83.472
3.4e+09	-1.7e+07	-83.471
3.5e+09	-1.7e+07	-82.63
3.6e+09	-1.7e+07	-82.05
3.7e+09	-1.7e+07	-80.789
3.8e+09	-1.7e+07	-80.753
3.9e+09	-1.7e+07	-81.804
4e+09	-1.7e+07	-83.008
4.1e+09	-1.7e+07	-83.846
4.2e+09	-1.7e+07	-83.618
4.3e+09	-1.7e+07	-82.083
4.4e+09	-1.7e+07	-83.379
4e+08	-1.65e+07	-82.284
5e+08	-1.65e+07	-83.121
6e+08	-1.65e+07	-83.04
7e+08	-1.65e+07	-81.931
8e+08	-1.65e+07	-82.066
9e+08	-1.65e+07	-82.957
1e+09	-1.65e+07	-82.841
1.1e+09	-1.65e+07	-83.189
1.2e+09	-1.65e+07	-82.98
1.3e+09	-1.65e+07	-83.273
1.4e+09	-1.65e+07	-84.577
1.5e+09	-1.65e+07	-83.77
1.6e+09	-1.65e+07	-84.483
1.7e+09	-1.65e+07	-84.074
1.8e+09	-1.65e+07	-84.67
1.9e+09	-1.65e+07	-84.021
2e+09	-1.65e+07	-84.917
2.1e+09	-1.65e+07	-84.437
2.2e+09	-1.65e+07	-84.637
2.3e+09	-1.65e+07	-85.276
2.4e+09	-1.65e+07	-85.112
2.5e+09	-1.65e+07	-83.328
2.6e+09	-1.65e+07	-83.465
2.7e+09	-1.65e+07	-83.481
2.8e+09	-1.65e+07	-83.914
2.9e+09	-1.65e+07	-83.091
3e+09	-1.65e+07	-83.932
3.1e+09	-1.65e+07	-85.313
3.2e+09	-1.65e+07	-83.226
3.3e+09	-1.65e+07	-83.891
3.4e+09	-1.65e+07	-82.871
3.5e+09	-1.65e+07	-84.017
3.6e+09	-1.65e+07	-81.93
3.7e+09	-1.65e+07	-80.876
3.8e+09	-1.65e+07	-81.941
3.9e+09	-1.65e+07	-82.539
4e+09	-1.65e+07	-83.495
4.1e+09	-1.65e+07	-83.385
4.2e+09	-1.65e+07	-82.653
4.3e+09	-1.65e+07	-82.81
4.4e+09	-1.65e+07	-82.794
4e+08	-1.6e+07	-79.124
5e+08	-1.6e+07	-78.591
6e+08	-1.6e+07	-78.091
7e+08	-1.6e+07	-78.22
8e+08	-1.6e+07	-78.195
9e+08	-1.6e+07	-78.949
1e+09	-1.6e+07	-79.769
1.1e+09	-1.6e+07	-81.015
1.2e+09	-1.6e+07	-80.014
1.3e+09	-1.6e+07	-81.641
1.4e+09	-1.6e+07	-80.969
1.5e+09	-1.6e+07	-81.565
1.6e+09	-1.6e+07	-82.22
1.7e+09	-1.6e+07	-81.17
1.8e+09	-1.6e+07	-81.863
1.9e+09	-1.6e+07	-83.505
2e+09	-1.6e+07	-83.223
2.1e+09	-1.6e+07	-83.637
2.2e+09	-1.6e+07	-83.883
2.3e+09	-1.6e+07	-83.739
2.4e+09	-1.6e+07	-83.121
2.5e+09	-1.6e+07	-82.688
2.6e+09	-1.6e+07	-83.287
2.7e+09	-1.6e+07	-83.005
2.8e+09	-1.6e+07	-83.344
2.9e+09	-1.6e+07	-81.758
3e+09	-1.6e+07	-84.246
3.1e+09	-1.6e+07	-84.014
3.2e+09	-1.6e+07	-83.226
3.3e+09	-1.6e+07	-84.176
3.4e+09	-1.6e+07	-82.058
3.5e+09	-1.6e+07	-82.504
3.6e+09	-1.6e+07	-82.12
3.7e+09	-1.6e+07	-80.651
3.8e+09	-1.6e+07	-80.551
3.9e+09	-1.6e+07	-81.713
4e+09	-1.6e+07	-82.528
4.1e+09	-1.6e+07	-82.293
4.2e+09	-1.6e+07	-81.431
4.3e+09	-1.6e+07	-82.864
4.4e+09	-1.6e+07	-82.387
4e+08	-1.55e+07	-61.488
5e+08	-1.55e+07	-60.435
6e+08	-1.55e+07	-60.216
7e+08	-1.55e+07	-60.418
8e+08	-1.55e+07	-61.194
9e+08	-1.55e+07	-61.678
1e+09	-1.55e+07	-62.418
1.1e+09	-1.55e+07	-63.614
1.2e+09	-1.55e+07	-64.054
1.3e+09	-1.55e+07	-64.395
1.4e+09	-1.55e+07	-65.557
1.5e+09	-1.55e+07	-65.933
1.6e+09	-1.55e+07	-66.659
1.7e+09	-1.55e+07	-67.274
1.8e+09	-1.55e+07	-68.199
1.9e+09	-1.55e+07	-68.344
2e+09	-1.55e+07	-69.289
2.1e+09	-1.55e+07	-69.974
2.2e+09	-1.55e+07	-70.829
2.3e+09	-1.55e+07	-71.89
2.4e+09	-1.55e+07	-71.751
2.5e+09	-1.55e+07	-72.395
2.6e+09	-1.55e+07	-73.951
2.7e+09	-1.55e+07	-74.474
2.8e+09	-1.55e+07	-73.93
2.9e+09	-1.55e+07	-73.747
3e+09	-1.55e+07	-74.924
3.1e+09	-1.55e+07	-75.705
3.2e+09	-1.55e+07	-74.903
3.3e+09	-1.55e+07	-74.356
3.4e+09	-1.55e+07	-75.885
3.5e+09	-1.55e+07	-74.826
3.6e+09	-1.55e+07	-75.023
3.7e+09	-1.55e+07	-76.336
3.8e+09	-1.55e+07	-76.528
3.9e+09	-1.55e+07	-76.459
4e+09	-1.55e+07	-77.92
4.1e+09	-1.55e+07	-77.176
4.2e+09	-1.55e+07	-77.096
4.3e+09	-1.55e+07	-77.326
4.4e+09	-1.55e+07	-76.332
4e+08	-1.5e+07	-49.796
5e+08	-1.5e+07	-48.82
6e+08	-1.5e+07	-48.629
7e+08	-1.5e+07	-48.894
8e+08	-1.5e+07	-49.641
9e+08	-1.5e+07	-50.303
1e+09	-1.5e+07	-50.956
1.1e+09	-1.5e+07	-51.989
1.2e+09	-1.5e+07	-52.434
1.3e+09	-1.5e+07	-53.085
1.4e+09	-1.5e+07	-54.005
1.5e+09	-1.5e+07	-54.298
1.6e+09	-1.5e+07	-55.312
1.7e+09	-1.5e+07	-55.855
1.8e+09	-1.5e+07	-56.396
1.9e+09	-1.5e+07	-57.188
2e+09	-1.5e+07	-57.934
2.1e+09	-1.5e+07	-58.714
2.2e+09	-1.5e+07	-59.569
2.3e+09	-1.5e+07	-60.145
2.4e+09	-1.5e+07	-60.392
2.5e+09	-1.5e+07	-61.19
2.6e+09	-1.5e+07	-62.397
2.7e+09	-1.5e+07	-62.958
2.8e+09	-1.5e+07	-62.611
2.9e+09	-1.5e+07	-62.582
3e+09	-1.5e+07	-63.445
3.1e+09	-1.5e+07	-64.132
3.2e+09	-1.5e+07	-63.932
3.3e+09	-1.5e+07	-63.26
3.4e+09	-1.5e+07	-64.117
3.5e+09	-1.5e+07	-64.371
3.6e+09	-1.5e+07	-64.077
3.7e+09	-1.5e+07	-64.93
3.8e+09	-1.5e+07	-65.895
3.9e+09	-1.5e+07	-65.358
4e+09	-1.5e+07	-65.8
4.1e+09	-1.5e+07	-66.505
4.2e+09	-1.5e+07	-67.011
4.3e+09	-1.5e+07	-65.863
4.4e+09	-1.5e+07	-65.968
4e+08	-1.45e+07	-41.339
5e+08	-1.45e+07	-40.422
6e+08	-1.45e+07	-40.181
7e+08	-1.45e+07	-40.497
8e+08	-1.45e+07	-41.208
9e+08	-1.45e+07	-41.895
1e+09	-1.45e+07	-42.612
1.1e+09	-1.45e+07	-43.537
1.2e+09	-1.45e+07	-43.988
1.3e+09	-1.45e+07	-44.628
1.4e+09	-1.45e+07	-45.605
1.5e+09	-1.45e+07	-45.941
1.6e+09	-1.45e+07	-46.793
1.7e+09	-1.45e+07	-47.468
1.8e+09	-1.45e+07	-48.049
1.9e+09	-1.45e+07	-48.648
2e+09	-1.45e+07	-49.398
2.1e+09	-1.45e+07	-50.282
2.2e+09	-1.45e+07	-51.19
2.3e+09	-1.45e+07	-51.62
2.4e+09	-1.45e+07	-51.96
2.5e+09	-1.45e+07	-52.801
2.6e+09	-1.45e+07	-54.037
2.7e+09	-1.45e+07	-54.667
2.8e+09	-1.45e+07	-54.306
2.9e+09	-1.45e+07	-53.995
3e+09	-1.45e+07	-55.21
3.1e+09	-1.45e+07	-55.862
3.2e+09	-1.45e+07	-55.408
3.3e+09	-1.45e+07	-54.988
3.4e+09	-1.45e+07	-55.748
3.5e+09	-1.45e+07	-56.03
3.6e+09	-1.45e+07	-55.805
3.7e+09	-1.45e+07	-56.611
3.8e+09	-1.45e+07	-57.435
3.9e+09	-1.45e+07	-57.02
4e+09	-1.45e+07	-57.136
4.1e+09	-1.45e+07	-57.966
4.2e+09	-1.45e+07	-58.401
4.3e+09	-1.45e+07	-57.748
4.4e+09	-1.45e+07	-57.763
4e+08	-1.4e+07	-34.709
5e+08	-1.4e+07	-33.814
6e+08	-1.4e+07	-33.593
7e+08	-1.4e+07	-33.927
8e+08	-1.4e+07	-34.652
9e+08	-1.4e+07	-35.329
1e+09	-1.4e+07	-36.067
1.1e+09	-1.4e+07	-36.967
1.2e+09	-1.4e+07	-37.436
1.3e+09	-1.4e+07	-38.076
1.4e+09	-1.4e+07	-39.058
1.5e+09	-1.4e+07	-39.386
1.6e+09	-1.4e+07	-40.252
1.7e+09	-1.4e+07	-40.922
1.8e+09	-1.4e+07	-41.504
1.9e+09	-1.4e+07	-42.118
2e+09	-1.4e+07	-42.86
2.1e+09	-1.4e+07	-43.748
2.2e+09	-1.4e+07	-44.663
2.3e+09	-1.4e+07	-45.099
2.4e+09	-1.4e+07	-45.45
2.5e+09	-1.4e+07	-46.309
2.6e+09	-1.4e+07	-47.501
2.7e+09	-1.4e+07	-48.135
2.8e+09	-1.4e+07	-47.778
2.9e+09	-1.4e+07	-47.513
3e+09	-1.4e+07	-48.641
3.1e+09	-1.4e+07	-49.393
3.2e+09	-1.4e+07	-48.874
3.3e+09	-1.4e+07	-48.481
3.4e+09	-1.4e+07	-49.228
3.5e+09	-1.4e+07	-49.537
3.6e+09	-1.4e+07	-49.204
3.7e+09	-1.4e+07	-50.189
3.8e+09	-1.4e+07	-51.03
3.9e+09	-1.4e+07	-50.676
4e+09	-1.4e+07	-50.72
4.1e+09	-1.4e+07	-51.44
4.2e+09	-1.4e+07	-51.93
4.3e+09	-1.4e+07	-51.225
4.4e+09	-1.4e+07	-51.231
4e+08	-1.35e+07	-29.501
5e+08	-1.35e+07	-28.621
6e+08	-1.35e+07	-28.424
7e+08	-1.35e+07	-28.758
8e+08	-1.35e+07	-29.487
9e+08	-1.35e+07	-30.165
1e+09	-1.35e+07	-30.872
1.1e+09	-1.35e+07	-31.815
1.2e+09	-1.35e+07	-32.296
1.3e+09	-1.35e+07	-32.932
1.4e+09	-1.35e+07	-33.919
1.5e+09	-1.35e+07	-34.24
1.6e+09	-1.35e+07	-35.148
1.7e+09	-1.35e+07	-35.789
1.8e+09	-1.35e+07	-36.372
1.9e+09	-1.35e+07	-36.982
2e+09	-1.35e+07	-37.732
2.1e+09	-1.35e+07	-38.625
2.2e+09	-1.35e+07	-39.532
2.3e+09	-1.35e+07	-39.957
2.4e+09	-1.35e+07	-40.323
2.5e+09	-1.35e+07	-41.184
2.6e+09	-1.35e+07	-42.378
2.7e+09	-1.35e+07	-43.002
2.8e+09	-1.35e+07	-42.637
2.9e+09	-1.35e+07	-42.376
3e+09	-1.35e+07	-43.554
3.1e+09	-1.35e+07	-44.267
3.2e+09	-1.35e+07	-43.762
3.3e+09	-1.35e+07	-43.406
3.4e+09	-1.35e+07	-44.104
3.5e+09	-1.35e+07	-44.415
3.6e+09	-1.35e+07	-44.085
3.7e+09	-1.35e+07	-45.039
3.8e+09	-1.35e+07	-45.922
3.9e+09	-1.35e+07	-45.583
4e+09	-1.35e+07	-45.625
4.1e+09	-1.35e+07	-46.405
4.2e+09	-1.35e+07	-46.79
4.3e+09	-1.35e+07	-46.154
4.4e+09	-1.35e+07	-46.104
4e+08	-1.3e+07	-25.42
5e+08	-1.3e+07	-24.563
6e+08	-1.3e+07	-24.373
7e+08	-1.3e+07	-24.721
8e+08	-1.3e+07	-25.454
9e+08	-1.3e+07	-26.136
1e+09	-1.3e+07	-26.798
1.1e+09	-1.3e+07	-27.792
1.2e+09	-1.3e+07	-28.263
1.3e+09	-1.3e+07	-28.904
1.4e+09	-1.3e+07	-29.877
1.5e+09	-1.3e+07	-30.217
1.6e+09	-1.3e+07	-31.117
1.7e+09	-1.3e+07	-31.764
1.8e+09	-1.3e+07	-32.353
1.9e+09	-1.3e+07	-32.966
2e+09	-1.3e+07	-33.735
2.1e+09	-1.3e+07	-34.607
2.2e+09	-1.3e+07	-35.527
2.3e+09	-1.3e+07	-35.94
2.4e+09	-1.3e+07	-36.332
2.5e+09	-1.3e+07	-37.184
2.6e+09	-1.3e+07	-38.356
2.7e+09	-1.3e+07	-38.99
2.8e+09	-1.3e+07	-38.623
2.9e+09	-1.3e+07	-38.374
3e+09	-1.3e+07	-39.551
3.1e+09	-1.3e+07	-40.251
3.2e+09	-1.3e+07	-39.729
3.3e+09	-1.3e+07	-39.373
3.4e+09	-1.3e+07	-40.092
3.5e+09	-1.3e+07	-40.401
3.6e+09	-1.3e+07	-40.046
3.7e+09	-1.3e+07	-41.04
3.8e+09	-1.3e+07	-41.887
3.9e+09	-1.3e+07	-41.556
4e+09	-1.3e+07	-41.62
4.1e+09	-1.3e+07	-42.399
4.2e+09	-1.3e+07	-42.777
4.3e+09	-1.3e+07	-42.146
4.4e+09	-1.3e+07	-42.113
4e+08	-1.25e+07	-22.217
5e+08	-1.25e+07	-21.402
6e+08	-1.25e+07	-21.257
7e+08	-1.25e+07	-21.622
8e+08	-1.25e+07	-22.356
9e+08	-1.25e+07	-23.046
1e+09	-1.25e+07	-23.712
1.1e+09	-1.25e+07	-24.707
1.2e+09	-1.25e+07	-25.186
1.3e+09	-1.25e+07	-25.829
1.4e+09	-1.25e+07	-26.81
1.5e+09	-1.25e+07	-27.148
1.6e+09	-1.25e+07	-28.049
1.7e+09	-1.25e+07	-28.696
1.8e+09	-1.25e+07	-29.278
1.9e+09	-1.25e+07	-29.902
2e+09	-1.25e+07	-30.668
2.1e+09	-1.25e+07	-31.547
2.2e+09	-1.25e+07	-32.459
2.3e+09	-1.25e+07	-32.878
2.4e+09	-1.25e+07	-33.297
2.5e+09	-1.25e+07	-34.107
2.6e+09	-1.25e+07	-35.304
2.7e+09	-1.25e+07	-35.922
2.8e+09	-1.25e+07	-35.535
2.9e+09	-1.25e+07	-35.313
3e+09	-1.25e+07	-36.477
3.1e+09	-1.25e+07	-37.171
3.2e+09	-1.25e+07	-36.658
3.3e+09	-1.25e+07	-36.31
3.4e+09	-1.25e+07	-37.009
3.5e+09	-1.25e+07	-37.327
3.6e+09	-1.25e+07	-36.952
3.7e+09	-1.25e+07	-37.957
3.8e+09	-1.25e+07	-38.818
3.9e+09	-1.25e+07	-38.473
4e+09	-1.25e+07	-38.532
4.1e+09	-1.25e+07	-39.321
4.2e+09	-1.25e+07	-39.675
4.3e+09	-1.25e+07	-39.047
4.4e+09	-1.25e+07	-39.017
4e+08	-1.2e+07	-19.956
5e+08	-1.2e+07	-19.114
6e+08	-1.2e+07	-18.935
7e+08	-1.2e+07	-19.293
8e+08	-1.2e+07	-20.018
9e+08	-1.2e+07	-20.703
1e+09	-1.2e+07	-21.365
1.1e+09	-1.2e+07	-22.356
1.2e+09	-1.2e+07	-22.831
1.3e+09	-1.2e+07	-23.467
1.4e+09	-1.2e+07	-24.442
1.5e+09	-1.2e+07	-24.791
1.6e+09	-1.2e+07	-25.699
1.7e+09	-1.2e+07	-26.348
1.8e+09	-1.2e+07	-26.93
1.9e+09	-1.2e+07	-27.553
2e+09	-1.2e+07	-28.319
2.1e+09	-1.2e+07	-29.197
2.2e+09	-1.2e+07	-30.108
2.3e+09	-1.2e+07	-30.517
2.4e+09	-1.2e+07	-30.935
2.5e+09	-1.2e+07	-31.758
2.6e+09	-1.2e+07	-32.957
2.7e+09	-1.2e+07	-33.564
2.8e+09	-1.2e+07	-33.179
2.9e+09	-1.2e+07	-32.962
3e+09	-1.2e+07	-34.141
3.1e+09	-1.2e+07	-34.835
3.2e+09	-1.2e+07	-34.311
3.3e+09	-1.2e+07	-33.973
3.4e+09	-1.2e+07	-34.671
3.5e+09	-1.2e+07	-34.983
3.6e+09	-1.2e+07	-34.588
3.7e+09	-1.2e+07	-35.619
3.8e+09	-1.2e+07	-36.482
3.9e+09	-1.2e+07	-36.138
4e+09	-1.2e+07	-36.219
4.1e+09	-1.2e+07	-36.992
4.2e+09	-1.2e+07	-37.354
4.3e+09	-1.2e+07	-36.708
4.4e+09	-1.2e+07	-36.685
4e+08	-1.15e+07	-18.297
5e+08	-1.15e+07	-17.453
6e+08	-1.15e+07	-17.275
7e+08	-1.15e+07	-17.634
8e+08	-1.15e+07	-18.36
9e+08	-1.15e+07	-19.044
1e+09	-1.15e+07	-19.704
1.1e+09	-1.15e+07	-20.692
1.2e+09	-1.15e+07	-21.166
1.3e+09	-1.15e+07	-21.804
1.4e+09	-1.15e+07	-22.791
1.5e+09	-1.15e+07	-23.126
1.6e+09	-1.15e+07	-24.032
1.7e+09	-1.15e+07	-24.682
1.8e+09	-1.15e+07	-25.261
1.9e+09	-1.15e+07	-25.887
2e+09	-1.15e+07	-26.649
2.1e+09	-1.15e+07	-27.532
2.2e+09	-1.15e+07	-28.445
2.3e+09	-1.15e+07	-28.845
2.4e+09	-1.15e+07	-29.27
2.5e+09	-1.15e+07	-30.088
2.6e+09	-1.15e+07	-31.286
2.7e+09	-1.15e+07	-31.892
2.8e+09	-1.15e+07	-31.498
2.9e+09	-1.15e+07	-31.29
3e+09	-1.15e+07	-32.468
3.1e+09	-1.15e+07	-33.155
3.2e+09	-1.15e+07	-32.633
3.3e+09	-1.15e+07	-32.298
3.4e+09	-1.15e+07	-33.006
3.5e+09	-1.15e+07	-33.316
3.6e+09	-1.15e+07	-33.815
3.7e+09	-1.15e+07	-33.947
3.8e+09	-1.15e+07	-34.807
3.9e+09	-1.15e+07	-34.463
4e+09	-1.15e+07	-34.538
4.1e+09	-1.15e+07	-35.328
4.2e+09	-1.15e+07	-35.671
4.3e+09	-1.15e+07	-35.041
4.4e+09	-1.15e+07	-35.018
4e+08	-1.1e+07	-17.187
5e+08	-1.1e+07	-16.337
6e+08	-1.1e+07	-16.159
7e+08	-1.1e+07	-16.518
8e+08	-1.1e+07	-17.232
9e+08	-1.1e+07	-17.923
1e+09	-1.1e+07	-18.584
1.1e+09	-1.1e+07	-19.571
1.2e+09	-1.1e+07	-20.043
1.3e+09	-1.1e+07	-20.675
1.4e+09	-1.1e+07	-21.662
1.5e+09	-1.1e+07	-21.998
1.6e+09	-1.1e+07	-22.906
1.7e+09	-1.1e+07	-23.553
1.8e+09	-1.1e+07	-24.131
1.9e+09	-1.1e+07	-24.753
2e+09	-1.1e+07	-25.52
2.1e+09	-1.1e+07	-26.402
2.2e+09	-1.1e+07	-27.312
2.3e+09	-1.1e+07	-27.707
2.4e+09	-1.1e+07	-28.14
2.5e+09	-1.1e+07	-28.957
2.6e+09	-1.1e+07	-30.156
2.7e+09	-1.1e+07	-30.757
2.8e+09	-1.1e+07	-30.353
2.9e+09	-1.1e+07	-30.154
3e+09	-1.1e+07	-31.336
3.1e+09	-1.1e+07	-32.022
3.2e+09	-1.1e+07	-31.49
3.3e+09	-1.1e+07	-31.158
3.4e+09	-1.1e+07	-31.865
3.5e+09	-1.1e+07	-32.167
3.6e+09	-1.1e+07	-32.664
3.7e+09	-1.1e+07	-32.804
3.8e+09	-1.1e+07	-33.661
3.9e+09	-1.1e+07	-33.328
4e+09	-1.1e+07	-33.401
4.1e+09	-1.1e+07	-34.185
4.2e+09	-1.1e+07	-34.538
4.3e+09	-1.1e+07	-33.899
4.4e+09	-1.1e+07	-33.878
4e+08	-1.05e+07	-16.499
5e+08	-1.05e+07	-15.643
6e+08	-1.05e+07	-15.464
7e+08	-1.05e+07	-15.822
8e+08	-1.05e+07	-16.522
9e+08	-1.05e+07	-17.224
1e+09	-1.05e+07	-17.882
1.1e+09	-1.05e+07	-18.868
1.2e+09	-1.05e+07	-19.339
1.3e+09	-1.05e+07	-19.969
1.4e+09	-1.05e+07	-20.952
1.5e+09	-1.05e+07	-21.291
1.6e+09	-1.05e+07	-22.197
1.7e+09	-1.05e+07	-22.848
1.8e+09	-1.05e+07	-23.419
1.9e+09	-1.05e+07	-24.043
2e+09	-1.05e+07	-24.801
2.1e+09	-1.05e+07	-25.69
2.2e+09	-1.05e+07	-26.598
2.3e+09	-1.05e+07	-26.989
2.4e+09	-1.05e+07	-27.422
2.5e+09	-1.05e+07	-28.245
2.6e+09	-1.05e+07	-29.445
2.7e+09	-1.05e+07	-30.038
2.8e+09	-1.05e+07	-29.627
2.9e+09	-1.05e+07	-29.436
3e+09	-1.05e+07	-30.615
3.1e+09	-1.05e+07	-31.302
3.2e+09	-1.05e+07	-30.761
3.3e+09	-1.05e+07	-30.442
3.4e+09	-1.05e+07	-31.148
3.5e+09	-1.05e+07	-31.439
3.6e+09	-1.05e+07	-31.934
3.7e+09	-1.05e+07	-32.097
3.8e+09	-1.05e+07	-32.945
3.9e+09	-1.05e+07	-32.592
4e+09	-1.05e+07	-32.679
4.1e+09	-1.05e+07	-33.463
4.2e+09	-1.05e+07	-33.811
4.3e+09	-1.05e+07	-33.166
4.4e+09	-1.05e+07	-33.16
4e+08	-1e+07	-16.104
5e+08	-1e+07	-15.245
6e+08	-1e+07	-15.064
7e+08	-1e+07	-15.421
8e+08	-1e+07	-16.117
9e+08	-1e+07	-16.818
1e+09	-1e+07	-17.476
1.1e+09	-1e+07	-18.462
1.2e+09	-1e+07	-18.929
1.3e+09	-1e+07	-19.56
1.4e+09	-1e+07	-20.541
1.5e+09	-1e+07	-20.878
1.6e+09	-1e+07	-21.785
1.7e+09	-1e+07	-22.336
1.8e+09	-1e+07	-23.001
1.9e+09	-1e+07	-23.632
2e+09	-1e+07	-24.385
2.1e+09	-1e+07	-25.276
2.2e+09	-1e+07	-26.18
2.3e+09	-1e+07	-26.574
2.4e+09	-1e+07	-27.006
2.5e+09	-1e+07	-27.83
2.6e+09	-1e+07	-29.025
2.7e+09	-1e+07	-29.623
2.8e+09	-1e+07	-29.202
2.9e+09	-1e+07	-29.021
3e+09	-1e+07	-30.202
3.1e+09	-1e+07	-30.879
3.2e+09	-1e+07	-30.335
3.3e+09	-1e+07	-30.021
3.4e+09	-1e+07	-30.727
3.5e+09	-1e+07	-31.019
3.6e+09	-1e+07	-31.552
3.7e+09	-1e+07	-31.677
3.8e+09	-1e+07	-32.515
3.9e+09	-1e+07	-32.173
4e+09	-1e+07	-32.263
4.1e+09	-1e+07	-33.042
4.2e+09	-1e+07	-33.392
4.3e+09	-1e+07	-32.747
4.4e+09	-1e+07	-32.735
4e+08	-9.5e+06	-15.911
5e+08	-9.5e+06	-15.051
6e+08	-9.5e+06	-14.87
7e+08	-9.5e+06	-15.228
8e+08	-9.5e+06	-15.938
9e+08	-9.5e+06	-16.624
1e+09	-9.5e+06	-17.283
1.1e+09	-9.5e+06	-18.264
1.2e+09	-9.5e+06	-18.731
1.3e+09	-9.5e+06	-19.359
1.4e+09	-9.5e+06	-20.341
1.5e+09	-9.5e+06	-20.68
1.6e+09	-9.5e+06	-21.586
1.7e+09	-9.5e+06	-22.137
1.8e+09	-9.5e+06	-22.799
1.9e+09	-9.5e+06	-23.429
2e+09	-9.5e+06	-24.187
2.1e+09	-9.5e+06	-25.075
2.2e+09	-9.5e+06	-25.978
2.3e+09	-9.5e+06	-26.37
2.4e+09	-9.5e+06	-26.805
2.5e+09	-9.5e+06	-27.625
2.6e+09	-9.5e+06	-28.828
2.7e+09	-9.5e+06	-29.416
2.8e+09	-9.5e+06	-28.991
2.9e+09	-9.5e+06	-28.818
3e+09	-9.5e+06	-30.001
3.1e+09	-9.5e+06	-30.672
3.2e+09	-9.5e+06	-30.123
3.3e+09	-9.5e+06	-29.817
3.4e+09	-9.5e+06	-30.522
3.5e+09	-9.5e+06	-30.809
3.6e+09	-9.5e+06	-31.318
3.7e+09	-9.5e+06	-31.473
3.8e+09	-9.5e+06	-32.312
3.9e+09	-9.5e+06	-31.966
4e+09	-9.5e+06	-32.061
4.1e+09	-9.5e+06	-32.836
4.2e+09	-9.5e+06	-33.182
4.3e+09	-9.5e+06	-32.535
4.4e+09	-9.5e+06	-32.529
4e+08	-9e+06	-15.814
5e+08	-9e+06	-14.955
6e+08	-9e+06	-14.776
7e+08	-9e+06	-15.137
8e+08	-9e+06	-15.851
9e+08	-9e+06	-16.53
1e+09	-9e+06	-17.277
1.1e+09	-9e+06	-18.17
1.2e+09	-9e+06	-18.635
1.3e+09	-9e+06	-19.262
1.4e+09	-9e+06	-20.244
1.5e+09	-9e+06	-20.584
1.6e+09	-9e+06	-21.49
1.7e+09	-9e+06	-22.139
1.8e+09	-9e+06	-22.7
1.9e+09	-9e+06	-23.333
2e+09	-9e+06	-24.089
2.1e+09	-9e+06	-24.979
2.2e+09	-9e+06	-25.881
2.3e+09	-9e+06	-26.274
2.4e+09	-9e+06	-26.704
2.5e+09	-9e+06	-27.53
2.6e+09	-9e+06	-28.734
2.7e+09	-9e+06	-29.316
2.8e+09	-9e+06	-28.884
2.9e+09	-9e+06	-28.721
3e+09	-9e+06	-29.908
3.1e+09	-9e+06	-30.571
3.2e+09	-9e+06	-30.012
3.3e+09	-9e+06	-29.717
3.4e+09	-9e+06	-30.422
3.5e+09	-9e+06	-30.698
3.6e+09	-9e+06	-31.198
3.7e+09	-9e+06	-31.387
3.8e+09	-9e+06	-32.199
3.9e+09	-9e+06	-31.859
4e+09	-9e+06	-31.964
4.1e+09	-9e+06	-32.734
4.2e+09	-9e+06	-33.078
4.3e+09	-9e+06	-32.427
4.4e+09	-9e+06	-32.433
4e+08	-8.5e+06	-15.76
5e+08	-8.5e+06	-14.903
6e+08	-8.5e+06	-14.729
7e+08	-8.5e+06	-15.091
8e+08	-8.5e+06	-15.805
9e+08	-8.5e+06	-16.483
1e+09	-8.5e+06	-17.229
1.1e+09	-8.5e+06	-18.123
1.2e+09	-8.5e+06	-18.587
1.3e+09	-8.5e+06	-19.214
1.4e+09	-8.5e+06	-20.195
1.5e+09	-8.5e+06	-20.537
1.6e+09	-8.5e+06	-21.442
1.7e+09	-8.5e+06	-22.091
1.8e+09	-8.5e+06	-22.651
1.9e+09	-8.5e+06	-23.286
2e+09	-8.5e+06	-24.039
2.1e+09	-8.5e+06	-24.931
2.2e+09	-8.5e+06	-25.835
2.3e+09	-8.5e+06	-26.228
2.4e+09	-8.5e+06	-26.658
2.5e+09	-8.5e+06	-27.478
2.6e+09	-8.5e+06	-28.689
2.7e+09	-8.5e+06	-29.267
2.8e+09	-8.5e+06	-28.826
2.9e+09	-8.5e+06	-28.675
3e+09	-8.5e+06	-29.864
3.1e+09	-8.5e+06	-30.521
3.2e+09	-8.5e+06	-29.957
3.3e+09	-8.5e+06	-29.666
3.4e+09	-8.5e+06	-30.378
3.5e+09	-8.5e+06	-30.631
3.6e+09	-8.5e+06	-31.126
3.7e+09	-8.5e+06	-31.342
3.8e+09	-8.5e+06	-32.155
3.9e+09	-8.5e+06	-31.804
4e+09	-8.5e+06	-31.916
4.1e+09	-8.5e+06	-32.692
4.2e+09	-8.5e+06	-33.024
4.3e+09	-8.5e+06	-32.378
4.4e+09	-8.5e+06	-32.38
4e+08	-8e+06	-15.723
5e+08	-8e+06	-14.867
6e+08	-8e+06	-14.63
7e+08	-8e+06	-15.062
8e+08	-8e+06	-15.775
9e+08	-8e+06	-16.453
1e+09	-8e+06	-17.197
1.1e+09	-8e+06	-18.094
1.2e+09	-8e+06	-18.557
1.3e+09	-8e+06	-19.181
1.4e+09	-8e+06	-20.164
1.5e+09	-8e+06	-20.508
1.6e+09	-8e+06	-21.411
1.7e+09	-8e+06	-22.061
1.8e+09	-8e+06	-22.616
1.9e+09	-8e+06	-23.254
2e+09	-8e+06	-24.009
2.1e+09	-8e+06	-24.902
2.2e+09	-8e+06	-25.801
2.3e+09	-8e+06	-26.202
2.4e+09	-8e+06	-26.628
2.5e+09	-8e+06	-27.444
2.6e+09	-8e+06	-28.661
2.7e+09	-8e+06	-29.231
2.8e+09	-8e+06	-28.782
2.9e+09	-8e+06	-28.641
3e+09	-8e+06	-29.83
3.1e+09	-8e+06	-30.487
3.2e+09	-8e+06	-29.919
3.3e+09	-8e+06	-29.632
3.4e+09	-8e+06	-30.344
3.5e+09	-8e+06	-30.618
3.6e+09	-8e+06	-31.019
3.7e+09	-8e+06	-31.305
3.8e+09	-8e+06	-32.123
3.9e+09	-8e+06	-31.768
4e+09	-8e+06	-31.881
4.1e+09	-8e+06	-32.656
4.2e+09	-8e+06	-32.982
4.3e+09	-8e+06	-32.34
4.4e+09	-8e+06	-32.346
4e+08	-7.5e+06	-15.684
5e+08	-7.5e+06	-14.832
6e+08	-7.5e+06	-14.595
7e+08	-7.5e+06	-15.032
8e+08	-7.5e+06	-15.743
9e+08	-7.5e+06	-16.422
1e+09	-7.5e+06	-17.167
1.1e+09	-7.5e+06	-18.062
1.2e+09	-7.5e+06	-18.524
1.3e+09	-7.5e+06	-19.147
1.4e+09	-7.5e+06	-20.132
1.5e+09	-7.5e+06	-20.476
1.6e+09	-7.5e+06	-21.378
1.7e+09	-7.5e+06	-22.03
1.8e+09	-7.5e+06	-22.563
1.9e+09	-7.5e+06	-23.224
2e+09	-7.5e+06	-23.975
2.1e+09	-7.5e+06	-24.872
2.2e+09	-7.5e+06	-25.771
2.3e+09	-7.5e+06	-26.174
2.4e+09	-7.5e+06	-26.594
2.5e+09	-7.5e+06	-27.413
2.6e+09	-7.5e+06	-28.624
2.7e+09	-7.5e+06	-29.2
2.8e+09	-7.5e+06	-28.741
2.9e+09	-7.5e+06	-28.613
3e+09	-7.5e+06	-29.803
3.1e+09	-7.5e+06	-30.455
3.2e+09	-7.5e+06	-29.881
3.3e+09	-7.5e+06	-29.597
3.4e+09	-7.5e+06	-30.312
3.5e+09	-7.5e+06	-30.579
3.6e+09	-7.5e+06	-31.023
3.7e+09	-7.5e+06	-31.278
3.8e+09	-7.5e+06	-32.077
3.9e+09	-7.5e+06	-31.731
4e+09	-7.5e+06	-31.854
4.1e+09	-7.5e+06	-32.623
4.2e+09	-7.5e+06	-32.948
4.3e+09	-7.5e+06	-32.303
4.4e+09	-7.5e+06	-32.315
4e+08	-7e+06	-15.66
5e+08	-7e+06	-14.81
6e+08	-7e+06	-14.577
7e+08	-7e+06	-15.017
8e+08	-7e+06	-15.728
9e+08	-7e+06	-16.406
1e+09	-7e+06	-17.154
1.1e+09	-7e+06	-18.048
1.2e+09	-7e+06	-18.511
1.3e+09	-7e+06	-19.133
1.4e+09	-7e+06	-20.117
1.5e+09	-7e+06	-20.462
1.6e+09	-7e+06	-21.365
1.7e+09	-7e+06	-22.016
1.8e+09	-7e+06	-22.543
1.9e+09	-7e+06	-23.149
2e+09	-7e+06	-23.958
2.1e+09	-7e+06	-24.858
2.2e+09	-7e+06	-25.756
2.3e+09	-7e+06	-26.165
2.4e+09	-7e+06	-26.577
2.5e+09	-7e+06	-27.398
2.6e+09	-7e+06	-28.608
2.7e+09	-7e+06	-29.176
2.8e+09	-7e+06	-28.716
2.9e+09	-7e+06	-28.594
3e+09	-7e+06	-29.787
3.1e+09	-7e+06	-30.435
3.2e+09	-7e+06	-29.856
3.3e+09	-7e+06	-29.586
3.4e+09	-7e+06	-30.296
3.5e+09	-7e+06	-30.562
3.6e+09	-7e+06	-30.983
3.7e+09	-7e+06	-31.263
3.8e+09	-7e+06	-32.057
3.9e+09	-7e+06	-31.708
4e+09	-7e+06	-31.838
4.1e+09	-7e+06	-32.609
4.2e+09	-7e+06	-32.931
4.3e+09	-7e+06	-32.273
4.4e+09	-7e+06	-32.298
4e+08	-6.5e+06	-15.636
5e+08	-6.5e+06	-14.789
6e+08	-6.5e+06	-14.559
7e+08	-6.5e+06	-15.002
8e+08	-6.5e+06	-15.713
9e+08	-6.5e+06	-16.392
1e+09	-6.5e+06	-17.139
1.1e+09	-6.5e+06	-18.034
1.2e+09	-6.5e+06	-18.494
1.3e+09	-6.5e+06	-19.115
1.4e+09	-6.5e+06	-20.099
1.5e+09	-6.5e+06	-20.446
1.6e+09	-6.5e+06	-21.35
1.7e+09	-6.5e+06	-21.998
1.8e+09	-6.5e+06	-22.548
1.9e+09	-6.5e+06	-23.07
2e+09	-6.5e+06	-23.942
2.1e+09	-6.5e+06	-24.843
2.2e+09	-6.5e+06	-25.739
2.3e+09	-6.5e+06	-26.157
2.4e+09	-6.5e+06	-26.566
2.5e+09	-6.5e+06	-27.377
2.6e+09	-6.5e+06	-28.597
2.7e+09	-6.5e+06	-29.165
2.8e+09	-6.5e+06	-28.693
2.9e+09	-6.5e+06	-28.591
3e+09	-6.5e+06	-29.769
3.1e+09	-6.5e+06	-30.41
3.2e+09	-6.5e+06	-29.835
3.3e+09	-6.5e+06	-29.562
3.4e+09	-6.5e+06	-30.283
3.5e+09	-6.5e+06	-30.543
3.6e+09	-6.5e+06	-30.945
3.7e+09	-6.5e+06	-31.254
3.8e+09	-6.5e+06	-32.035
3.9e+09	-6.5e+06	-31.694
4e+09	-6.5e+06	-31.826
4.1e+09	-6.5e+06	-32.588
4.2e+09	-6.5e+06	-32.909
4.3e+09	-6.5e+06	-32.266
4.4e+09	-6.5e+06	-32.284
4e+08	-6e+06	-15.617
5e+08	-6e+06	-14.771
6e+08	-6e+06	-14.481
7e+08	-6e+06	-14.991
8e+08	-6e+06	-15.701
9e+08	-6e+06	-16.382
1e+09	-6e+06	-17.128
1.1e+09	-6e+06	-18.022
1.2e+09	-6e+06	-18.482
1.3e+09	-6e+06	-19.103
1.4e+09	-6e+06	-20.087
1.5e+09	-6e+06	-20.436
1.6e+09	-6e+06	-21.336
1.7e+09	-6e+06	-21.991
1.8e+09	-6e+06	-22.534
1.9e+09	-6e+06	-23.125
2e+09	-6e+06	-23.93
2.1e+09	-6e+06	-24.83
2.2e+09	-6e+06	-25.731
2.3e+09	-6e+06	-26.155
2.4e+09	-6e+06	-26.555
2.5e+09	-6e+06	-27.37
2.6e+09	-6e+06	-28.589
2.7e+09	-6e+06	-29.153
2.8e+09	-6e+06	-28.676
2.9e+09	-6e+06	-28.58
3e+09	-6e+06	-29.763
3.1e+09	-6e+06	-30.401
3.2e+09	-6e+06	-29.811
3.3e+09	-6e+06	-29.554
3.4e+09	-6e+06	-30.269
3.5e+09	-6e+06	-30.524
3.6e+09	-6e+06	-30.902
3.7e+09	-6e+06	-31.241
3.8e+09	-6e+06	-32.011
3.9e+09	-6e+06	-31.67
4e+09	-6e+06	-31.814
4.1e+09	-6e+06	-32.58
4.2e+09	-6e+06	-32.894
4.3e+09	-6e+06	-32.218
4.4e+09	-6e+06	-32.268
4e+08	-5.5e+06	-15.598
5e+08	-5.5e+06	-14.748
6e+08	-5.5e+06	-14.432
7e+08	-5.5e+06	-14.982
8e+08	-5.5e+06	-15.691
9e+08	-5.5e+06	-16.37
1e+09	-5.5e+06	-17.12
1.1e+09	-5.5e+06	-18.013
1.2e+09	-5.5e+06	-18.471
1.3e+09	-5.5e+06	-19.091
1.4e+09	-5.5e+06	-20.076
1.5e+09	-5.5e+06	-20.426
1.6e+09	-5.5e+06	-21.326
1.7e+09	-5.5e+06	-22.054
1.8e+09	-5.5e+06	-22.522
1.9e+09	-5.5e+06	-23.175
2e+09	-5.5e+06	-23.921
2.1e+09	-5.5e+06	-24.803
2.2e+09	-5.5e+06	-25.72
2.3e+09	-5.5e+06	-26.155
2.4e+09	-5.5e+06	-26.543
2.5e+09	-5.5e+06	-27.359
2.6e+09	-5.5e+06	-28.581
2.7e+09	-5.5e+06	-29.135
2.8e+09	-5.5e+06	-28.652
2.9e+09	-5.5e+06	-28.573
3e+09	-5.5e+06	-29.751
3.1e+09	-5.5e+06	-30.385
3.2e+09	-5.5e+06	-29.797
3.3e+09	-5.5e+06	-29.538
3.4e+09	-5.5e+06	-30.259
3.5e+09	-5.5e+06	-30.512
3.6e+09	-5.5e+06	-30.87
3.7e+09	-5.5e+06	-31.235
3.8e+09	-5.5e+06	-32
3.9e+09	-5.5e+06	-31.653
4e+09	-5.5e+06	-31.808
4.1e+09	-5.5e+06	-32.569
4.2e+09	-5.5e+06	-32.874
4.3e+09	-5.5e+06	-32.222
4.4e+09	-5.5e+06	-32.264
4e+08	-5e+06	-15.576
5e+08	-5e+06	-14.737
6e+08	-5e+06	-14.517
7e+08	-5e+06	-14.968
8e+08	-5e+06	-15.677
9e+08	-5e+06	-16.356
1e+09	-5e+06	-17.107
1.1e+09	-5e+06	-17.999
1.2e+09	-5e+06	-18.457
1.3e+09	-5e+06	-19.076
1.4e+09	-5e+06	-20.062
1.5e+09	-5e+06	-20.414
1.6e+09	-5e+06	-21.312
1.7e+09	-5e+06	-22.037
1.8e+09	-5e+06	-22.504
1.9e+09	-5e+06	-23.16
2e+09	-5e+06	-23.906
2.1e+09	-5e+06	-24.801
2.2e+09	-5e+06	-25.705
2.3e+09	-5e+06	-26.15
2.4e+09	-5e+06	-26.531
2.5e+09	-5e+06	-27.345
2.6e+09	-5e+06	-28.568
2.7e+09	-5e+06	-29.122
2.8e+09	-5e+06	-28.632
2.9e+09	-5e+06	-28.556
3e+09	-5e+06	-29.735
3.1e+09	-5e+06	-30.367
3.2e+09	-5e+06	-29.775
3.3e+09	-5e+06	-29.524
3.4e+09	-5e+06	-30.242
3.5e+09	-5e+06	-30.492
3.6e+09	-5e+06	-30.834
3.7e+09	-5e+06	-31.231
3.8e+09	-5e+06	-31.983
3.9e+09	-5e+06	-31.639
4e+09	-5e+06	-31.795
4.1e+09	-5e+06	-32.556
4.2e+09	-5e+06	-32.85
4.3e+09	-5e+06	-32.191
4.4e+09	-5e+06	-32.245
4e+08	-4.5e+06	-15.564
5e+08	-4.5e+06	-14.73
6e+08	-4.5e+06	-14.514
7e+08	-4.5e+06	-14.966
8e+08	-4.5e+06	-15.675
9e+08	-4.5e+06	-16.343
1e+09	-4.5e+06	-17.107
1.1e+09	-4.5e+06	-17.998
1.2e+09	-4.5e+06	-18.456
1.3e+09	-4.5e+06	-19.072
1.4e+09	-4.5e+06	-20.06
1.5e+09	-4.5e+06	-20.411
1.6e+09	-4.5e+06	-21.309
1.7e+09	-4.5e+06	-22.036
1.8e+09	-4.5e+06	-22.501
1.9e+09	-4.5e+06	-23.157
2e+09	-4.5e+06	-23.904
2.1e+09	-4.5e+06	-24.81
2.2e+09	-4.5e+06	-25.704
2.3e+09	-4.5e+06	-26.158
2.4e+09	-4.5e+06	-26.528
2.5e+09	-4.5e+06	-27.342
2.6e+09	-4.5e+06	-28.568
2.7e+09	-4.5e+06	-29.115
2.8e+09	-4.5e+06	-28.625
2.9e+09	-4.5e+06	-28.556
3e+09	-4.5e+06	-29.739
3.1e+09	-4.5e+06	-30.363
3.2e+09	-4.5e+06	-29.771
3.3e+09	-4.5e+06	-29.523
3.4e+09	-4.5e+06	-30.246
3.5e+09	-4.5e+06	-30.494
3.6e+09	-4.5e+06	-30.814
3.7e+09	-4.5e+06	-31.231
3.8e+09	-4.5e+06	-31.976
3.9e+09	-4.5e+06	-31.627
4e+09	-4.5e+06	-31.794
4.1e+09	-4.5e+06	-32.546
4.2e+09	-4.5e+06	-32.846
4.3e+09	-4.5e+06	-32.199
4.4e+09	-4.5e+06	-32.241
4e+08	-4e+06	-15.55
5e+08	-4e+06	-14.719
6e+08	-4e+06	-14.507
7e+08	-4e+06	-14.962
8e+08	-4e+06	-15.672
9e+08	-4e+06	-16.35
1e+09	-4e+06	-17.102
1.1e+09	-4e+06	-17.993
1.2e+09	-4e+06	-18.451
1.3e+09	-4e+06	-19.068
1.4e+09	-4e+06	-20.052
1.5e+09	-4e+06	-20.408
1.6e+09	-4e+06	-21.303
1.7e+09	-4e+06	-22.03
1.8e+09	-4e+06	-22.495
1.9e+09	-4e+06	-23.152
2e+09	-4e+06	-23.901
2.1e+09	-4e+06	-24.806
2.2e+09	-4e+06	-25.702
2.3e+09	-4e+06	-26.162
2.4e+09	-4e+06	-26.526
2.5e+09	-4e+06	-27.337
2.6e+09	-4e+06	-28.563
2.7e+09	-4e+06	-29.108
2.8e+09	-4e+06	-28.61
2.9e+09	-4e+06	-28.558
3e+09	-4e+06	-29.737
3.1e+09	-4e+06	-30.35
3.2e+09	-4e+06	-29.759
3.3e+09	-4e+06	-29.511
3.4e+09	-4e+06	-30.236
3.5e+09	-4e+06	-30.481
3.6e+09	-4e+06	-30.777
3.7e+09	-4e+06	-31.221
3.8e+09	-4e+06	-31.962
3.9e+09	-4e+06	-31.623
4e+09	-4e+06	-31.796
4.1e+09	-4e+06	-32.549
4.2e+09	-4e+06	-32.834
4.3e+09	-4e+06	-32.187
4.4e+09	-4e+06	-32.242
4e+08	-3.5e+06	-15.537
5e+08	-3.5e+06	-14.709
6e+08	-3.5e+06	-14.5
7e+08	-3.5e+06	-14.958
8e+08	-3.5e+06	-15.663
9e+08	-3.5e+06	-16.347
1e+09	-3.5e+06	-17.1
1.1e+09	-3.5e+06	-17.99
1.2e+09	-3.5e+06	-18.447
1.3e+09	-3.5e+06	-19.062
1.4e+09	-3.5e+06	-19.647
1.5e+09	-3.5e+06	-20.404
1.6e+09	-3.5e+06	-21.299
1.7e+09	-3.5e+06	-22.023
1.8e+09	-3.5e+06	-22.489
1.9e+09	-3.5e+06	-23.15
2e+09	-3.5e+06	-23.895
2.1e+09	-3.5e+06	-24.802
2.2e+09	-3.5e+06	-25.698
2.3e+09	-3.5e+06	-26.163
2.4e+09	-3.5e+06	-26.52
2.5e+09	-3.5e+06	-27.333
2.6e+09	-3.5e+06	-28.561
2.7e+09	-3.5e+06	-29.108
2.8e+09	-3.5e+06	-28.598
2.9e+09	-3.5e+06	-28.557
3e+09	-3.5e+06	-29.733
3.1e+09	-3.5e+06	-30.343
3.2e+09	-3.5e+06	-29.746
3.3e+09	-3.5e+06	-29.503
3.4e+09	-3.5e+06	-30.236
3.5e+09	-3.5e+06	-30.475
3.6e+09	-3.5e+06	-30.749
3.7e+09	-3.5e+06	-31.226
3.8e+09	-3.5e+06	-31.954
3.9e+09	-3.5e+06	-31.611
4e+09	-3.5e+06	-31.792
4.1e+09	-3.5e+06	-32.54
4.2e+09	-3.5e+06	-32.826
4.3e+09	-3.5e+06	-32.18
4.4e+09	-3.5e+06	-32.236
4e+08	-3e+06	-15.526
5e+08	-3e+06	-14.699
6e+08	-3e+06	-14.495
7e+08	-3e+06	-14.955
8e+08	-3e+06	-15.663
9e+08	-3e+06	-16.344
1e+09	-3e+06	-17.098
1.1e+09	-3e+06	-17.986
1.2e+09	-3e+06	-18.443
1.3e+09	-3e+06	-19.059
1.4e+09	-3e+06	-19.642
1.5e+09	-3e+06	-20.403
1.6e+09	-3e+06	-21.295
1.7e+09	-3e+06	-22.02
1.8e+09	-3e+06	-22.483
1.9e+09	-3e+06	-23.144
2e+09	-3e+06	-23.892
2.1e+09	-3e+06	-24.799
2.2e+09	-3e+06	-25.698
2.3e+09	-3e+06	-26.167
2.4e+09	-3e+06	-26.521
2.5e+09	-3e+06	-27.329
2.6e+09	-3e+06	-28.557
2.7e+09	-3e+06	-29.1
2.8e+09	-3e+06	-28.588
2.9e+09	-3e+06	-28.551
3e+09	-3e+06	-29.728
3.1e+09	-3e+06	-30.331
3.2e+09	-3e+06	-29.736
3.3e+09	-3e+06	-29.504
3.4e+09	-3e+06	-30.235
3.5e+09	-3e+06	-30.468
3.6e+09	-3e+06	-30.723
3.7e+09	-3e+06	-31.227
3.8e+09	-3e+06	-31.949
3.9e+09	-3e+06	-31.602
4e+09	-3e+06	-31.788
4.1e+09	-3e+06	-32.538
4.2e+09	-3e+06	-32.818
4.3e+09	-3e+06	-32.169
4.4e+09	-3e+06	-32.234
4e+08	-2.5e+06	-15.341
5e+08	-2.5e+06	-14.682
6e+08	-2.5e+06	-14.481
7e+08	-2.5e+06	-14.944
8e+08	-2.5e+06	-15.653
9e+08	-2.5e+06	-16.334
1e+09	-2.5e+06	-17.089
1.1e+09	-2.5e+06	-17.976
1.2e+09	-2.5e+06	-18.431
1.3e+09	-2.5e+06	-19.049
1.4e+09	-2.5e+06	-19.632
1.5e+09	-2.5e+06	-20.391
1.6e+09	-2.5e+06	-21.284
1.7e+09	-2.5e+06	-22.007
1.8e+09	-2.5e+06	-22.472
1.9e+09	-2.5e+06	-23.134
2e+09	-2.5e+06	-23.88
2.1e+09	-2.5e+06	-24.791
2.2e+09	-2.5e+06	-25.688
2.3e+09	-2.5e+06	-26.162
2.4e+09	-2.5e+06	-26.512
2.5e+09	-2.5e+06	-27.321
2.6e+09	-2.5e+06	-28.549
2.7e+09	-2.5e+06	-29.092
2.8e+09	-2.5e+06	-28.571
2.9e+09	-2.5e+06	-28.541
3e+09	-2.5e+06	-29.719
3.1e+09	-2.5e+06	-30.306
3.2e+09	-2.5e+06	-29.718
3.3e+09	-2.5e+06	-29.49
3.4e+09	-2.5e+06	-30.223
3.5e+09	-2.5e+06	-30.458
3.6e+09	-2.5e+06	-30.686
3.7e+09	-2.5e+06	-31.214
3.8e+09	-2.5e+06	-31.923
3.9e+09	-2.5e+06	-31.588
4e+09	-2.5e+06	-31.783
4.1e+09	-2.5e+06	-32.524
4.2e+09	-2.5e+06	-32.805
4.3e+09	-2.5e+06	-32.155
4.4e+09	-2.5e+06	-32.224
4e+08	-2e+06	-15.334
5e+08	-2e+06	-14.68
6e+08	-2e+06	-14.482
7e+08	-2e+06	-14.949
8e+08	-2e+06	-15.657
9e+08	-2e+06	-16.337
1e+09	-2e+06	-17.095
1.1e+09	-2e+06	-17.981
1.2e+09	-2e+06	-18.435
1.3e+09	-2e+06	-19.05
1.4e+09	-2e+06	-19.636
1.5e+09	-2e+06	-20.396
1.6e+09	-2e+06	-21.287
1.7e+09	-2e+06	-22.01
1.8e+09	-2e+06	-22.474
1.9e+09	-2e+06	-23.138
2e+09	-2e+06	-23.884
2.1e+09	-2e+06	-24.794
2.2e+09	-2e+06	-25.693
2.3e+09	-2e+06	-26.171
2.4e+09	-2e+06	-26.515
2.5e+09	-2e+06	-27.321
2.6e+09	-2e+06	-28.556
2.7e+09	-2e+06	-29.09
2.8e+09	-2e+06	-28.566
2.9e+09	-2e+06	-28.55
3e+09	-2e+06	-29.727
3.1e+09	-2e+06	-30.322
3.2e+09	-2e+06	-29.721
3.3e+09	-2e+06	-29.486
3.4e+09	-2e+06	-30.226
3.5e+09	-2e+06	-30.454
3.6e+09	-2e+06	-30.664
3.7e+09	-2e+06	-31.225
3.8e+09	-2e+06	-31.929
3.9e+09	-2e+06	-31.58
4e+09	-2e+06	-31.789
4.1e+09	-2e+06	-32.528
4.2e+09	-2e+06	-32.798
4.3e+09	-2e+06	-32.15
4.4e+09	-2e+06	-32.231
4e+08	-1.5e+06	-15.322
5e+08	-1.5e+06	-14.672
6e+08	-1.5e+06	-14.476
7e+08	-1.5e+06	-14.945
8e+08	-1.5e+06	-15.652
9e+08	-1.5e+06	-16.332
1e+09	-1.5e+06	-17.092
1.1e+09	-1.5e+06	-17.977
1.2e+09	-1.5e+06	-18.43
1.3e+09	-1.5e+06	-19.047
1.4e+09	-1.5e+06	-19.632
1.5e+09	-1.5e+06	-20.394
1.6e+09	-1.5e+06	-21.283
1.7e+09	-1.5e+06	-22.004
1.8e+09	-1.5e+06	-22.466
1.9e+09	-1.5e+06	-23.135
2e+09	-1.5e+06	-23.882
2.1e+09	-1.5e+06	-24.79
2.2e+09	-1.5e+06	-25.69
2.3e+09	-1.5e+06	-26.17
2.4e+09	-1.5e+06	-26.511
2.5e+09	-1.5e+06	-27.316
2.6e+09	-1.5e+06	-28.553
2.7e+09	-1.5e+06	-29.087
2.8e+09	-1.5e+06	-28.553
2.9e+09	-1.5e+06	-28.549
3e+09	-1.5e+06	-29.73
3.1e+09	-1.5e+06	-30.314
3.2e+09	-1.5e+06	-29.692
3.3e+09	-1.5e+06	-29.48
3.4e+09	-1.5e+06	-30.221
3.5e+09	-1.5e+06	-30.391
3.6e+09	-1.5e+06	-30.635
3.7e+09	-1.5e+06	-31.22
3.8e+09	-1.5e+06	-31.913
3.9e+09	-1.5e+06	-31.576
4e+09	-1.5e+06	-31.785
4.1e+09	-1.5e+06	-32.524
4.2e+09	-1.5e+06	-32.79
4.3e+09	-1.5e+06	-32.138
4.4e+09	-1.5e+06	-32.224
4e+08	-1e+06	-15.474
5e+08	-1e+06	-14.662
6e+08	-1e+06	-14.472
7e+08	-1e+06	-14.942
8e+08	-1e+06	-15.65
9e+08	-1e+06	-16.331
1e+09	-1e+06	-17.092
1.1e+09	-1e+06	-17.976
1.2e+09	-1e+06	-18.426
1.3e+09	-1e+06	-19.043
1.4e+09	-1e+06	-19.63
1.5e+09	-1e+06	-20.394
1.6e+09	-1e+06	-21.28
1.7e+09	-1e+06	-22.003
1.8e+09	-1e+06	-22.462
1.9e+09	-1e+06	-23.132
2e+09	-1e+06	-23.879
2.1e+09	-1e+06	-24.787
2.2e+09	-1e+06	-25.689
2.3e+09	-1e+06	-26.17
2.4e+09	-1e+06	-26.512
2.5e+09	-1e+06	-27.316
2.6e+09	-1e+06	-28.551
2.7e+09	-1e+06	-29.081
2.8e+09	-1e+06	-28.546
2.9e+09	-1e+06	-28.55
3e+09	-1e+06	-29.726
3.1e+09	-1e+06	-30.309
3.2e+09	-1e+06	-29.684
3.3e+09	-1e+06	-29.476
3.4e+09	-1e+06	-30.222
3.5e+09	-1e+06	-30.309
3.6e+09	-1e+06	-30.61
3.7e+09	-1e+06	-31.223
3.8e+09	-1e+06	-31.911
3.9e+09	-1e+06	-31.565
4e+09	-1e+06	-31.792
4.1e+09	-1e+06	-32.529
4.2e+09	-1e+06	-32.783
4.3e+09	-1e+06	-32.13
4.4e+09	-1e+06	-32.225
4e+08	-5e+05	-15.46
5e+08	-5e+05	-14.654
6e+08	-5e+05	-14.467
7e+08	-5e+05	-14.939
8e+08	-5e+05	-15.646
9e+08	-5e+05	-16.327
1e+09	-5e+05	-17.089
1.1e+09	-5e+05	-17.973
1.2e+09	-5e+05	-18.425
1.3e+09	-5e+05	-19.039
1.4e+09	-5e+05	-19.626
1.5e+09	-5e+05	-20.393
1.6e+09	-5e+05	-21.274
1.7e+09	-5e+05	-21.998
1.8e+09	-5e+05	-22.457
1.9e+09	-5e+05	-23.13
2e+09	-5e+05	-23.877
2.1e+09	-5e+05	-24.784
2.2e+09	-5e+05	-25.687
2.3e+09	-5e+05	-26.172
2.4e+09	-5e+05	-26.363
2.5e+09	-5e+05	-27.311
2.6e+09	-5e+05	-28.548
2.7e+09	-5e+05	-29.078
2.8e+09	-5e+05	-28.538
2.9e+09	-5e+05	-28.552
3e+09	-5e+05	-29.723
3.1e+09	-5e+05	-30.302
3.2e+09	-5e+05	-29.687
3.3e+09	-5e+05	-29.469
3.4e+09	-5e+05	-30.219
3.5e+09	-5e+05	-30.375
3.6e+09	-5e+05	-30.579
3.7e+09	-5e+05	-31.218
3.8e+09	-5e+05	-31.905
3.9e+09	-5e+05	-31.553
4e+09	-5e+05	-31.789
4.1e+09	-5e+05	-32.525
4.2e+09	-5e+05	-32.771
4.3e+09	-5e+05	-32.124
4.4e+09	-5e+05	-32.226
4e+08	0	-15.218
5e+08	0	-14.453
6e+08	0	-14.298
7e+08	0	-14.795
8e+08	0	-15.518
9e+08	0	-16.203
1e+09	0	-16.987
1.1e+09	0	-17.873
1.2e+09	0	-18.319
1.3e+09	0	-18.929
1.4e+09	0	-19.497
1.5e+09	0	-20.25
1.6e+09	0	-21.144
1.7e+09	0	-21.886
1.8e+09	0	-22.34
1.9e+09	0	-23.015
2e+09	0	-23.762
2.1e+09	0	-24.664
2.2e+09	0	-25.565
2.3e+09	0	-26.014
2.4e+09	0	-26.243
2.5e+09	0	-27.201
2.6e+09	0	-28.439
2.7e+09	0	-28.942
2.8e+09	0	-28.433
2.9e+09	0	-28.36
3e+09	0	-29.518
3.1e+09	0	-30.082
3.2e+09	0	-29.449
3.3e+09	0	-29.256
3.4e+09	0	-30.005
3.5e+09	0	-30.227
3.6e+09	0	-30.335
3.7e+09	0	-30.865
3.8e+09	0	-31.682
3.9e+09	0	-31.283
4e+09	0	-31.559
4.1e+09	0	-32.081
4.2e+09	0	-32.36
4.3e+09	0	-31.677
4.4e+09	0	-31.796
4e+08	5e+05	-15.447
5e+08	5e+05	-14.647
6e+08	5e+05	-14.469
7e+08	5e+05	-14.947
8e+08	5e+05	-15.655
9e+08	5e+05	-16.335
1e+09	5e+05	-17.101
1.1e+09	5e+05	-17.98
1.2e+09	5e+05	-18.433
1.3e+09	5e+05	-19.045
1.4e+09	5e+05	-19.64
1.5e+09	5e+05	-20.404
1.6e+09	5e+05	-21.282
1.7e+09	5e+05	-22.003
1.8e+09	5e+05	-22.465
1.9e+09	5e+05	-23.078
2e+09	5e+05	-23.886
2.1e+09	5e+05	-24.796
2.2e+09	5e+05	-25.697
2.3e+09	5e+05	-26.181
2.4e+09	5e+05	-26.527
2.5e+09	5e+05	-27.324
2.6e+09	5e+05	-28.562
2.7e+09	5e+05	-29.086
2.8e+09	5e+05	-28.534
2.9e+09	5e+05	-28.569
3e+09	5e+05	-29.736
3.1e+09	5e+05	-30.306
3.2e+09	5e+05	-29.69
3.3e+09	5e+05	-29.475
3.4e+09	5e+05	-30.234
3.5e+09	5e+05	-30.446
3.6e+09	5e+05	-30.564
3.7e+09	5e+05	-31.236
3.8e+09	5e+05	-31.905
3.9e+09	5e+05	-31.555
4e+09	5e+05	-31.8
4.1e+09	5e+05	-32.54
4.2e+09	5e+05	-32.776
4.3e+09	5e+05	-32.123
4.4e+09	5e+05	-32.242
4e+08	1e+06	-15.446
5e+08	1e+06	-14.651
6e+08	1e+06	-14.507
7e+08	1e+06	-14.956
8e+08	1e+06	-15.652
9e+08	1e+06	-16.345
1e+09	1e+06	-17.111
1.1e+09	1e+06	-17.991
1.2e+09	1e+06	-18.443
1.3e+09	1e+06	-19.054
1.4e+09	1e+06	-20.039
1.5e+09	1e+06	-20.415
1.6e+09	1e+06	-21.29
1.7e+09	1e+06	-22.012
1.8e+09	1e+06	-22.473
1.9e+09	1e+06	-23.026
2e+09	1e+06	-23.897
2.1e+09	1e+06	-24.807
2.2e+09	1e+06	-25.709
2.3e+09	1e+06	-26.191
2.4e+09	1e+06	-26.531
2.5e+09	1e+06	-27.315
2.6e+09	1e+06	-28.576
2.7e+09	1e+06	-29.093
2.8e+09	1e+06	-28.539
2.9e+09	1e+06	-28.58
3e+09	1e+06	-29.747
3.1e+09	1e+06	-30.312
3.2e+09	1e+06	-29.691
3.3e+09	1e+06	-29.482
3.4e+09	1e+06	-30.244
3.5e+09	1e+06	-30.454
3.6e+09	1e+06	-30.566
3.7e+09	1e+06	-31.253
3.8e+09	1e+06	-31.913
3.9e+09	1e+06	-31.556
4e+09	1e+06	-31.811
4.1e+09	1e+06	-32.549
4.2e+09	1e+06	-32.774
4.3e+09	1e+06	-32.129
4.4e+09	1e+06	-32.248
4e+08	1.5e+06	-15.444
5e+08	1.5e+06	-14.652
6e+08	1.5e+06	-14.541
7e+08	1.5e+06	-14.965
8e+08	1.5e+06	-15.674
9e+08	1.5e+06	-16.354
1e+09	1.5e+06	-17.122
1.1e+09	1.5e+06	-17.999
1.2e+09	1.5e+06	-18.453
1.3e+09	1.5e+06	-19.06
1.4e+09	1.5e+06	-20.049
1.5e+09	1.5e+06	-20.425
1.6e+09	1.5e+06	-21.3
1.7e+09	1.5e+06	-22.022
1.8e+09	1.5e+06	-22.478
1.9e+09	1.5e+06	-23.035
2e+09	1.5e+06	-23.907
2.1e+09	1.5e+06	-24.818
2.2e+09	1.5e+06	-25.716
2.3e+09	1.5e+06	-26.203
2.4e+09	1.5e+06	-26.542
2.5e+09	1.5e+06	-27.298
2.6e+09	1.5e+06	-28.586
2.7e+09	1.5e+06	-29.096
2.8e+09	1.5e+06	-28.529
2.9e+09	1.5e+06	-28.596
3e+09	1.5e+06	-29.752
3.1e+09	1.5e+06	-30.318
3.2e+09	1.5e+06	-29.699
3.3e+09	1.5e+06	-29.486
3.4e+09	1.5e+06	-30.253
3.5e+09	1.5e+06	-30.456
3.6e+09	1.5e+06	-30.574
3.7e+09	1.5e+06	-31.262
3.8e+09	1.5e+06	-31.923
3.9e+09	1.5e+06	-31.557
4e+09	1.5e+06	-31.82
4.1e+09	1.5e+06	-32.553
4.2e+09	1.5e+06	-32.78
4.3e+09	1.5e+06	-32.132
4.4e+09	1.5e+06	-32.26
4e+08	2e+06	-15.446
5e+08	2e+06	-14.655
6e+08	2e+06	-14.55
7e+08	2e+06	-14.976
8e+08	2e+06	-15.685
9e+08	2e+06	-16.366
1e+09	2e+06	-17.133
1.1e+09	2e+06	-18.009
1.2e+09	2e+06	-18.464
1.3e+09	2e+06	-19.069
1.4e+09	2e+06	-20.06
1.5e+09	2e+06	-20.437
1.6e+09	2e+06	-21.309
1.7e+09	2e+06	-22.03
1.8e+09	2e+06	-22.488
1.9e+09	2e+06	-23.046
2e+09	2e+06	-23.918
2.1e+09	2e+06	-24.83
2.2e+09	2e+06	-25.73
2.3e+09	2e+06	-26.143
2.4e+09	2e+06	-26.551
2.5e+09	2e+06	-27.317
2.6e+09	2e+06	-28.599
2.7e+09	2e+06	-29.107
2.8e+09	2e+06	-28.547
2.9e+09	2e+06	-28.61
3e+09	2e+06	-29.767
3.1e+09	2e+06	-30.322
3.2e+09	2e+06	-29.709
3.3e+09	2e+06	-29.497
3.4e+09	2e+06	-30.268
3.5e+09	2e+06	-30.464
3.6e+09	2e+06	-30.581
3.7e+09	2e+06	-31.282
3.8e+09	2e+06	-31.932
3.9e+09	2e+06	-31.568
4e+09	2e+06	-31.836
4.1e+09	2e+06	-32.562
4.2e+09	2e+06	-32.788
4.3e+09	2e+06	-32.141
4.4e+09	2e+06	-32.269
4e+08	2.5e+06	-15.436
5e+08	2.5e+06	-14.65
6e+08	2.5e+06	-14.492
7e+08	2.5e+06	-14.978
8e+08	2.5e+06	-15.689
9e+08	2.5e+06	-16.369
1e+09	2.5e+06	-17.139
1.1e+09	2.5e+06	-18.012
1.2e+09	2.5e+06	-18.469
1.3e+09	2.5e+06	-19.061
1.4e+09	2.5e+06	-20.063
1.5e+09	2.5e+06	-20.442
1.6e+09	2.5e+06	-21.311
1.7e+09	2.5e+06	-22.033
1.8e+09	2.5e+06	-22.491
1.9e+09	2.5e+06	-23.049
2e+09	2.5e+06	-23.923
2.1e+09	2.5e+06	-24.837
2.2e+09	2.5e+06	-25.733
2.3e+09	2.5e+06	-26.141
2.4e+09	2.5e+06	-26.557
2.5e+09	2.5e+06	-27.374
2.6e+09	2.5e+06	-28.605
2.7e+09	2.5e+06	-29.107
2.8e+09	2.5e+06	-28.545
2.9e+09	2.5e+06	-28.616
3e+09	2.5e+06	-29.768
3.1e+09	2.5e+06	-30.323
3.2e+09	2.5e+06	-29.52
3.3e+09	2.5e+06	-29.485
3.4e+09	2.5e+06	-30.275
3.5e+09	2.5e+06	-30.467
3.6e+09	2.5e+06	-30.577
3.7e+09	2.5e+06	-31.295
3.8e+09	2.5e+06	-31.937
3.9e+09	2.5e+06	-31.566
4e+09	2.5e+06	-31.833
4.1e+09	2.5e+06	-32.573
4.2e+09	2.5e+06	-32.782
4.3e+09	2.5e+06	-32.137
4.4e+09	2.5e+06	-32.275
4e+08	3e+06	-15.444
5e+08	3e+06	-14.661
6e+08	3e+06	-14.505
7e+08	3e+06	-14.995
8e+08	3e+06	-15.706
9e+08	3e+06	-16.385
1e+09	3e+06	-17.157
1.1e+09	3e+06	-18.028
1.2e+09	3e+06	-18.489
1.3e+09	3e+06	-19.084
1.4e+09	3e+06	-20.079
1.5e+09	3e+06	-20.461
1.6e+09	3e+06	-21.327
1.7e+09	3e+06	-22.036
1.8e+09	3e+06	-22.507
1.9e+09	3e+06	-23.067
2e+09	3e+06	-23.942
2.1e+09	3e+06	-24.854
2.2e+09	3e+06	-25.75
2.3e+09	3e+06	-26.158
2.4e+09	3e+06	-26.571
2.5e+09	3e+06	-27.386
2.6e+09	3e+06	-28.625
2.7e+09	3e+06	-29.12
2.8e+09	3e+06	-28.557
2.9e+09	3e+06	-28.633
3e+09	3e+06	-29.789
3.1e+09	3e+06	-30.338
3.2e+09	3e+06	-29.528
3.3e+09	3e+06	-29.49
3.4e+09	3e+06	-30.289
3.5e+09	3e+06	-30.478
3.6e+09	3e+06	-30.591
3.7e+09	3e+06	-31.311
3.8e+09	3e+06	-31.948
3.9e+09	3e+06	-31.577
4e+09	3e+06	-31.853
4.1e+09	3e+06	-32.591
4.2e+09	3e+06	-32.786
4.3e+09	3e+06	-32.149
4.4e+09	3e+06	-32.291
4e+08	3.5e+06	-15.444
5e+08	3.5e+06	-14.664
6e+08	3.5e+06	-14.514
7e+08	3.5e+06	-15.006
8e+08	3.5e+06	-15.716
9e+08	3.5e+06	-16.395
1e+09	3.5e+06	-17.169
1.1e+09	3.5e+06	-18.038
1.2e+09	3.5e+06	-18.499
1.3e+09	3.5e+06	-19.093
1.4e+09	3.5e+06	-20.088
1.5e+09	3.5e+06	-20.473
1.6e+09	3.5e+06	-21.336
1.7e+09	3.5e+06	-22.035
1.8e+09	3.5e+06	-22.515
1.9e+09	3.5e+06	-23.079
2e+09	3.5e+06	-23.952
2.1e+09	3.5e+06	-24.866
2.2e+09	3.5e+06	-25.764
2.3e+09	3.5e+06	-26.162
2.4e+09	3.5e+06	-26.581
2.5e+09	3.5e+06	-27.402
2.6e+09	3.5e+06	-28.638
2.7e+09	3.5e+06	-29.128
2.8e+09	3.5e+06	-28.562
2.9e+09	3.5e+06	-28.653
3e+09	3.5e+06	-29.801
3.1e+09	3.5e+06	-30.342
3.2e+09	3.5e+06	-29.533
3.3e+09	3.5e+06	-29.509
3.4e+09	3.5e+06	-30.303
3.5e+09	3.5e+06	-30.487
3.6e+09	3.5e+06	-30.601
3.7e+09	3.5e+06	-31.325
3.8e+09	3.5e+06	-31.953
3.9e+09	3.5e+06	-31.585
4e+09	3.5e+06	-31.855
4.1e+09	3.5e+06	-32.601
4.2e+09	3.5e+06	-32.797
4.3e+09	3.5e+06	-32.161
4.4e+09	3.5e+06	-32.301
4e+08	4e+06	-15.446
5e+08	4e+06	-14.669
6e+08	4e+06	-14.522
7e+08	4e+06	-15.016
8e+08	4e+06	-15.728
9e+08	4e+06	-16.407
1e+09	4e+06	-17.181
1.1e+09	4e+06	-18.049
1.2e+09	4e+06	-18.512
1.3e+09	4e+06	-19.103
1.4e+09	4e+06	-20.099
1.5e+09	4e+06	-20.486
1.6e+09	4e+06	-21.346
1.7e+09	4e+06	-22.065
1.8e+09	4e+06	-22.526
1.9e+09	4e+06	-23.036
2e+09	4e+06	-23.966
2.1e+09	4e+06	-24.878
2.2e+09	4e+06	-25.773
2.3e+09	4e+06	-26.172
2.4e+09	4e+06	-26.594
2.5e+09	4e+06	-27.415
2.6e+09	4e+06	-28.648
2.7e+09	4e+06	-29.138
2.8e+09	4e+06	-28.567
2.9e+09	4e+06	-28.666
3e+09	4e+06	-29.814
3.1e+09	4e+06	-30.353
3.2e+09	4e+06	-29.539
3.3e+09	4e+06	-29.523
3.4e+09	4e+06	-30.317
3.5e+09	4e+06	-30.494
3.6e+09	4e+06	-30.608
3.7e+09	4e+06	-31.346
3.8e+09	4e+06	-31.959
3.9e+09	4e+06	-31.58
4e+09	4e+06	-31.866
4.1e+09	4e+06	-32.613
4.2e+09	4e+06	-32.805
4.3e+09	4e+06	-32.169
4.4e+09	4e+06	-32.318
4e+08	4.5e+06	-15.447
5e+08	4.5e+06	-14.672
6e+08	4.5e+06	-14.532
7e+08	4.5e+06	-15.017
8e+08	4.5e+06	-15.739
9e+08	4.5e+06	-16.419
1e+09	4.5e+06	-17.195
1.1e+09	4.5e+06	-18.06
1.2e+09	4.5e+06	-18.525
1.3e+09	4.5e+06	-19.113
1.4e+09	4.5e+06	-20.111
1.5e+09	4.5e+06	-20.5
1.6e+09	4.5e+06	-21.357
1.7e+09	4.5e+06	-22.076
1.8e+09	4.5e+06	-22.536
1.9e+09	4.5e+06	-23
2e+09	4.5e+06	-23.977
2.1e+09	4.5e+06	-24.89
2.2e+09	4.5e+06	-25.789
2.3e+09	4.5e+06	-26.181
2.4e+09	4.5e+06	-26.611
2.5e+09	4.5e+06	-27.434
2.6e+09	4.5e+06	-28.666
2.7e+09	4.5e+06	-29.151
2.8e+09	4.5e+06	-28.575
2.9e+09	4.5e+06	-28.688
3e+09	4.5e+06	-29.825
3.1e+09	4.5e+06	-30.357
3.2e+09	4.5e+06	-29.544
3.3e+09	4.5e+06	-29.537
3.4e+09	4.5e+06	-30.329
3.5e+09	4.5e+06	-30.505
3.6e+09	4.5e+06	-30.613
3.7e+09	4.5e+06	-31.359
3.8e+09	4.5e+06	-31.518
3.9e+09	4.5e+06	-31.591
4e+09	4.5e+06	-31.892
4.1e+09	4.5e+06	-32.622
4.2e+09	4.5e+06	-32.809
4.3e+09	4.5e+06	-32.175
4.4e+09	4.5e+06	-32.328
4e+08	5e+06	-15.445
5e+08	5e+06	-14.664
6e+08	5e+06	-14.538
7e+08	5e+06	-15.036
8e+08	5e+06	-15.747
9e+08	5e+06	-16.426
1e+09	5e+06	-17.203
1.1e+09	5e+06	-18.066
1.2e+09	5e+06	-18.533
1.3e+09	5e+06	-19.12
1.4e+09	5e+06	-20.118
1.5e+09	5e+06	-20.51
1.6e+09	5e+06	-21.363
1.7e+09	5e+06	-22.081
1.8e+09	5e+06	-22.543
1.9e+09	5e+06	-23.008
2e+09	5e+06	-23.986
2.1e+09	5e+06	-24.9
2.2e+09	5e+06	-25.796
2.3e+09	5e+06	-26.184
2.4e+09	5e+06	-26.613
2.5e+09	5e+06	-27.439
2.6e+09	5e+06	-28.673
2.7e+09	5e+06	-29.155
2.8e+09	5e+06	-28.575
2.9e+09	5e+06	-28.696
3e+09	5e+06	-29.833
3.1e+09	5e+06	-30.361
3.2e+09	5e+06	-29.546
3.3e+09	5e+06	-29.537
3.4e+09	5e+06	-30.342
3.5e+09	5e+06	-30.509
3.6e+09	5e+06	-30.613
3.7e+09	5e+06	-31.375
3.8e+09	5e+06	-31.535
3.9e+09	5e+06	-31.594
4e+09	5e+06	-31.894
4.1e+09	5e+06	-32.633
4.2e+09	5e+06	-32.804
4.3e+09	5e+06	-32.175
4.4e+09	5e+06	-32.336
4e+08	5.5e+06	-15.455
5e+08	5.5e+06	-14.687
6e+08	5.5e+06	-14.589
7e+08	5.5e+06	-15.056
8e+08	5.5e+06	-15.768
9e+08	5.5e+06	-16.448
1e+09	5.5e+06	-17.224
1.1e+09	5.5e+06	-18.088
1.2e+09	5.5e+06	-18.555
1.3e+09	5.5e+06	-19.141
1.4e+09	5.5e+06	-20.139
1.5e+09	5.5e+06	-20.534
1.6e+09	5.5e+06	-21.385
1.7e+09	5.5e+06	-22.103
1.8e+09	5.5e+06	-22.561
1.9e+09	5.5e+06	-23.153
2e+09	5.5e+06	-24.008
2.1e+09	5.5e+06	-24.922
2.2e+09	5.5e+06	-25.821
2.3e+09	5.5e+06	-26.205
2.4e+09	5.5e+06	-26.636
2.5e+09	5.5e+06	-27.465
2.6e+09	5.5e+06	-28.695
2.7e+09	5.5e+06	-29.174
2.8e+09	5.5e+06	-28.594
2.9e+09	5.5e+06	-28.724
3e+09	5.5e+06	-29.858
3.1e+09	5.5e+06	-30.373
3.2e+09	5.5e+06	-29.564
3.3e+09	5.5e+06	-29.559
3.4e+09	5.5e+06	-30.362
3.5e+09	5.5e+06	-30.532
3.6e+09	5.5e+06	-30.638
3.7e+09	5.5e+06	-31.4
3.8e+09	5.5e+06	-32.006
3.9e+09	5.5e+06	-31.606
4e+09	5.5e+06	-31.919
4.1e+09	5.5e+06	-32.657
4.2e+09	5.5e+06	-32.825
4.3e+09	5.5e+06	-32.195
4.4e+09	5.5e+06	-32.367
4e+08	6e+06	-15.46
5e+08	6e+06	-14.697
6e+08	6e+06	-14.63
7e+08	6e+06	-15.072
8e+08	6e+06	-15.785
9e+08	6e+06	-16.465
1e+09	6e+06	-17.243
1.1e+09	6e+06	-18.103
1.2e+09	6e+06	-18.572
1.3e+09	6e+06	-19.155
1.4e+09	6e+06	-20.154
1.5e+09	6e+06	-20.552
1.6e+09	6e+06	-21.4
1.7e+09	6e+06	-22.118
1.8e+09	6e+06	-22.578
1.9e+09	6e+06	-23.268
2e+09	6e+06	-24.028
2.1e+09	6e+06	-24.941
2.2e+09	6e+06	-25.837
2.3e+09	6e+06	-26.217
2.4e+09	6e+06	-26.655
2.5e+09	6e+06	-27.486
2.6e+09	6e+06	-28.714
2.7e+09	6e+06	-29.188
2.8e+09	6e+06	-28.605
2.9e+09	6e+06	-28.729
3e+09	6e+06	-29.875
3.1e+09	6e+06	-30.39
3.2e+09	6e+06	-29.578
3.3e+09	6e+06	-29.573
3.4e+09	6e+06	-30.383
3.5e+09	6e+06	-30.525
3.6e+09	6e+06	-30.643
3.7e+09	6e+06	-31.416
3.8e+09	6e+06	-32.018
3.9e+09	6e+06	-31.623
4e+09	6e+06	-31.932
4.1e+09	6e+06	-32.669
4.2e+09	6e+06	-32.832
4.3e+09	6e+06	-32.205
4.4e+09	6e+06	-32.379
4e+08	6.5e+06	-15.467
5e+08	6.5e+06	-14.707
6e+08	6.5e+06	-14.648
7e+08	6.5e+06	-15.09
8e+08	6.5e+06	-15.803
9e+08	6.5e+06	-16.483
1e+09	6.5e+06	-17.262
1.1e+09	6.5e+06	-18.12
1.2e+09	6.5e+06	-18.588
1.3e+09	6.5e+06	-19.172
1.4e+09	6.5e+06	-20.17
1.5e+09	6.5e+06	-20.571
1.6e+09	6.5e+06	-21.418
1.7e+09	6.5e+06	-22.135
1.8e+09	6.5e+06	-22.595
1.9e+09	6.5e+06	-23.285
2e+09	6.5e+06	-24.047
2.1e+09	6.5e+06	-24.96
2.2e+09	6.5e+06	-25.854
2.3e+09	6.5e+06	-26.233
2.4e+09	6.5e+06	-26.673
2.5e+09	6.5e+06	-27.505
2.6e+09	6.5e+06	-28.733
2.7e+09	6.5e+06	-29.206
2.8e+09	6.5e+06	-28.619
2.9e+09	6.5e+06	-28.755
3e+09	6.5e+06	-29.893
3.1e+09	6.5e+06	-30.404
3.2e+09	6.5e+06	-29.596
3.3e+09	6.5e+06	-29.583
3.4e+09	6.5e+06	-30.404
3.5e+09	6.5e+06	-30.541
3.6e+09	6.5e+06	-30.656
3.7e+09	6.5e+06	-31.432
3.8e+09	6.5e+06	-32.033
3.9e+09	6.5e+06	-31.629
4e+09	6.5e+06	-31.951
4.1e+09	6.5e+06	-32.693
4.2e+09	6.5e+06	-32.846
4.3e+09	6.5e+06	-32.223
4.4e+09	6.5e+06	-32.406
4e+08	7e+06	-15.478
5e+08	7e+06	-14.722
6e+08	7e+06	-14.619
7e+08	7e+06	-15.112
8e+08	7e+06	-15.826
9e+08	7e+06	-16.505
1e+09	7e+06	-17.287
1.1e+09	7e+06	-18.143
1.2e+09	7e+06	-18.61
1.3e+09	7e+06	-19.194
1.4e+09	7e+06	-20.194
1.5e+09	7e+06	-20.597
1.6e+09	7e+06	-21.439
1.7e+09	7e+06	-22.157
1.8e+09	7e+06	-22.617
1.9e+09	7e+06	-23.307
2e+09	7e+06	-24.074
2.1e+09	7e+06	-24.985
2.2e+09	7e+06	-25.881
2.3e+09	7e+06	-26.254
2.4e+09	7e+06	-26.694
2.5e+09	7e+06	-27.535
2.6e+09	7e+06	-28.757
2.7e+09	7e+06	-29.227
2.8e+09	7e+06	-28.633
2.9e+09	7e+06	-28.793
3e+09	7e+06	-29.919
3.1e+09	7e+06	-30.418
3.2e+09	7e+06	-29.805
3.3e+09	7e+06	-29.603
3.4e+09	7e+06	-30.424
3.5e+09	7e+06	-30.584
3.6e+09	7e+06	-30.682
3.7e+09	7e+06	-31.462
3.8e+09	7e+06	-32.056
3.9e+09	7e+06	-31.643
4e+09	7e+06	-31.976
4.1e+09	7e+06	-32.72
4.2e+09	7e+06	-32.856
4.3e+09	7e+06	-32.239
4.4e+09	7e+06	-32.434
4e+08	7.5e+06	-15.487
5e+08	7.5e+06	-14.735
6e+08	7.5e+06	-14.638
7e+08	7.5e+06	-15.133
8e+08	7.5e+06	-15.847
9e+08	7.5e+06	-16.527
1e+09	7.5e+06	-17.309
1.1e+09	7.5e+06	-18.164
1.2e+09	7.5e+06	-18.632
1.3e+09	7.5e+06	-19.215
1.4e+09	7.5e+06	-20.22
1.5e+09	7.5e+06	-20.62
1.6e+09	7.5e+06	-21.461
1.7e+09	7.5e+06	-22.178
1.8e+09	7.5e+06	-22.639
1.9e+09	7.5e+06	-23.33
2e+09	7.5e+06	-24.096
2.1e+09	7.5e+06	-24.985
2.2e+09	7.5e+06	-25.904
2.3e+09	7.5e+06	-26.273
2.4e+09	7.5e+06	-26.718
2.5e+09	7.5e+06	-27.559
2.6e+09	7.5e+06	-28.785
2.7e+09	7.5e+06	-29.246
2.8e+09	7.5e+06	-28.653
2.9e+09	7.5e+06	-28.818
3e+09	7.5e+06	-29.94
3.1e+09	7.5e+06	-30.441
3.2e+09	7.5e+06	-29.821
3.3e+09	7.5e+06	-29.623
3.4e+09	7.5e+06	-30.445
3.5e+09	7.5e+06	-30.603
3.6e+09	7.5e+06	-30.69
3.7e+09	7.5e+06	-31.498
3.8e+09	7.5e+06	-32.078
3.9e+09	7.5e+06	-31.66
4e+09	7.5e+06	-31.994
4.1e+09	7.5e+06	-32.737
4.2e+09	7.5e+06	-32.874
4.3e+09	7.5e+06	-32.25
4.4e+09	7.5e+06	-32.452
4e+08	8e+06	-15.513
5e+08	8e+06	-14.765
6e+08	8e+06	-14.677
7e+08	8e+06	-15.17
8e+08	8e+06	-15.886
9e+08	8e+06	-16.565
1e+09	8e+06	-17.349
1.1e+09	8e+06	-18.2
1.2e+09	8e+06	-18.669
1.3e+09	8e+06	-19.252
1.4e+09	8e+06	-20.182
1.5e+09	8e+06	-20.661
1.6e+09	8e+06	-21.499
1.7e+09	8e+06	-22.214
1.8e+09	8e+06	-22.676
1.9e+09	8e+06	-23.368
2e+09	8e+06	-24.137
2.1e+09	8e+06	-25.048
2.2e+09	8e+06	-25.944
2.3e+09	8e+06	-26.309
2.4e+09	8e+06	-26.755
2.5e+09	8e+06	-27.6
2.6e+09	8e+06	-28.826
2.7e+09	8e+06	-29.285
2.8e+09	8e+06	-28.688
2.9e+09	8e+06	-28.864
3e+09	8e+06	-29.986
3.1e+09	8e+06	-30.475
3.2e+09	8e+06	-29.855
3.3e+09	8e+06	-29.663
3.4e+09	8e+06	-30.492
3.5e+09	8e+06	-30.639
3.6e+09	8e+06	-30.738
3.7e+09	8e+06	-31.31
3.8e+09	8e+06	-32.115
3.9e+09	8e+06	-31.698
4e+09	8e+06	-32.033
4.1e+09	8e+06	-32.779
4.2e+09	8e+06	-32.911
4.3e+09	8e+06	-32.291
4.4e+09	8e+06	-32.496
4e+08	8.5e+06	-15.54
5e+08	8.5e+06	-14.795
6e+08	8.5e+06	-14.765
7e+08	8.5e+06	-15.206
8e+08	8.5e+06	-15.923
9e+08	8.5e+06	-16.602
1e+09	8.5e+06	-17.387
1.1e+09	8.5e+06	-18.237
1.2e+09	8.5e+06	-18.708
1.3e+09	8.5e+06	-19.291
1.4e+09	8.5e+06	-20.215
1.5e+09	8.5e+06	-20.702
1.6e+09	8.5e+06	-21.536
1.7e+09	8.5e+06	-22.251
1.8e+09	8.5e+06	-22.715
1.9e+09	8.5e+06	-23.408
2e+09	8.5e+06	-24.176
2.1e+09	8.5e+06	-25.087
2.2e+09	8.5e+06	-25.986
2.3e+09	8.5e+06	-26.344
2.4e+09	8.5e+06	-26.793
2.5e+09	8.5e+06	-27.644
2.6e+09	8.5e+06	-28.866
2.7e+09	8.5e+06	-29.321
2.8e+09	8.5e+06	-28.719
2.9e+09	8.5e+06	-28.904
3e+09	8.5e+06	-30.024
3.1e+09	8.5e+06	-30.51
3.2e+09	8.5e+06	-29.887
3.3e+09	8.5e+06	-29.695
3.4e+09	8.5e+06	-30.524
3.5e+09	8.5e+06	-30.675
3.6e+09	8.5e+06	-30.709
3.7e+09	8.5e+06	-31.351
3.8e+09	8.5e+06	-32.146
3.9e+09	8.5e+06	-31.726
4e+09	8.5e+06	-32.072
4.1e+09	8.5e+06	-32.824
4.2e+09	8.5e+06	-32.941
4.3e+09	8.5e+06	-32.327
4.4e+09	8.5e+06	-32.541
4e+08	9e+06	-15.579
5e+08	9e+06	-14.84
6e+08	9e+06	-14.812
7e+08	9e+06	-15.259
8e+08	9e+06	-15.976
9e+08	9e+06	-16.656
1e+09	9e+06	-17.442
1.1e+09	9e+06	-18.29
1.2e+09	9e+06	-18.762
1.3e+09	9e+06	-19.344
1.4e+09	9e+06	-20.269
1.5e+09	9e+06	-20.758
1.6e+09	9e+06	-21.59
1.7e+09	9e+06	-22.306
1.8e+09	9e+06	-22.767
1.9e+09	9e+06	-23.461
2e+09	9e+06	-24.234
2.1e+09	9e+06	-25.144
2.2e+09	9e+06	-26.039
2.3e+09	9e+06	-26.395
2.4e+09	9e+06	-26.85
2.5e+09	9e+06	-27.697
2.6e+09	9e+06	-28.925
2.7e+09	9e+06	-29.372
2.8e+09	9e+06	-28.772
2.9e+09	9e+06	-28.966
3e+09	9e+06	-30.079
3.1e+09	9e+06	-30.556
3.2e+09	9e+06	-29.938
3.3e+09	9e+06	-29.75
3.4e+09	9e+06	-30.585
3.5e+09	9e+06	-30.728
3.6e+09	9e+06	-30.819
3.7e+09	9e+06	-31.638
3.8e+09	9e+06	-32.209
3.9e+09	9e+06	-31.778
4e+09	9e+06	-32.129
4.1e+09	9e+06	-32.874
4.2e+09	9e+06	-32.996
4.3e+09	9e+06	-32.375
4.4e+09	9e+06	-32.603
4e+08	9.5e+06	-15.663
5e+08	9.5e+06	-14.929
6e+08	9.5e+06	-14.907
7e+08	9.5e+06	-15.358
8e+08	9.5e+06	-16.076
9e+08	9.5e+06	-16.757
1e+09	9.5e+06	-17.544
1.1e+09	9.5e+06	-18.391
1.2e+09	9.5e+06	-18.863
1.3e+09	9.5e+06	-19.446
1.4e+09	9.5e+06	-20.37
1.5e+09	9.5e+06	-20.863
1.6e+09	9.5e+06	-21.692
1.7e+09	9.5e+06	-22.407
1.8e+09	9.5e+06	-22.871
1.9e+09	9.5e+06	-23.564
2e+09	9.5e+06	-24.34
2.1e+09	9.5e+06	-25.247
2.2e+09	9.5e+06	-26.145
2.3e+09	9.5e+06	-26.501
2.4e+09	9.5e+06	-26.953
2.5e+09	9.5e+06	-27.808
2.6e+09	9.5e+06	-29.027
2.7e+09	9.5e+06	-29.477
2.8e+09	9.5e+06	-28.869
2.9e+09	9.5e+06	-29.071
3e+09	9.5e+06	-30.184
3.1e+09	9.5e+06	-30.661
3.2e+09	9.5e+06	-30.037
3.3e+09	9.5e+06	-29.846
3.4e+09	9.5e+06	-30.692
3.5e+09	9.5e+06	-30.832
3.6e+09	9.5e+06	-30.926
3.7e+09	9.5e+06	-31.751
3.8e+09	9.5e+06	-32.297
3.9e+09	9.5e+06	-31.873
4e+09	9.5e+06	-32.23
4.1e+09	9.5e+06	-32.984
4.2e+09	9.5e+06	-33.087
4.3e+09	9.5e+06	-32.467
4.4e+09	9.5e+06	-32.709
4e+08	1e+07	-15.843
5e+08	1e+07	-15.107
6e+08	1e+07	-15.099
7e+08	1e+07	-15.558
8e+08	1e+07	-16.278
9e+08	1e+07	-16.959
1e+09	1e+07	-17.748
1.1e+09	1e+07	-18.594
1.2e+09	1e+07	-19.068
1.3e+09	1e+07	-19.65
1.4e+09	1e+07	-20.577
1.5e+09	1e+07	-21.071
1.6e+09	1e+07	-21.9
1.7e+09	1e+07	-22.611
1.8e+09	1e+07	-23.078
1.9e+09	1e+07	-23.773
2e+09	1e+07	-24.531
2.1e+09	1e+07	-25.457
2.2e+09	1e+07	-26.355
2.3e+09	1e+07	-26.764
2.4e+09	1e+07	-27.163
2.5e+09	1e+07	-28.019
2.6e+09	1e+07	-29.238
2.7e+09	1e+07	-29.681
2.8e+09	1e+07	-29.076
2.9e+09	1e+07	-29.282
3e+09	1e+07	-30.396
3.1e+09	1e+07	-30.779
3.2e+09	1e+07	-30.24
3.3e+09	1e+07	-30.056
3.4e+09	1e+07	-30.901
3.5e+09	1e+07	-31.025
3.6e+09	1e+07	-31.08
3.7e+09	1e+07	-31.957
3.8e+09	1e+07	-32.51
3.9e+09	1e+07	-32.078
4e+09	1e+07	-32.444
4.1e+09	1e+07	-33.193
4.2e+09	1e+07	-33.291
4.3e+09	1e+07	-32.676
4.4e+09	1e+07	-32.919
4e+08	1.05e+07	-16.225
5e+08	1.05e+07	-15.5
6e+08	1.05e+07	-15.499
7e+08	1.05e+07	-15.965
8e+08	1.05e+07	-16.689
9e+08	1.05e+07	-17.371
1e+09	1.05e+07	-18.163
1.1e+09	1.05e+07	-19.008
1.2e+09	1.05e+07	-19.484
1.3e+09	1.05e+07	-20.067
1.4e+09	1.05e+07	-20.992
1.5e+09	1.05e+07	-21.491
1.6e+09	1.05e+07	-22.318
1.7e+09	1.05e+07	-23.03
1.8e+09	1.05e+07	-23.5
1.9e+09	1.05e+07	-24.196
2e+09	1.05e+07	-24.955
2.1e+09	1.05e+07	-25.878
2.2e+09	1.05e+07	-26.78
2.3e+09	1.05e+07	-27.179
2.4e+09	1.05e+07	-27.586
2.5e+09	1.05e+07	-28.45
2.6e+09	1.05e+07	-29.665
2.7e+09	1.05e+07	-30.105
2.8e+09	1.05e+07	-29.49
2.9e+09	1.05e+07	-29.714
3e+09	1.05e+07	-30.804
3.1e+09	1.05e+07	-31.19
3.2e+09	1.05e+07	-30.666
3.3e+09	1.05e+07	-30.481
3.4e+09	1.05e+07	-31.331
3.5e+09	1.05e+07	-31.462
3.6e+09	1.05e+07	-31.564
3.7e+09	1.05e+07	-32.385
3.8e+09	1.05e+07	-32.938
3.9e+09	1.05e+07	-32.494
4e+09	1.05e+07	-32.863
4.1e+09	1.05e+07	-33.627
4.2e+09	1.05e+07	-33.712
4.3e+09	1.05e+07	-33.101
4.4e+09	1.05e+07	-33.358
4e+08	1.1e+07	-16.902
5e+08	1.1e+07	-16.198
6e+08	1.1e+07	-16.195
7e+08	1.1e+07	-16.669
8e+08	1.1e+07	-17.395
9e+08	1.1e+07	-18.078
1e+09	1.1e+07	-18.877
1.1e+09	1.1e+07	-19.717
1.2e+09	1.1e+07	-20.195
1.3e+09	1.1e+07	-20.777
1.4e+09	1.1e+07	-21.706
1.5e+09	1.1e+07	-22.186
1.6e+09	1.1e+07	-23.034
1.7e+09	1.1e+07	-23.744
1.8e+09	1.1e+07	-24.214
1.9e+09	1.1e+07	-24.917
2e+09	1.1e+07	-25.699
2.1e+09	1.1e+07	-26.603
2.2e+09	1.1e+07	-27.502
2.3e+09	1.1e+07	-27.896
2.4e+09	1.1e+07	-28.31
2.5e+09	1.1e+07	-29.171
2.6e+09	1.1e+07	-30.392
2.7e+09	1.1e+07	-30.828
2.8e+09	1.1e+07	-30.21
2.9e+09	1.1e+07	-30.443
3e+09	1.1e+07	-31.529
3.1e+09	1.1e+07	-31.917
3.2e+09	1.1e+07	-31.382
3.3e+09	1.1e+07	-31.199
3.4e+09	1.1e+07	-32.055
3.5e+09	1.1e+07	-32.199
3.6e+09	1.1e+07	-32.271
3.7e+09	1.1e+07	-33.118
3.8e+09	1.1e+07	-33.662
3.9e+09	1.1e+07	-33.224
4e+09	1.1e+07	-33.593
4.1e+09	1.1e+07	-34.355
4.2e+09	1.1e+07	-34.432
4.3e+09	1.1e+07	-33.817
4.4e+09	1.1e+07	-34.08
4e+08	1.15e+07	-18
5e+08	1.15e+07	-17.307
6e+08	1.15e+07	-17.313
7e+08	1.15e+07	-17.791
8e+08	1.15e+07	-18.52
9e+08	1.15e+07	-19.205
1e+09	1.15e+07	-20.005
1.1e+09	1.15e+07	-20.847
1.2e+09	1.15e+07	-21.327
1.3e+09	1.15e+07	-21.91
1.4e+09	1.15e+07	-22.84
1.5e+09	1.15e+07	-23.344
1.6e+09	1.15e+07	-24.167
1.7e+09	1.15e+07	-24.88
1.8e+09	1.15e+07	-25.353
1.9e+09	1.15e+07	-26.052
2e+09	1.15e+07	-26.837
2.1e+09	1.15e+07	-27.743
2.2e+09	1.15e+07	-28.642
2.3e+09	1.15e+07	-29.036
2.4e+09	1.15e+07	-29.448
2.5e+09	1.15e+07	-30.315
2.6e+09	1.15e+07	-31.529
2.7e+09	1.15e+07	-31.96
2.8e+09	1.15e+07	-31.344
2.9e+09	1.15e+07	-31.59
3e+09	1.15e+07	-32.694
3.1e+09	1.15e+07	-33.045
3.2e+09	1.15e+07	-32.525
3.3e+09	1.15e+07	-32.343
3.4e+09	1.15e+07	-33.201
3.5e+09	1.15e+07	-33.338
3.6e+09	1.15e+07	-33.41
3.7e+09	1.15e+07	-34.251
3.8e+09	1.15e+07	-34.805
3.9e+09	1.15e+07	-34.363
4e+09	1.15e+07	-34.73
4.1e+09	1.15e+07	-35.5
4.2e+09	1.15e+07	-35.563
4.3e+09	1.15e+07	-34.957
4.4e+09	1.15e+07	-35.229
4e+08	1.2e+07	-19.648
5e+08	1.2e+07	-18.964
6e+08	1.2e+07	-18.927
7e+08	1.2e+07	-19.461
8e+08	1.2e+07	-20.186
9e+08	1.2e+07	-20.874
1e+09	1.2e+07	-21.678
1.1e+09	1.2e+07	-22.516
1.2e+09	1.2e+07	-23
1.3e+09	1.2e+07	-23.582
1.4e+09	1.2e+07	-24.51
1.5e+09	1.2e+07	-25.023
1.6e+09	1.2e+07	-25.829
1.7e+09	1.2e+07	-26.551
1.8e+09	1.2e+07	-27.028
1.9e+09	1.2e+07	-27.729
2e+09	1.2e+07	-28.513
2.1e+09	1.2e+07	-29.417
2.2e+09	1.2e+07	-30.316
2.3e+09	1.2e+07	-30.701
2.4e+09	1.2e+07	-31.118
2.5e+09	1.2e+07	-31.994
2.6e+09	1.2e+07	-33.209
2.7e+09	1.2e+07	-33.642
2.8e+09	1.2e+07	-33.021
2.9e+09	1.2e+07	-33.266
3e+09	1.2e+07	-34.375
3.1e+09	1.2e+07	-34.725
3.2e+09	1.2e+07	-34.201
3.3e+09	1.2e+07	-34.016
3.4e+09	1.2e+07	-34.867
3.5e+09	1.2e+07	-35.019
3.6e+09	1.2e+07	-35.085
3.7e+09	1.2e+07	-35.957
3.8e+09	1.2e+07	-36.464
3.9e+09	1.2e+07	-36.025
4e+09	1.2e+07	-36.411
4.1e+09	1.2e+07	-37.179
4.2e+09	1.2e+07	-37.24
4.3e+09	1.2e+07	-36.626
4.4e+09	1.2e+07	-36.913
4e+08	1.25e+07	-21.93
5e+08	1.25e+07	-21.271
6e+08	1.25e+07	-21.245
7e+08	1.25e+07	-21.739
8e+08	1.25e+07	-22.534
9e+08	1.25e+07	-23.229
1e+09	1.25e+07	-24.037
1.1e+09	1.25e+07	-24.879
1.2e+09	1.25e+07	-25.368
1.3e+09	1.25e+07	-25.951
1.4e+09	1.25e+07	-26.879
1.5e+09	1.25e+07	-27.395
1.6e+09	1.25e+07	-28.187
1.7e+09	1.25e+07	-28.921
1.8e+09	1.25e+07	-29.392
1.9e+09	1.25e+07	-30.098
2e+09	1.25e+07	-30.879
2.1e+09	1.25e+07	-31.781
2.2e+09	1.25e+07	-32.683
2.3e+09	1.25e+07	-33.068
2.4e+09	1.25e+07	-33.489
2.5e+09	1.25e+07	-34.363
2.6e+09	1.25e+07	-35.573
2.7e+09	1.25e+07	-36.004
2.8e+09	1.25e+07	-35.368
2.9e+09	1.25e+07	-35.63
3e+09	1.25e+07	-36.733
3.1e+09	1.25e+07	-37.071
3.2e+09	1.25e+07	-36.547
3.3e+09	1.25e+07	-36.364
3.4e+09	1.25e+07	-37.223
3.5e+09	1.25e+07	-37.36
3.6e+09	1.25e+07	-37.43
3.7e+09	1.25e+07	-38.277
3.8e+09	1.25e+07	-38.825
3.9e+09	1.25e+07	-38.359
4e+09	1.25e+07	-38.739
4.1e+09	1.25e+07	-39.512
4.2e+09	1.25e+07	-39.578
4.3e+09	1.25e+07	-38.971
4.4e+09	1.25e+07	-39.256
4e+08	1.3e+07	-25.088
5e+08	1.3e+07	-24.401
6e+08	1.3e+07	-24.362
7e+08	1.3e+07	-24.852
8e+08	1.3e+07	-25.636
9e+08	1.3e+07	-26.322
1e+09	1.3e+07	-27.126
1.1e+09	1.3e+07	-27.963
1.2e+09	1.3e+07	-28.447
1.3e+09	1.3e+07	-29.031
1.4e+09	1.3e+07	-29.952
1.5e+09	1.3e+07	-30.461
1.6e+09	1.3e+07	-31.255
1.7e+09	1.3e+07	-31.987
1.8e+09	1.3e+07	-32.459
1.9e+09	1.3e+07	-33.162
2e+09	1.3e+07	-33.947
2.1e+09	1.3e+07	-34.844
2.2e+09	1.3e+07	-35.744
2.3e+09	1.3e+07	-36.148
2.4e+09	1.3e+07	-36.543
2.5e+09	1.3e+07	-37.426
2.6e+09	1.3e+07	-38.645
2.7e+09	1.3e+07	-39.061
2.8e+09	1.3e+07	-38.436
2.9e+09	1.3e+07	-38.711
3e+09	1.3e+07	-39.799
3.1e+09	1.3e+07	-40.139
3.2e+09	1.3e+07	-39.607
3.3e+09	1.3e+07	-39.433
3.4e+09	1.3e+07	-40.302
3.5e+09	1.3e+07	-40.432
3.6e+09	1.3e+07	-40.498
3.7e+09	1.3e+07	-41.368
3.8e+09	1.3e+07	-41.895
3.9e+09	1.3e+07	-41.431
4e+09	1.3e+07	-41.824
4.1e+09	1.3e+07	-42.613
4.2e+09	1.3e+07	-42.659
4.3e+09	1.3e+07	-42.038
4.4e+09	1.3e+07	-42.333
4e+08	1.35e+07	-29.147
5e+08	1.35e+07	-28.452
6e+08	1.35e+07	-28.413
7e+08	1.35e+07	-28.956
8e+08	1.35e+07	-29.685
9e+08	1.35e+07	-30.37
1e+09	1.35e+07	-31.169
1.1e+09	1.35e+07	-32.005
1.2e+09	1.35e+07	-32.491
1.3e+09	1.35e+07	-33.071
1.4e+09	1.35e+07	-33.989
1.5e+09	1.35e+07	-34.506
1.6e+09	1.35e+07	-35.311
1.7e+09	1.35e+07	-36.017
1.8e+09	1.35e+07	-36.492
1.9e+09	1.35e+07	-37.192
2e+09	1.35e+07	-37.976
2.1e+09	1.35e+07	-38.863
2.2e+09	1.35e+07	-39.772
2.3e+09	1.35e+07	-40.165
2.4e+09	1.35e+07	-40.545
2.5e+09	1.35e+07	-41.458
2.6e+09	1.35e+07	-42.668
2.7e+09	1.35e+07	-43.089
2.8e+09	1.35e+07	-42.461
2.9e+09	1.35e+07	-42.723
3e+09	1.35e+07	-43.818
3.1e+09	1.35e+07	-44.242
3.2e+09	1.35e+07	-43.619
3.3e+09	1.35e+07	-43.431
3.4e+09	1.35e+07	-44.307
3.5e+09	1.35e+07	-44.456
3.6e+09	1.35e+07	-44.525
3.7e+09	1.35e+07	-45.414
3.8e+09	1.35e+07	-45.92
3.9e+09	1.35e+07	-45.456
4e+09	1.35e+07	-45.836
4.1e+09	1.35e+07	-46.635
4.2e+09	1.35e+07	-46.667
4.3e+09	1.35e+07	-46.039
4.4e+09	1.35e+07	-46.343
4e+08	1.4e+07	-34.343
5e+08	1.4e+07	-33.62
6e+08	1.4e+07	-33.591
7e+08	1.4e+07	-34.129
8e+08	1.4e+07	-34.849
9e+08	1.4e+07	-35.532
1e+09	1.4e+07	-36.332
1.1e+09	1.4e+07	-37.164
1.2e+09	1.4e+07	-37.647
1.3e+09	1.4e+07	-38.22
1.4e+09	1.4e+07	-39.141
1.5e+09	1.4e+07	-39.605
1.6e+09	1.4e+07	-40.464
1.7e+09	1.4e+07	-41.142
1.8e+09	1.4e+07	-41.627
1.9e+09	1.4e+07	-42.341
2e+09	1.4e+07	-43.12
2.1e+09	1.4e+07	-44
2.2e+09	1.4e+07	-44.902
2.3e+09	1.4e+07	-45.294
2.4e+09	1.4e+07	-45.707
2.5e+09	1.4e+07	-46.576
2.6e+09	1.4e+07	-47.797
2.7e+09	1.4e+07	-48.205
2.8e+09	1.4e+07	-47.595
2.9e+09	1.4e+07	-47.872
3e+09	1.4e+07	-48.971
3.1e+09	1.4e+07	-49.359
3.2e+09	1.4e+07	-48.751
3.3e+09	1.4e+07	-48.569
3.4e+09	1.4e+07	-49.422
3.5e+09	1.4e+07	-49.598
3.6e+09	1.4e+07	-49.635
3.7e+09	1.4e+07	-50.554
3.8e+09	1.4e+07	-51.045
3.9e+09	1.4e+07	-50.59
4e+09	1.4e+07	-50.935
4.1e+09	1.4e+07	-51.712
4.2e+09	1.4e+07	-51.708
4.3e+09	1.4e+07	-51.133
4.4e+09	1.4e+07	-51.484
4e+08	1.45e+07	-40.958
5e+08	1.45e+07	-40.225
6e+08	1.45e+07	-40.187
7e+08	1.45e+07	-40.701
8e+08	1.45e+07	-41.424
9e+08	1.45e+07	-42.107
1e+09	1.45e+07	-42.899
1.1e+09	1.45e+07	-43.715
1.2e+09	1.45e+07	-44.212
1.3e+09	1.45e+07	-44.787
1.4e+09	1.45e+07	-45.702
1.5e+09	1.45e+07	-46.168
1.6e+09	1.45e+07	-47.01
1.7e+09	1.45e+07	-47.707
1.8e+09	1.45e+07	-48.16
1.9e+09	1.45e+07	-48.864
2e+09	1.45e+07	-49.642
2.1e+09	1.45e+07	-50.551
2.2e+09	1.45e+07	-51.437
2.3e+09	1.45e+07	-51.837
2.4e+09	1.45e+07	-52.258
2.5e+09	1.45e+07	-53.085
2.6e+09	1.45e+07	-54.259
2.7e+09	1.45e+07	-54.72
2.8e+09	1.45e+07	-54.108
2.9e+09	1.45e+07	-54.355
3e+09	1.45e+07	-55.501
3.1e+09	1.45e+07	-55.794
3.2e+09	1.45e+07	-55.252
3.3e+09	1.45e+07	-55.106
3.4e+09	1.45e+07	-55.914
3.5e+09	1.45e+07	-56.099
3.6e+09	1.45e+07	-56.018
3.7e+09	1.45e+07	-57.064
3.8e+09	1.45e+07	-57.544
3.9e+09	1.45e+07	-57.034
4e+09	1.45e+07	-57.45
4.1e+09	1.45e+07	-58.206
4.2e+09	1.45e+07	-58.137
4.3e+09	1.45e+07	-57.604
4.4e+09	1.45e+07	-57.998
4e+08	1.5e+07	-49.355
5e+08	1.5e+07	-48.656
6e+08	1.5e+07	-48.595
7e+08	1.5e+07	-49.173
8e+08	1.5e+07	-49.881
9e+08	1.5e+07	-50.534
1e+09	1.5e+07	-51.34
1.1e+09	1.5e+07	-52.171
1.2e+09	1.5e+07	-52.638
1.3e+09	1.5e+07	-53.246
1.4e+09	1.5e+07	-54.17
1.5e+09	1.5e+07	-54.664
1.6e+09	1.5e+07	-55.495
1.7e+09	1.5e+07	-56.151
1.8e+09	1.5e+07	-56.639
1.9e+09	1.5e+07	-57.315
2e+09	1.5e+07	-58.06
2.1e+09	1.5e+07	-58.901
2.2e+09	1.5e+07	-59.907
2.3e+09	1.5e+07	-60.245
2.4e+09	1.5e+07	-60.579
2.5e+09	1.5e+07	-61.473
2.6e+09	1.5e+07	-62.753
2.7e+09	1.5e+07	-63.112
2.8e+09	1.5e+07	-62.431
2.9e+09	1.5e+07	-62.723
3e+09	1.5e+07	-64.1
3.1e+09	1.5e+07	-64.331
3.2e+09	1.5e+07	-63.727
3.3e+09	1.5e+07	-63.611
3.4e+09	1.5e+07	-64.251
3.5e+09	1.5e+07	-64.398
3.6e+09	1.5e+07	-64.464
3.7e+09	1.5e+07	-65.555
3.8e+09	1.5e+07	-66.076
3.9e+09	1.5e+07	-65.464
4e+09	1.5e+07	-65.822
4.1e+09	1.5e+07	-66.534
4.2e+09	1.5e+07	-66.665
4.3e+09	1.5e+07	-65.921
4.4e+09	1.5e+07	-66.239
4e+08	1.55e+07	-61.061
5e+08	1.55e+07	-60.226
6e+08	1.55e+07	-60.248
7e+08	1.55e+07	-60.723
8e+08	1.55e+07	-61.388
9e+08	1.55e+07	-61.956
1e+09	1.55e+07	-62.72
1.1e+09	1.55e+07	-63.494
1.2e+09	1.55e+07	-64.102
1.3e+09	1.55e+07	-64.641
1.4e+09	1.55e+07	-65.725
1.5e+09	1.55e+07	-66.118
1.6e+09	1.55e+07	-66.915
1.7e+09	1.55e+07	-67.845
1.8e+09	1.55e+07	-68.18
1.9e+09	1.55e+07	-68.688
2e+09	1.55e+07	-69.636
2.1e+09	1.55e+07	-70.132
2.2e+09	1.55e+07	-71.205
2.3e+09	1.55e+07	-71.545
2.4e+09	1.55e+07	-72.098
2.5e+09	1.55e+07	-73.32
2.6e+09	1.55e+07	-74.382
2.7e+09	1.55e+07	-74.187
2.8e+09	1.55e+07	-73.671
2.9e+09	1.55e+07	-74.057
3e+09	1.55e+07	-74.987
3.1e+09	1.55e+07	-75.642
3.2e+09	1.55e+07	-74.756
3.3e+09	1.55e+07	-74.979
3.4e+09	1.55e+07	-75.991
3.5e+09	1.55e+07	-76.073
3.6e+09	1.55e+07	-75.758
3.7e+09	1.55e+07	-76.542
3.8e+09	1.55e+07	-76.027
3.9e+09	1.55e+07	-76.75
4e+09	1.55e+07	-77.268
4.1e+09	1.55e+07	-78.034
4.2e+09	1.55e+07	-77.713
4.3e+09	1.55e+07	-77.236
4.4e+09	1.55e+07	-77.186
4e+08	1.6e+07	-79.163
5e+08	1.6e+07	-79.122
6e+08	1.6e+07	-78.297
7e+08	1.6e+07	-78.211
8e+08	1.6e+07	-80.175
9e+08	1.6e+07	-79.241
1e+09	1.6e+07	-79.389
1.1e+09	1.6e+07	-79.616
1.2e+09	1.6e+07	-79.52
1.3e+09	1.6e+07	-81.87
1.4e+09	1.6e+07	-81.107
1.5e+09	1.6e+07	-82.027
1.6e+09	1.6e+07	-81.205
1.7e+09	1.6e+07	-81.793
1.8e+09	1.6e+07	-82.396
1.9e+09	1.6e+07	-83.738
2e+09	1.6e+07	-82.947
2.1e+09	1.6e+07	-84.287
2.2e+09	1.6e+07	-84.083
2.3e+09	1.6e+07	-83.416
2.4e+09	1.6e+07	-83.736
2.5e+09	1.6e+07	-83.385
2.6e+09	1.6e+07	-82.897
2.7e+09	1.6e+07	-83.976
2.8e+09	1.6e+07	-82.787
2.9e+09	1.6e+07	-82.514
3e+09	1.6e+07	-83.746
3.1e+09	1.6e+07	-82.463
3.2e+09	1.6e+07	-82.977
3.3e+09	1.6e+07	-83.171
3.4e+09	1.6e+07	-82.821
3.5e+09	1.6e+07	-83.277
3.6e+09	1.6e+07	-80.975
3.7e+09	1.6e+07	-81.08
3.8e+09	1.6e+07	-80.962
3.9e+09	1.6e+07	-83.355
4e+09	1.6e+07	-84.176
4.1e+09	1.6e+07	-82.918
4.2e+09	1.6e+07	-82.714
4.3e+09	1.6e+07	-81.42
4.4e+09	1.6e+07	-83.044
4e+08	1.65e+07	-82.922
5e+08	1.65e+07	-84.123
6e+08	1.65e+07	-83.233
7e+08	1.65e+07	-82.978
8e+08	1.65e+07	-83.863
9e+08	1.65e+07	-83.457
1e+09	1.65e+07	-83.709
1.1e+09	1.65e+07	-83.306
1.2e+09	1.65e+07	-82.06
1.3e+09	1.65e+07	-84.752
1.4e+09	1.65e+07	-82.952
1.5e+09	1.65e+07	-83.434
1.6e+09	1.65e+07	-84.672
1.7e+09	1.65e+07	-84.185
1.8e+09	1.65e+07	-84.851
1.9e+09	1.65e+07	-84.666
2e+09	1.65e+07	-84.301
2.1e+09	1.65e+07	-84.276
2.2e+09	1.65e+07	-83.734
2.3e+09	1.65e+07	-84.892
2.4e+09	1.65e+07	-84.286
2.5e+09	1.65e+07	-82.914
2.6e+09	1.65e+07	-83.909
2.7e+09	1.65e+07	-84.999
2.8e+09	1.65e+07	-83.173
2.9e+09	1.65e+07	-82.92
3e+09	1.65e+07	-82.937
3.1e+09	1.65e+07	-83.763
3.2e+09	1.65e+07	-83.732
3.3e+09	1.65e+07	-83.713
3.4e+09	1.65e+07	-83.288
3.5e+09	1.65e+07	-83.284
3.6e+09	1.65e+07	-82.017
3.7e+09	1.65e+07	-80.02
3.8e+09	1.65e+07	-81.493
3.9e+09	1.65e+07	-83.235
4e+09	1.65e+07	-82.387
4.1e+09	1.65e+07	-83.902
4.2e+09	1.65e+07	-82.537
4.3e+09	1.65e+07	-81.096
4.4e+09	1.65e+07	-83.347
4e+08	1.7e+07	-83.142
5e+08	1.7e+07	-83.436
6e+08	1.7e+07	-83.217
7e+08	1.7e+07	-83.546
8e+08	1.7e+07	-83.565
9e+08	1.7e+07	-83.579
1e+09	1.7e+07	-84.016
1.1e+09	1.7e+07	-83.918
1.2e+09	1.7e+07	-84.227
1.3e+09	1.7e+07	-84.962
1.4e+09	1.7e+07	-84.477
1.5e+09	1.7e+07	-84.638
1.6e+09	1.7e+07	-84.573
1.7e+09	1.7e+07	-85.105
1.8e+09	1.7e+07	-84.396
1.9e+09	1.7e+07	-84.009
2e+09	1.7e+07	-85.375
2.1e+09	1.7e+07	-83.776
2.2e+09	1.7e+07	-85.735
2.3e+09	1.7e+07	-83.065
2.4e+09	1.7e+07	-83.312
2.5e+09	1.7e+07	-83.269
2.6e+09	1.7e+07	-83.598
2.7e+09	1.7e+07	-83.167
2.8e+09	1.7e+07	-83.343
2.9e+09	1.7e+07	-84.162
3e+09	1.7e+07	-84.314
3.1e+09	1.7e+07	-84.512
3.2e+09	1.7e+07	-83.415
3.3e+09	1.7e+07	-83.334
3.4e+09	1.7e+07	-83.746
3.5e+09	1.7e+07	-83.472
3.6e+09	1.7e+07	-80.753
3.7e+09	1.7e+07	-81.213
3.8e+09	1.7e+07	-80.705
3.9e+09	1.7e+07	-82.185
4e+09	1.7e+07	-83.186
4.1e+09	1.7e+07	-83.43
4.2e+09	1.7e+07	-82.958
4.3e+09	1.7e+07	-81.254
4.4e+09	1.7e+07	-84.193
