4e+08	2.9877
4.5e+08	3.5463
5e+08	3.9699
5.5e+08	3.6674
6e+08	4.2111
6.5e+08	4.0658
7e+08	3.806
7.5e+08	3.4971
8e+08	3.192
8.5e+08	2.8875
9e+08	2.5907
9.5e+08	2.2641
1e+09	1.8946
1.05e+09	1.4025
1.1e+09	1.0423
1.15e+09	0.90533
1.2e+09	0.66023
1.25e+09	0.38491
1.3e+09	0.11038
1.35e+09	-0.20402
1.4e+09	-0.46234
1.45e+09	-0.80415
1.5e+09	-1.2094
1.55e+09	-1.5931
1.6e+09	-1.9775
1.65e+09	-2.3148
1.7e+09	-2.6551
1.75e+09	-2.8913
1.8e+09	-3.1376
1.85e+09	-3.4188
1.9e+09	-3.7682
1.95e+09	-4.107
2e+09	-4.4624
2.05e+09	-4.8867
2.1e+09	-5.3597
2.15e+09	-5.8384
2.2e+09	-6.267
2.25e+09	-6.6198
2.3e+09	-6.8432
2.35e+09	-6.9861
2.4e+09	-7.1135
2.45e+09	-7.3371
2.5e+09	-7.8693
2.55e+09	-8.475
2.6e+09	-9.1076
2.65e+09	-9.5172
2.7e+09	-9.6693
2.75e+09	-9.5116
2.8e+09	-9.0385
2.85e+09	-8.9036
2.9e+09	-9.0309
2.95e+09	-9.6405
3e+09	-10.231
3.05e+09	-10.724
3.1e+09	-10.835
3.15e+09	-10.604
3.2e+09	-10.243
3.25e+09	-9.8952
3.3e+09	-9.9659
3.35e+09	-10.285
3.4e+09	-10.722
3.45e+09	-10.953
3.5e+09	-10.999
3.55e+09	-10.955
3.6e+09	-11.025
3.65e+09	-11.369
3.7e+09	-11.772
3.75e+09	-12.252
3.8e+09	-12.4
3.85e+09	-12.225
3.9e+09	-12.024
3.95e+09	-11.85
4e+09	-12.272
4.05e+09	-12.75
4.1e+09	-13.188
4.15e+09	-13.497
4.2e+09	-13.367
4.25e+09	-13.025
4.3e+09	-12.645
4.35e+09	-12.568
4.4e+09	-12.796
