4e+08	12.518
4.5e+08	13.011
5e+08	13.365
5.5e+08	12.992
6e+08	13.491
6.5e+08	13.341
7e+08	13.127
7.5e+08	12.911
8e+08	12.71
8.5e+08	12.483
9e+08	12.24
9.5e+08	11.953
1e+09	11.618
1.05e+09	11.15
1.1e+09	10.801
1.15e+09	10.686
1.2e+09	10.462
1.25e+09	10.203
1.3e+09	9.9485
1.35e+09	9.664
1.4e+09	9.4184
1.45e+09	9.0986
1.5e+09	8.7151
1.55e+09	8.3449
1.6e+09	7.9843
1.65e+09	7.6528
1.7e+09	7.3521
1.75e+09	7.1315
1.8e+09	6.8973
1.85e+09	6.6285
1.9e+09	6.2879
1.95e+09	6.0761
2e+09	5.7324
2.05e+09	5.3191
2.1e+09	4.8765
2.15e+09	4.4317
2.2e+09	4.0216
2.25e+09	3.6658
2.3e+09	3.4579
2.35e+09	3.3553
2.4e+09	3.2431
2.45e+09	3.0257
2.5e+09	2.5063
2.55e+09	1.8913
2.6e+09	1.2443
2.65e+09	0.81285
2.7e+09	0.6373
2.75e+09	0.78295
2.8e+09	1.1801
2.85e+09	1.3721
2.9e+09	1.2503
2.95e+09	0.65977
3e+09	0.042491
3.05e+09	-0.46413
3.1e+09	-0.59521
3.15e+09	-0.35027
3.2e+09	0.038063
3.25e+09	0.35411
3.3e+09	0.28878
3.35e+09	-0.071644
3.4e+09	-0.5265
3.45e+09	-0.7535
3.5e+09	-0.78937
3.55e+09	-0.74892
3.6e+09	-0.8256
3.65e+09	-1.2136
3.7e+09	-1.736
3.75e+09	-2.1781
3.8e+09	-2.2736
3.85e+09	-2.12
3.9e+09	-1.9063
3.95e+09	-1.7393
4e+09	-2.1471
4.05e+09	-2.6926
4.1e+09	-3.1758
4.15e+09	-3.4362
4.2e+09	-3.3657
4.25e+09	-2.9723
4.3e+09	-2.6079
4.35e+09	-2.559
4.4e+09	-2.7312
