4e+08	17.213
4.5e+08	17.729
5e+08	18.117
5.5e+08	17.764
6e+08	18.27
6.5e+08	18.119
7e+08	17.926
7.5e+08	17.747
8e+08	17.584
8.5e+08	17.391
9e+08	17.175
9.5e+08	16.901
1e+09	16.567
1.05e+09	16.09
1.1e+09	15.729
1.15e+09	15.604
1.2e+09	15.384
1.25e+09	15.133
1.3e+09	14.881
1.35e+09	14.59
1.4e+09	14.332
1.45e+09	14.006
1.5e+09	13.631
1.55e+09	13.274
1.6e+09	12.94
1.65e+09	12.615
1.7e+09	12.304
1.75e+09	12.073
1.8e+09	11.834
1.85e+09	11.57
1.9e+09	11.243
1.95e+09	10.963
2e+09	10.625
2.05e+09	10.196
2.1e+09	9.7496
2.15e+09	9.3165
2.2e+09	8.9257
2.25e+09	8.6
2.3e+09	8.4152
2.35e+09	8.3254
2.4e+09	8.2141
2.45e+09	7.9981
2.5e+09	7.4916
2.55e+09	6.8963
2.6e+09	6.258
2.65e+09	5.9274
2.7e+09	5.7488
2.75e+09	5.8816
2.8e+09	6.2534
2.85e+09	6.4535
2.9e+09	6.3457
2.95e+09	5.7741
3e+09	5.1507
3.05e+09	4.6327
3.1e+09	4.4837
3.15e+09	4.7212
3.2e+09	5.1213
3.25e+09	5.4563
3.3e+09	5.4199
3.35e+09	5.0634
3.4e+09	4.5989
3.45e+09	4.3621
3.5e+09	4.3297
3.55e+09	4.393
3.6e+09	4.3499
3.65e+09	3.9776
3.7e+09	3.4319
3.75e+09	2.9759
3.8e+09	2.8773
3.85e+09	3.024
3.9e+09	3.2509
3.95e+09	3.4387
4e+09	3.0445
4.05e+09	2.4767
4.1e+09	1.96
4.15e+09	1.7003
4.2e+09	1.7649
4.25e+09	2.1932
4.3e+09	2.5919
4.35e+09	2.6477
4.4e+09	2.4716
