4e+08	20.093
4.5e+08	20.688
5e+08	21.255
5.5e+08	21.365
6e+08	22.04
6.5e+08	22.078
7e+08	21.95
7.5e+08	21.762
8e+08	21.648
8.5e+08	21.587
9e+08	21.635
9.5e+08	21.589
1e+09	21.362
1.05e+09	20.906
1.1e+09	20.478
1.15e+09	20.255
1.2e+09	20.057
1.25e+09	19.922
1.3e+09	19.738
1.35e+09	19.478
1.4e+09	19.204
1.45e+09	18.838
1.5e+09	18.44
1.55e+09	18.07
1.6e+09	17.773
1.65e+09	17.468
1.7e+09	17.166
1.75e+09	16.933
1.8e+09	16.682
1.85e+09	16.405
1.9e+09	16.069
1.95e+09	15.805
2e+09	15.475
2.05e+09	15.058
2.1e+09	14.614
2.15e+09	14.178
2.2e+09	13.788
2.25e+09	13.461
2.3e+09	13.284
2.35e+09	13.217
2.4e+09	13.128
2.45e+09	12.921
2.5e+09	12.416
2.55e+09	11.815
2.6e+09	11.179
2.65e+09	10.759
2.7e+09	10.59
2.75e+09	10.74
2.8e+09	11.123
2.85e+09	11.329
2.9e+09	11.216
2.95e+09	10.644
3e+09	10.024
3.05e+09	9.5205
3.1e+09	9.3832
3.15e+09	9.6258
3.2e+09	10.02
3.25e+09	10.325
3.3e+09	10.281
3.35e+09	9.9352
3.4e+09	9.4888
3.45e+09	9.2596
3.5e+09	9.2171
3.55e+09	9.2673
3.6e+09	9.2184
3.65e+09	8.8751
3.7e+09	8.3562
3.75e+09	7.9303
3.8e+09	7.854
3.85e+09	7.9954
3.9e+09	8.219
3.95e+09	8.4246
4e+09	8.0706
4.05e+09	7.5286
4.1e+09	7.0058
4.15e+09	6.7219
4.2e+09	6.761
4.25e+09	7.1993
4.3e+09	7.6248
4.35e+09	7.7216
4.4e+09	7.5838
