4e+08	19.433
4.5e+08	20.235
5e+08	20.938
5.5e+08	21.057
6e+08	22.049
6.5e+08	22.323
7e+08	22.297
7.5e+08	22.087
8e+08	22.096
8.5e+08	22.193
9e+08	22.433
9.5e+08	22.723
1e+09	22.714
1.05e+09	22.458
1.1e+09	22.007
1.15e+09	21.885
1.2e+09	21.953
1.25e+09	22.159
1.3e+09	22.453
1.35e+09	22.427
1.4e+09	22.202
1.45e+09	21.907
1.5e+09	21.596
1.55e+09	21.377
1.6e+09	21.336
1.65e+09	21.419
1.7e+09	21.398
1.75e+09	21.247
1.8e+09	21.062
1.85e+09	20.817
1.9e+09	20.548
1.95e+09	20.423
2e+09	20.346
2.05e+09	20.098
2.1e+09	19.705
2.15e+09	19.208
2.2e+09	18.756
2.25e+09	18.357
2.3e+09	18.301
2.35e+09	18.461
2.4e+09	18.52
2.45e+09	18.359
2.5e+09	17.826
2.55e+09	17.143
2.6e+09	16.402
2.65e+09	15.992
2.7e+09	15.9
2.75e+09	16.084
2.8e+09	16.508
2.85e+09	16.715
2.9e+09	16.544
2.95e+09	15.875
3e+09	15.192
3.05e+09	14.659
3.1e+09	14.514
3.15e+09	14.759
3.2e+09	15.132
3.25e+09	15.354
3.3e+09	15.207
3.35e+09	14.776
3.4e+09	14.291
3.45e+09	14.047
3.5e+09	13.98
3.55e+09	13.981
3.6e+09	13.86
3.65e+09	13.452
3.7e+09	12.93
3.75e+09	12.502
3.8e+09	12.448
3.85e+09	12.599
3.9e+09	12.821
3.95e+09	13.021
4e+09	12.665
4.05e+09	12.135
4.1e+09	11.621
4.15e+09	11.362
4.2e+09	11.428
4.25e+09	11.902
4.3e+09	12.363
4.35e+09	12.485
4.4e+09	12.365
