4e+08	19.64
4.5e+08	20.221
5e+08	20.873
5.5e+08	20.662
6e+08	21.892
6.5e+08	22.131
7e+08	22.081
7.5e+08	21.822
8e+08	21.779
8.5e+08	21.862
9e+08	22.053
9.5e+08	22.246
1e+09	22.197
1.05e+09	21.881
1.1e+09	21.177
1.15e+09	20.863
1.2e+09	20.84
1.25e+09	20.91
1.3e+09	21.019
1.35e+09	21.442
1.4e+09	21.558
1.45e+09	21.44
1.5e+09	21.291
1.55e+09	21.33
1.6e+09	21.568
1.65e+09	21.911
1.7e+09	22.184
1.75e+09	22.217
1.8e+09	22.113
1.85e+09	21.981
1.9e+09	21.782
1.95e+09	21.768
2e+09	22.071
2.05e+09	22.072
2.1e+09	21.629
2.15e+09	20.98
2.2e+09	20.545
2.25e+09	20.119
2.3e+09	20.171
2.35e+09	20.587
2.4e+09	20.797
2.45e+09	20.669
2.5e+09	20.228
2.55e+09	19.556
2.6e+09	18.863
2.65e+09	18.848
2.7e+09	18.993
2.75e+09	19.311
2.8e+09	19.977
2.85e+09	20.371
2.9e+09	20.05
2.95e+09	19.291
3e+09	18.897
3.05e+09	18.709
3.1e+09	18.923
3.15e+09	19.384
3.2e+09	19.789
3.25e+09	19.845
3.3e+09	19.447
3.35e+09	18.924
3.4e+09	18.573
3.45e+09	18.504
3.5e+09	18.468
3.55e+09	18.368
3.6e+09	18.096
3.65e+09	17.64
3.7e+09	17.209
3.75e+09	16.964
3.8e+09	17.066
3.85e+09	17.281
3.9e+09	17.492
3.95e+09	17.71
4e+09	17.404
4.05e+09	16.958
4.1e+09	16.485
4.15e+09	16.235
4.2e+09	16.293
4.25e+09	16.801
4.3e+09	17.342
4.35e+09	17.511
4.4e+09	17.375
