4e+08	7.7469
4.5e+08	8.2656
5e+08	8.6411
5.5e+08	8.293
6e+08	8.807
6.5e+08	8.6644
7e+08	8.4509
7.5e+08	8.2217
8e+08	8.0041
8.5e+08	7.7716
9e+08	7.5258
9.5e+08	7.2283
1e+09	6.8669
1.05e+09	6.3656
1.1e+09	5.9895
1.15e+09	5.9268
1.2e+09	5.6885
1.25e+09	5.4167
1.3e+09	5.1441
1.35e+09	4.8281
1.4e+09	4.5577
1.45e+09	4.2168
1.5e+09	3.8178
1.55e+09	3.4407
1.6e+09	3.071
1.65e+09	2.7322
1.7e+09	2.4012
1.75e+09	2.1572
1.8e+09	1.9047
1.85e+09	1.623
1.9e+09	1.28
1.95e+09	0.96544
2e+09	0.61393
2.05e+09	0.18019
2.1e+09	-0.28745
2.15e+09	-0.75286
2.2e+09	-1.1672
2.25e+09	-1.5107
2.3e+09	-1.7117
2.35e+09	-1.8202
2.4e+09	-1.9375
2.45e+09	-2.161
2.5e+09	-2.6836
2.55e+09	-3.276
2.6e+09	-3.8966
2.65e+09	-4.3005
2.7e+09	-4.4565
2.75e+09	-4.3047
2.8e+09	-3.8881
2.85e+09	-3.7161
2.9e+09	-3.8279
2.95e+09	-4.4039
3e+09	-4.9968
3.05e+09	-5.4952
3.1e+09	-5.6271
3.15e+09	-5.396
3.2e+09	-5.0182
3.25e+09	-4.6677
3.3e+09	-4.6998
3.35e+09	-5.0171
3.4e+09	-5.4604
3.45e+09	-5.6897
3.5e+09	-5.7265
3.55e+09	-5.6651
3.6e+09	-5.6956
3.65e+09	-6.0282
3.7e+09	-6.4969
3.75e+09	-6.9594
3.8e+09	-7.0865
3.85e+09	-6.9299
3.9e+09	-6.7081
3.95e+09	-6.5105
4e+09	-6.9029
4.05e+09	-7.4304
4.1e+09	-7.9153
4.15e+09	-8.2046
4.2e+09	-8.1131
4.25e+09	-7.7138
4.3e+09	-7.3108
4.35e+09	-7.2287
4.4e+09	-7.4239
