4e+08	3.5743
4.5e+08	4.0918
5e+08	4.482
5.5e+08	4.4347
6e+08	4.6748
6.5e+08	4.5016
7e+08	4.2136
7.5e+08	3.8795
8e+08	3.5481
8.5e+08	3.2207
9e+08	2.9011
9.5e+08	2.5473
1e+09	2.149
1.05e+09	1.6351
1.1e+09	1.2833
1.15e+09	1.1333
1.2e+09	0.87469
1.25e+09	0.58677
1.3e+09	0.30311
1.35e+09	-0.022047
1.4e+09	-0.2897
1.45e+09	-0.6399
1.5e+09	-1.0504
1.55e+09	-1.4406
1.6e+09	-1.8363
1.65e+09	-2.1843
1.7e+09	-2.5375
1.75e+09	-2.7816
1.8e+09	-3.0324
1.85e+09	-3.3182
1.9e+09	-3.6735
1.95e+09	-4.0164
2e+09	-4.379
2.05e+09	-4.8094
2.1e+09	-5.2851
2.15e+09	-5.7622
2.2e+09	-6.1882
2.25e+09	-6.5384
2.3e+09	-6.7555
2.35e+09	-6.9053
2.4e+09	-7.0377
2.45e+09	-7.2665
2.5e+09	-7.7967
2.55e+09	-8.4003
2.6e+09	-9.0321
2.65e+09	-9.4397
2.7e+09	-9.5899
2.75e+09	-9.4375
2.8e+09	-8.9776
2.85e+09	-8.8416
2.9e+09	-8.9587
2.95e+09	-9.5641
3e+09	-10.156
3.05e+09	-10.649
3.1e+09	-10.764
3.15e+09	-10.537
3.2e+09	-10.183
3.25e+09	-9.8358
3.3e+09	-9.9088
3.35e+09	-10.224
3.4e+09	-10.665
3.45e+09	-10.898
3.5e+09	-10.95
3.55e+09	-10.91
3.6e+09	-10.979
3.65e+09	-11.311
3.7e+09	-11.703
3.75e+09	-12.201
3.8e+09	-12.364
3.85e+09	-12.192
3.9e+09	-11.995
3.95e+09	-11.825
4e+09	-12.256
4.05e+09	-12.72
4.1e+09	-13.137
4.15e+09	-13.458
4.2e+09	-13.322
4.25e+09	-12.984
4.3e+09	-12.599
4.35e+09	-12.511
4.4e+09	-12.751
