4e+08	13.086
4.5e+08	13.538
5e+08	13.856
5.5e+08	13.738
6e+08	13.935
6.5e+08	13.758
7e+08	13.523
7.5e+08	13.281
8e+08	13.045
8.5e+08	12.792
9e+08	12.531
9.5e+08	12.217
1e+09	11.85
1.05e+09	11.365
1.1e+09	11.024
1.15e+09	10.895
1.2e+09	10.655
1.25e+09	10.385
1.3e+09	10.118
1.35e+09	9.8176
1.4e+09	9.5613
1.45e+09	9.2348
1.5e+09	8.8437
1.55e+09	8.4665
1.6e+09	8.096
1.65e+09	7.8314
1.7e+09	7.522
1.75e+09	7.2992
1.8e+09	7.0665
1.85e+09	6.7981
1.9e+09	6.4609
1.95e+09	6.1595
2e+09	5.8159
2.05e+09	5.3972
2.1e+09	4.9527
2.15e+09	4.5087
2.2e+09	4.099
2.25e+09	3.7442
2.3e+09	3.5377
2.35e+09	3.4321
2.4e+09	3.3157
2.45e+09	3.0935
2.5e+09	2.5713
2.55e+09	1.9572
2.6e+09	1.312
2.65e+09	0.88381
2.7e+09	0.70836
2.75e+09	0.85441
2.8e+09	1.2466
2.85e+09	1.4367
2.9e+09	1.3185
2.95e+09	0.72955
3e+09	0.11324
3.05e+09	-0.39352
3.1e+09	-0.52618
3.15e+09	-0.28436
3.2e+09	0.10113
3.25e+09	0.41664
3.3e+09	0.35043
3.35e+09	-0.011389
3.4e+09	-0.46931
3.45e+09	-0.69935
3.5e+09	-0.73984
3.55e+09	-0.70357
3.6e+09	-0.78112
3.65e+09	-1.1664
3.7e+09	-1.6798
3.75e+09	-2.1247
3.8e+09	-2.225
3.85e+09	-2.0732
3.9e+09	-1.8641
3.95e+09	-1.6997
4e+09	-2.1098
4.05e+09	-2.6487
4.1e+09	-3.1192
4.15e+09	-3.3816
4.2e+09	-3.3032
4.25e+09	-2.9057
4.3e+09	-2.5346
4.35e+09	-2.4817
4.4e+09	-2.6561
