4e+08	17.978
4.5e+08	18.395
5e+08	18.684
5.5e+08	18.54
6e+08	18.725
6.5e+08	18.549
7e+08	18.327
7.5e+08	18.116
8e+08	17.925
8.5e+08	17.708
9e+08	17.474
9.5e+08	17.172
1e+09	16.809
1.05e+09	16.319
1.1e+09	15.961
1.15e+09	15.824
1.2e+09	15.593
1.25e+09	15.328
1.3e+09	15.062
1.35e+09	14.76
1.4e+09	14.494
1.45e+09	14.162
1.5e+09	13.775
1.55e+09	13.412
1.6e+09	13.06
1.65e+09	12.722
1.7e+09	12.402
1.75e+09	12.163
1.8e+09	11.921
1.85e+09	11.652
1.9e+09	11.325
1.95e+09	11.038
2e+09	10.692
2.05e+09	10.257
2.1e+09	9.8013
2.15e+09	9.371
2.2e+09	8.9796
2.25e+09	8.6501
2.3e+09	8.4603
2.35e+09	8.3723
2.4e+09	8.2558
2.45e+09	8.1284
2.5e+09	7.6272
2.55e+09	7.0353
2.6e+09	6.4136
2.65e+09	5.9927
2.7e+09	5.8136
2.75e+09	5.9478
2.8e+09	6.3187
2.85e+09	6.5158
2.9e+09	6.4096
2.95e+09	5.8375
3e+09	5.2186
3.05e+09	4.7006
3.1e+09	4.5497
3.15e+09	4.786
3.2e+09	5.1837
3.25e+09	5.514
3.3e+09	5.4748
3.35e+09	5.1182
3.4e+09	4.6542
3.45e+09	4.4161
3.5e+09	4.3818
3.55e+09	4.4423
3.6e+09	4.3951
3.65e+09	4.0233
3.7e+09	3.4828
3.75e+09	3.023
3.8e+09	2.9221
3.85e+09	3.0694
3.9e+09	3.2959
3.95e+09	3.4823
4e+09	3.0811
4.05e+09	2.5163
4.1e+09	2.0115
4.15e+09	1.7542
4.2e+09	1.827
4.25e+09	2.2599
4.3e+09	2.6626
4.35e+09	2.7226
4.4e+09	2.5467
