4e+08	21.898
4.5e+08	22.342
5e+08	22.746
5.5e+08	22.817
6e+08	23.253
6.5e+08	23.221
7e+08	23.055
7.5e+08	22.876
8e+08	22.715
8.5e+08	22.583
9e+08	22.444
9.5e+08	22.182
1e+09	21.845
1.05e+09	21.371
1.1e+09	20.996
1.15e+09	20.824
1.2e+09	20.568
1.25e+09	20.317
1.3e+09	20.055
1.35e+09	19.748
1.4e+09	19.466
1.45e+09	19.104
1.5e+09	18.697
1.55e+09	18.315
1.6e+09	17.968
1.65e+09	17.632
1.7e+09	17.311
1.75e+09	17.066
1.8e+09	16.808
1.85e+09	16.53
1.9e+09	16.19
1.95e+09	15.914
2e+09	15.577
2.05e+09	15.149
2.1e+09	14.695
2.15e+09	14.262
2.2e+09	13.87
2.25e+09	13.549
2.3e+09	13.372
2.35e+09	13.297
2.4e+09	13.2
2.45e+09	12.986
2.5e+09	12.482
2.55e+09	11.882
2.6e+09	11.256
2.65e+09	10.835
2.7e+09	10.663
2.75e+09	10.808
2.8e+09	11.191
2.85e+09	11.396
2.9e+09	11.284
2.95e+09	10.708
3e+09	10.082
3.05e+09	9.5772
3.1e+09	9.4405
3.15e+09	9.679
3.2e+09	10.077
3.25e+09	10.382
3.3e+09	10.332
3.35e+09	9.9815
3.4e+09	9.5343
3.45e+09	9.302
3.5e+09	9.2557
3.55e+09	9.3026
3.6e+09	9.251
3.65e+09	8.906
3.7e+09	8.3879
3.75e+09	8.0553
3.8e+09	7.9805
3.85e+09	8.1225
3.9e+09	8.3418
3.95e+09	8.5453
4e+09	8.1884
4.05e+09	7.6547
4.1e+09	7.1431
4.15e+09	6.8768
4.2e+09	6.9261
4.25e+09	7.3665
4.3e+09	7.7986
4.35e+09	7.9011
4.4e+09	7.7652
