4e+08	21.918
4.5e+08	22.704
5e+08	23.365
5.5e+08	23.414
6e+08	24.368
6.5e+08	24.56
7e+08	24.474
7.5e+08	24.261
8e+08	24.273
8.5e+08	24.363
9e+08	24.615
9.5e+08	24.876
1e+09	24.754
1.05e+09	24.424
1.1e+09	24.048
1.15e+09	23.862
1.2e+09	23.795
1.25e+09	23.805
1.3e+09	23.858
1.35e+09	23.697
1.4e+09	23.408
1.45e+09	23.04
1.5e+09	22.666
1.55e+09	22.389
1.6e+09	22.292
1.65e+09	22.22
1.7e+09	22.091
1.75e+09	21.916
1.8e+09	21.702
1.85e+09	21.466
1.9e+09	21.198
1.95e+09	21.03
2e+09	20.797
2.05e+09	20.451
2.1e+09	20.047
2.15e+09	19.684
2.2e+09	19.337
2.25e+09	19.032
2.3e+09	18.92
2.35e+09	18.933
2.4e+09	18.889
2.45e+09	18.715
2.5e+09	18.223
2.55e+09	17.602
2.6e+09	16.9
2.65e+09	16.413
2.7e+09	16.197
2.75e+09	16.304
2.8e+09	16.682
2.85e+09	16.864
2.9e+09	16.699
2.95e+09	16.031
3e+09	15.328
3.05e+09	14.772
3.1e+09	14.616
3.15e+09	14.852
3.2e+09	15.23
3.25e+09	15.456
3.3e+09	15.304
3.35e+09	14.868
3.4e+09	14.375
3.45e+09	14.119
3.5e+09	14.044
3.55e+09	14.042
3.6e+09	13.918
3.65e+09	13.516
3.7e+09	12.993
3.75e+09	12.566
3.8e+09	12.504
3.85e+09	12.656
3.9e+09	12.872
3.95e+09	13.071
4e+09	12.711
4.05e+09	12.184
4.1e+09	11.683
4.15e+09	11.433
4.2e+09	11.506
4.25e+09	11.987
4.3e+09	12.457
4.35e+09	12.585
4.4e+09	12.465
