4e+08	21.698
4.5e+08	22.27
5e+08	22.898
5.5e+08	22.797
6e+08	23.936
6.5e+08	24.191
7e+08	24.133
7.5e+08	23.885
8e+08	23.851
8.5e+08	23.937
9e+08	24.119
9.5e+08	24.322
1e+09	24.255
1.05e+09	23.948
1.1e+09	23.297
1.15e+09	23.022
1.2e+09	23.049
1.25e+09	23.211
1.3e+09	23.474
1.35e+09	23.937
1.4e+09	23.948
1.45e+09	23.799
1.5e+09	23.633
1.55e+09	23.58
1.6e+09	23.751
1.65e+09	24.115
1.7e+09	24.296
1.75e+09	24.239
1.8e+09	24.096
1.85e+09	23.933
1.9e+09	23.686
1.95e+09	23.652
2e+09	23.785
2.05e+09	23.633
2.1e+09	23.191
2.15e+09	22.71
2.2e+09	22.405
2.25e+09	22.107
2.3e+09	22.11
2.35e+09	22.412
2.4e+09	22.547
2.45e+09	22.43
2.5e+09	21.995
2.55e+09	21.288
2.6e+09	20.452
2.65e+09	20.024
2.7e+09	20.013
2.75e+09	20.317
2.8e+09	20.962
2.85e+09	21.302
2.9e+09	21.029
2.95e+09	20.256
3e+09	19.684
3.05e+09	19.314
3.1e+09	19.347
3.15e+09	19.707
3.2e+09	20.079
3.25e+09	20.141
3.3e+09	19.802
3.35e+09	19.292
3.4e+09	18.877
3.45e+09	18.711
3.5e+09	18.63
3.55e+09	18.53
3.6e+09	18.29
3.65e+09	17.894
3.7e+09	17.494
3.75e+09	17.21
3.8e+09	17.254
3.85e+09	17.428
3.9e+09	17.627
3.95e+09	17.857
4e+09	17.58
4.05e+09	17.144
4.1e+09	16.655
4.15e+09	16.372
4.2e+09	16.423
4.25e+09	16.933
4.3e+09	17.489
4.35e+09	17.689
4.4e+09	17.57
