4e+08	8.4205
4.5e+08	8.7807
5e+08	9.119
5.5e+08	9.0271
6e+08	9.2367
6.5e+08	9.065
7e+08	8.8237
7.5e+08	8.5681
8e+08	8.3335
8.5e+08	8.0752
9e+08	7.879
9.5e+08	7.5563
1e+09	7.1753
1.05e+09	6.6635
1.1e+09	6.3011
1.15e+09	6.1511
1.2e+09	5.9009
1.25e+09	5.617
1.3e+09	5.3345
1.35e+09	5.0112
1.4e+09	4.7344
1.45e+09	4.3863
1.5e+09	3.9819
1.55e+09	3.5967
1.6e+09	3.2155
1.65e+09	2.8639
1.7e+09	2.5201
1.75e+09	2.2686
1.8e+09	2.0109
1.85e+09	1.7245
1.9e+09	1.3763
1.95e+09	1.0567
2e+09	0.69766
2.05e+09	0.25969
2.1e+09	-0.21291
2.15e+09	-0.67943
2.2e+09	-1.0919
2.25e+09	-1.433
2.3e+09	-1.6326
2.35e+09	-1.7439
2.4e+09	-1.8676
2.45e+09	-2.0954
2.5e+09	-2.617
2.55e+09	-3.209
2.6e+09	-3.8257
2.65e+09	-4.2262
2.7e+09	-4.3815
2.75e+09	-4.231
2.8e+09	-3.8215
2.85e+09	-3.6512
2.9e+09	-3.7575
2.95e+09	-4.3323
3e+09	-4.9246
3.05e+09	-5.4241
3.1e+09	-5.5592
3.15e+09	-5.3323
3.2e+09	-4.9578
3.25e+09	-4.609
3.3e+09	-4.6418
3.35e+09	-4.9592
3.4e+09	-5.4024
3.45e+09	-5.6347
3.5e+09	-5.6764
3.55e+09	-5.6169
3.6e+09	-5.6491
3.65e+09	-5.9768
3.7e+09	-6.4317
3.75e+09	-6.9019
3.8e+09	-7.0367
3.85e+09	-6.882
3.9e+09	-6.6615
3.95e+09	-6.4646
4e+09	-6.8629
4.05e+09	-7.38
4.1e+09	-7.852
4.15e+09	-8.1461
4.2e+09	-8.0459
4.25e+09	-7.6479
4.3e+09	-7.2391
4.35e+09	-7.1529
4.4e+09	-7.3526
