4e+08	-7.4924
4.5e+08	-7.9077
5e+08	-8.4827
5.5e+08	-7.6838
6e+08	-7.6904
6.5e+08	-8.6695
7e+08	-8.456
7.5e+08	-7.9203
8e+08	-8.5799
8.5e+08	-8.889
9e+08	-8.2357
9.5e+08	-8.4885
1e+09	-9.4953
1.05e+09	-9.6273
1.1e+09	-9.5061
1.15e+09	-10.603
1.2e+09	-9.9662
1.25e+09	-9.7421
1.3e+09	-10.289
1.35e+09	-10.247
1.4e+09	-10.243
1.45e+09	-10.924
1.5e+09	-11.551
1.55e+09	-10.79
1.6e+09	-11.77
1.65e+09	-11.59
1.7e+09	-10.75
1.75e+09	-11.189
1.8e+09	-11.205
1.85e+09	-11.039
1.9e+09	-11.03
1.95e+09	-11.989
2e+09	-11.904
2.05e+09	-11.885
2.1e+09	-12.62
2.15e+09	-12.304
2.2e+09	-12.433
2.25e+09	-12.73
2.3e+09	-12.99
2.35e+09	-13.075
2.4e+09	-13.584
2.45e+09	-13.955
2.5e+09	-13.707
2.55e+09	-14.039
2.6e+09	-13.954
2.65e+09	-13.676
2.7e+09	-13.747
2.75e+09	-13.664
2.8e+09	-13.776
2.85e+09	-13.743
2.9e+09	-13.96
2.95e+09	-13.897
3e+09	-14.109
3.05e+09	-14.433
3.1e+09	-14.382
3.15e+09	-15.155
3.2e+09	-15.186
3.25e+09	-15.411
3.3e+09	-15.848
3.35e+09	-16.132
3.4e+09	-16.113
3.45e+09	-16.415
3.5e+09	-16.441
3.55e+09	-16.736
3.6e+09	-17.197
3.65e+09	-16.58
3.7e+09	-17.215
3.75e+09	-17.239
3.8e+09	-16.774
3.85e+09	-17.352
3.9e+09	-17.02
3.95e+09	-17.537
4e+09	-17.563
4.05e+09	-18.134
4.1e+09	-18.338
4.15e+09	-18.957
4.2e+09	-19.407
4.25e+09	-19.634
4.3e+09	-20.761
4.35e+09	-20.383
4.4e+09	-21.336
