4e+08	-7.964
4.5e+08	-8.5608
5e+08	-9.2175
5.5e+08	-8.5439
6e+08	-8.6311
6.5e+08	-9.6012
7e+08	-9.2983
7.5e+08	-8.5324
8e+08	-9.0783
8.5e+08	-9.3005
9e+08	-8.5465
9.5e+08	-8.7138
1e+09	-9.7027
1.05e+09	-9.8401
1.1e+09	-9.6585
1.15e+09	-10.768
1.2e+09	-10.202
1.25e+09	-9.9097
1.3e+09	-10.397
1.35e+09	-10.399
1.4e+09	-10.489
1.45e+09	-11.045
1.5e+09	-11.605
1.55e+09	-10.923
1.6e+09	-11.936
1.65e+09	-11.628
1.7e+09	-10.817
1.75e+09	-11.295
1.8e+09	-11.246
1.85e+09	-11.021
1.9e+09	-11.015
1.95e+09	-12.124
2e+09	-11.94
2.05e+09	-11.767
2.1e+09	-12.699
2.15e+09	-12.326
2.2e+09	-12.336
2.25e+09	-12.707
2.3e+09	-12.969
2.35e+09	-13.078
2.4e+09	-13.425
2.45e+09	-13.765
2.5e+09	-13.721
2.55e+09	-13.937
2.6e+09	-13.764
2.65e+09	-13.575
2.7e+09	-13.657
2.75e+09	-13.545
2.8e+09	-13.673
2.85e+09	-13.542
2.9e+09	-13.774
2.95e+09	-13.804
3e+09	-13.996
3.05e+09	-14.258
3.1e+09	-14.266
3.15e+09	-14.901
3.2e+09	-14.979
3.25e+09	-15.373
3.3e+09	-15.517
3.35e+09	-15.749
3.4e+09	-16.023
3.45e+09	-16.207
3.5e+09	-16.265
3.55e+09	-16.404
3.6e+09	-16.781
3.65e+09	-16.618
3.7e+09	-17.165
3.75e+09	-16.87
3.8e+09	-16.631
3.85e+09	-17.182
3.9e+09	-16.885
3.95e+09	-17.492
4e+09	-17.34
4.05e+09	-17.825
4.1e+09	-18.131
4.15e+09	-18.738
4.2e+09	-19.341
4.25e+09	-19.337
4.3e+09	-20.315
4.35e+09	-20.233
4.4e+09	-21.138
