4e+08	-7.9035
4.5e+08	-8.4148
5e+08	-9.0703
5.5e+08	-8.4347
6e+08	-8.5237
6.5e+08	-9.3987
7e+08	-9.1257
7.5e+08	-8.4783
8e+08	-9.0285
8.5e+08	-9.2665
9e+08	-8.5345
9.5e+08	-8.7406
1e+09	-9.7169
1.05e+09	-9.8342
1.1e+09	-9.7087
1.15e+09	-10.786
1.2e+09	-10.149
1.25e+09	-9.9212
1.3e+09	-10.463
1.35e+09	-10.422
1.4e+09	-10.424
1.45e+09	-11.03
1.5e+09	-11.683
1.55e+09	-10.904
1.6e+09	-11.863
1.65e+09	-11.681
1.7e+09	-10.821
1.75e+09	-11.235
1.8e+09	-11.248
1.85e+09	-11.093
1.9e+09	-11.069
1.95e+09	-12.002
2e+09	-11.935
2.05e+09	-11.923
2.1e+09	-12.655
2.15e+09	-12.315
2.2e+09	-12.459
2.25e+09	-12.758
2.3e+09	-12.973
2.35e+09	-13.063
2.4e+09	-13.561
2.45e+09	-13.911
2.5e+09	-13.668
2.55e+09	-14
2.6e+09	-13.897
2.65e+09	-13.601
2.7e+09	-13.675
2.75e+09	-13.573
2.8e+09	-13.671
2.85e+09	-13.651
2.9e+09	-13.893
2.95e+09	-13.805
3e+09	-14.029
3.05e+09	-14.351
3.1e+09	-14.28
3.15e+09	-15.028
3.2e+09	-15.088
3.25e+09	-15.305
3.3e+09	-15.719
3.35e+09	-16.018
3.4e+09	-15.969
3.45e+09	-16.275
3.5e+09	-16.294
3.55e+09	-16.614
3.6e+09	-17.061
3.65e+09	-16.464
3.7e+09	-17.136
3.75e+09	-17.147
3.8e+09	-16.678
3.85e+09	-17.236
3.9e+09	-16.925
3.95e+09	-17.431
4e+09	-17.479
4.05e+09	-17.999
4.1e+09	-18.211
4.15e+09	-18.763
4.2e+09	-19.222
4.25e+09	-19.465
4.3e+09	-20.554
4.35e+09	-20.21
4.4e+09	-21.182
