4e+08	-7.9681
4.5e+08	-8.5821
5e+08	-9.2123
5.5e+08	-8.5214
6e+08	-8.5961
6.5e+08	-9.563
7e+08	-9.2601
7.5e+08	-8.5139
8e+08	-9.0992
8.5e+08	-9.3546
9e+08	-8.61
9.5e+08	-8.7931
1e+09	-9.7981
1.05e+09	-9.938
1.1e+09	-9.7253
1.15e+09	-10.819
1.2e+09	-10.239
1.25e+09	-9.9311
1.3e+09	-10.391
1.35e+09	-10.393
1.4e+09	-10.477
1.45e+09	-10.999
1.5e+09	-11.54
1.55e+09	-10.871
1.6e+09	-11.88
1.65e+09	-11.57
1.7e+09	-10.785
1.75e+09	-11.269
1.8e+09	-11.199
1.85e+09	-10.967
1.9e+09	-10.963
1.95e+09	-12.078
2e+09	-11.873
2.05e+09	-11.705
2.1e+09	-12.635
2.15e+09	-12.249
2.2e+09	-12.239
2.25e+09	-12.602
2.3e+09	-12.867
2.35e+09	-12.979
2.4e+09	-13.342
2.45e+09	-13.683
2.5e+09	-13.629
2.55e+09	-13.85
2.6e+09	-13.668
2.65e+09	-13.477
2.7e+09	-13.561
2.75e+09	-13.459
2.8e+09	-13.588
2.85e+09	-13.435
2.9e+09	-13.67
2.95e+09	-13.69
3e+09	-13.874
3.05e+09	-14.127
3.1e+09	-14.142
3.15e+09	-14.808
3.2e+09	-14.888
3.25e+09	-15.267
3.3e+09	-15.392
3.35e+09	-15.63
3.4e+09	-15.904
3.45e+09	-16.097
3.5e+09	-16.15
3.55e+09	-16.277
3.6e+09	-16.673
3.65e+09	-16.478
3.7e+09	-17.03
3.75e+09	-16.713
3.8e+09	-16.476
3.85e+09	-17.017
3.9e+09	-16.724
3.95e+09	-17.355
4e+09	-17.18
4.05e+09	-17.662
4.1e+09	-17.984
4.15e+09	-18.582
4.2e+09	-19.213
4.25e+09	-19.209
4.3e+09	-20.191
4.35e+09	-20.096
4.4e+09	-21.013
