4e+08	-7.6498
4.5e+08	-8.3086
5e+08	-8.9945
5.5e+08	-8.4137
6e+08	-8.6099
6.5e+08	-9.6216
7e+08	-9.3546
7.5e+08	-8.646
8e+08	-9.2638
8.5e+08	-9.4812
9e+08	-8.708
9.5e+08	-8.9062
1e+09	-9.9278
1.05e+09	-10.073
1.1e+09	-9.906
1.15e+09	-11.053
1.2e+09	-10.489
1.25e+09	-10.179
1.3e+09	-10.667
1.35e+09	-10.677
1.4e+09	-10.765
1.45e+09	-11.26
1.5e+09	-11.796
1.55e+09	-11.108
1.6e+09	-12.091
1.65e+09	-11.76
1.7e+09	-10.939
1.75e+09	-11.398
1.8e+09	-11.337
1.85e+09	-11.104
1.9e+09	-11.101
1.95e+09	-12.217
2e+09	-12.045
2.05e+09	-11.888
2.1e+09	-12.831
2.15e+09	-12.45
2.2e+09	-12.443
2.25e+09	-12.799
2.3e+09	-13.05
2.35e+09	-13.146
2.4e+09	-13.457
2.45e+09	-13.783
2.5e+09	-13.695
2.55e+09	-13.883
2.6e+09	-13.695
2.65e+09	-13.5
2.7e+09	-13.571
2.75e+09	-13.439
2.8e+09	-13.57
2.85e+09	-13.448
2.9e+09	-13.695
2.95e+09	-13.741
3e+09	-13.944
3.05e+09	-14.199
3.1e+09	-14.175
3.15e+09	-14.792
3.2e+09	-14.848
3.25e+09	-15.172
3.3e+09	-15.297
3.35e+09	-15.517
3.4e+09	-15.787
3.45e+09	-15.961
3.5e+09	-16.009
3.55e+09	-16.146
3.6e+09	-16.541
3.65e+09	-16.443
3.7e+09	-17.03
3.75e+09	-16.744
3.8e+09	-16.509
3.85e+09	-17.065
3.9e+09	-16.769
3.95e+09	-17.362
4e+09	-17.181
4.05e+09	-17.627
4.1e+09	-17.917
4.15e+09	-18.474
4.2e+09	-19.051
4.25e+09	-19.052
4.3e+09	-19.993
4.35e+09	-19.953
4.4e+09	-20.885
