4e+08	-6.8994
4.5e+08	-7.5445
5e+08	-8.1712
5.5e+08	-7.7808
6e+08	-8.3894
6.5e+08	-9.4817
7e+08	-9.23
7.5e+08	-8.5968
8e+08	-9.3702
8.5e+08	-9.5167
9e+08	-8.6292
9.5e+08	-8.9547
1e+09	-10.082
1.05e+09	-10.251
1.1e+09	-10.098
1.15e+09	-11.326
1.2e+09	-10.782
1.25e+09	-10.362
1.3e+09	-10.853
1.35e+09	-10.861
1.4e+09	-10.883
1.45e+09	-11.306
1.5e+09	-11.791
1.55e+09	-11.072
1.6e+09	-12.041
1.65e+09	-11.72
1.7e+09	-10.905
1.75e+09	-11.37
1.8e+09	-11.341
1.85e+09	-11.138
1.9e+09	-11.117
1.95e+09	-12.2
2e+09	-12.025
2.05e+09	-11.885
2.1e+09	-12.807
2.15e+09	-12.429
2.2e+09	-12.365
2.25e+09	-12.709
2.3e+09	-12.976
2.35e+09	-13.073
2.4e+09	-13.348
2.45e+09	-13.664
2.5e+09	-13.569
2.55e+09	-13.764
2.6e+09	-13.649
2.65e+09	-13.529
2.7e+09	-13.654
2.75e+09	-13.443
2.8e+09	-13.564
2.85e+09	-13.476
2.9e+09	-13.71
2.95e+09	-13.787
3e+09	-13.994
3.05e+09	-14.275
3.1e+09	-14.189
3.15e+09	-14.8
3.2e+09	-14.867
3.25e+09	-15.16
3.3e+09	-15.404
3.35e+09	-15.672
3.4e+09	-16.044
3.45e+09	-16.197
3.5e+09	-16.294
3.55e+09	-16.474
3.6e+09	-16.79
3.65e+09	-16.883
3.7e+09	-17.513
3.75e+09	-17.16
3.8e+09	-16.836
3.85e+09	-17.361
3.9e+09	-17.054
3.95e+09	-17.524
4e+09	-17.495
4.05e+09	-17.974
4.1e+09	-18.307
4.15e+09	-18.848
4.2e+09	-19.363
4.25e+09	-19.384
4.3e+09	-20.2
4.35e+09	-20.296
4.4e+09	-21.271
