4e+08	-7.4557
4.5e+08	-8.1202
5e+08	-8.7712
5.5e+08	-8.2694
6e+08	-8.706
6.5e+08	-9.7907
7e+08	-9.532
7.5e+08	-8.8286
8e+08	-9.5301
8.5e+08	-9.7423
9e+08	-8.891
9.5e+08	-9.1328
1e+09	-10.227
1.05e+09	-10.387
1.1e+09	-10.183
1.15e+09	-11.345
1.2e+09	-10.809
1.25e+09	-10.409
1.3e+09	-10.882
1.35e+09	-10.9
1.4e+09	-10.942
1.45e+09	-11.371
1.5e+09	-11.865
1.55e+09	-11.177
1.6e+09	-12.138
1.65e+09	-11.813
1.7e+09	-11.04
1.75e+09	-11.513
1.8e+09	-11.441
1.85e+09	-11.216
1.9e+09	-11.22
1.95e+09	-12.315
2e+09	-12.116
2.05e+09	-12.002
2.1e+09	-12.948
2.15e+09	-12.562
2.2e+09	-12.508
2.25e+09	-12.872
2.3e+09	-13.142
2.35e+09	-13.237
2.4e+09	-13.553
2.45e+09	-13.89
2.5e+09	-13.785
2.55e+09	-13.976
2.6e+09	-13.815
2.65e+09	-13.659
2.7e+09	-13.738
2.75e+09	-13.583
2.8e+09	-13.716
2.85e+09	-13.589
2.9e+09	-13.823
2.95e+09	-13.893
3e+09	-14.098
3.05e+09	-14.362
3.1e+09	-14.331
3.15e+09	-14.959
3.2e+09	-15.021
3.25e+09	-15.337
3.3e+09	-15.494
3.35e+09	-15.73
3.4e+09	-16.035
3.45e+09	-16.199
3.5e+09	-16.255
3.55e+09	-16.404
3.6e+09	-16.755
3.65e+09	-16.717
3.7e+09	-17.322
3.75e+09	-16.989
3.8e+09	-16.712
3.85e+09	-17.251
3.9e+09	-16.97
3.95e+09	-17.525
4e+09	-17.393
4.05e+09	-17.864
4.1e+09	-18.17
4.15e+09	-18.708
4.2e+09	-19.248
4.25e+09	-19.254
4.3e+09	-20.138
4.35e+09	-20.144
4.4e+09	-21.099
