4e+08	-13.822
4.5e+08	-14.465
5e+08	-15.087
5.5e+08	-14.42
6e+08	-15.324
6.5e+08	-16.391
7e+08	-16.14
7.5e+08	-15.541
8e+08	-16.327
8.5e+08	-16.447
9e+08	-15.597
9.5e+08	-15.928
1e+09	-17.008
1.05e+09	-17.183
1.1e+09	-17.029
1.15e+09	-18.222
1.2e+09	-17.691
1.25e+09	-17.297
1.3e+09	-17.756
1.35e+09	-17.752
1.4e+09	-17.78
1.45e+09	-18.196
1.5e+09	-18.667
1.55e+09	-17.944
1.6e+09	-18.893
1.65e+09	-18.591
1.7e+09	-17.798
1.75e+09	-18.248
1.8e+09	-18.22
1.85e+09	-18.039
1.9e+09	-17.994
1.95e+09	-19.04
2e+09	-18.89
2.05e+09	-18.748
2.1e+09	-19.663
2.15e+09	-19.264
2.2e+09	-19.239
2.25e+09	-19.56
2.3e+09	-19.832
2.35e+09	-19.932
2.4e+09	-20.19
2.45e+09	-20.501
2.5e+09	-20.442
2.55e+09	-20.611
2.6e+09	-20.505
2.65e+09	-20.385
2.7e+09	-20.492
2.75e+09	-20.29
2.8e+09	-20.411
2.85e+09	-20.32
2.9e+09	-20.659
2.95e+09	-20.655
3e+09	-20.861
3.05e+09	-21.108
3.1e+09	-21.012
3.15e+09	-21.622
3.2e+09	-21.632
3.25e+09	-21.955
3.3e+09	-22.419
3.35e+09	-22.415
3.4e+09	-22.779
3.45e+09	-22.901
3.5e+09	-22.996
3.55e+09	-23.161
3.6e+09	-23.455
3.65e+09	-23.595
3.7e+09	-24.524
3.75e+09	-23.854
3.8e+09	-23.506
3.85e+09	-23.985
3.9e+09	-23.718
3.95e+09	-24.161
4e+09	-24.147
4.05e+09	-24.61
4.1e+09	-24.875
4.15e+09	-25.389
4.2e+09	-25.861
4.25e+09	-25.898
4.3e+09	-26.614
4.35e+09	-26.713
4.4e+09	-27.62
