4e+08	-8.9198
4.5e+08	-9.5626
5e+08	-10.187
5.5e+08	-9.7304
6e+08	-10.417
6.5e+08	-11.5
7e+08	-11.256
7.5e+08	-10.623
8e+08	-11.394
8.5e+08	-11.537
9e+08	-10.651
9.5e+08	-10.978
1e+09	-12.093
1.05e+09	-12.266
1.1e+09	-12.116
1.15e+09	-13.343
1.2e+09	-12.796
1.25e+09	-12.382
1.3e+09	-12.872
1.35e+09	-12.868
1.4e+09	-12.902
1.45e+09	-13.32
1.5e+09	-13.803
1.55e+09	-13.08
1.6e+09	-14.042
1.65e+09	-13.727
1.7e+09	-12.912
1.75e+09	-13.387
1.8e+09	-13.347
1.85e+09	-13.149
1.9e+09	-13.122
1.95e+09	-14.201
2e+09	-14.033
2.05e+09	-13.894
2.1e+09	-14.806
2.15e+09	-14.415
2.2e+09	-14.362
2.25e+09	-14.699
2.3e+09	-14.966
2.35e+09	-15.073
2.4e+09	-15.332
2.45e+09	-15.661
2.5e+09	-15.568
2.55e+09	-15.755
2.6e+09	-15.645
2.65e+09	-15.516
2.7e+09	-15.641
2.75e+09	-15.425
2.8e+09	-15.561
2.85e+09	-15.466
2.9e+09	-15.706
2.95e+09	-15.779
3e+09	-15.994
3.05e+09	-16.27
3.1e+09	-16.182
3.15e+09	-16.792
3.2e+09	-16.86
3.25e+09	-17.149
3.3e+09	-17.4
3.35e+09	-17.656
3.4e+09	-18.021
3.45e+09	-18.176
3.5e+09	-18.271
3.55e+09	-18.44
3.6e+09	-18.749
3.65e+09	-18.858
3.7e+09	-19.506
3.75e+09	-19.133
3.8e+09	-18.8
3.85e+09	-19.318
3.9e+09	-19.026
3.95e+09	-19.491
4e+09	-19.453
4.05e+09	-19.912
4.1e+09	-20.241
4.15e+09	-20.777
4.2e+09	-21.283
4.25e+09	-21.303
4.3e+09	-22.106
4.35e+09	-22.203
4.4e+09	-23.156
