4e+08	-18.723
4.5e+08	-19.344
5e+08	-19.946
5.5e+08	-18.649
6e+08	-20.16
6.5e+08	-21.207
7e+08	-20.949
7.5e+08	-20.359
8e+08	-21.102
8.5e+08	-21.243
9e+08	-20.388
9.5e+08	-20.712
1e+09	-21.786
1.05e+09	-22.004
1.1e+09	-21.806
1.15e+09	-22.991
1.2e+09	-22.461
1.25e+09	-22.06
1.3e+09	-22.528
1.35e+09	-22.53
1.4e+09	-22.568
1.45e+09	-23.017
1.5e+09	-23.421
1.55e+09	-22.693
1.6e+09	-23.618
1.65e+09	-23.341
1.7e+09	-22.589
1.75e+09	-23.029
1.8e+09	-23.032
1.85e+09	-23.007
1.9e+09	-22.775
1.95e+09	-23.779
2e+09	-23.729
2.05e+09	-23.569
2.1e+09	-24.625
2.15e+09	-23.869
2.2e+09	-23.874
2.25e+09	-24.192
2.3e+09	-24.5
2.35e+09	-24.641
2.4e+09	-24.882
2.45e+09	-25.214
2.5e+09	-25.352
2.55e+09	-25.323
2.6e+09	-25.296
2.65e+09	-25.156
2.7e+09	-25.188
2.75e+09	-24.953
2.8e+09	-25.167
2.85e+09	-25.011
2.9e+09	-25.939
2.95e+09	-25.611
3e+09	-25.792
3.05e+09	-25.967
3.1e+09	-25.708
3.15e+09	-26.533
3.2e+09	-26.168
3.25e+09	-26.842
3.3e+09	-27.153
3.35e+09	-26.942
3.4e+09	-27.398
3.45e+09	-27.306
3.5e+09	-27.532
3.55e+09	-27.638
3.6e+09	-27.87
3.65e+09	-28.301
3.7e+09	-29.08
3.75e+09	-28.386
3.8e+09	-27.9
3.85e+09	-28.3
3.9e+09	-28.098
3.95e+09	-28.49
4e+09	-28.538
4.05e+09	-29.199
4.1e+09	-29.12
4.15e+09	-29.583
4.2e+09	-30.044
4.25e+09	-30.134
4.3e+09	-30.654
4.35e+09	-30.788
4.4e+09	-31.609
