4e+08	-7.6528
4.5e+08	-8.1199
5e+08	-8.742
5.5e+08	-8.0849
6e+08	-8.1252
6.5e+08	-8.9821
7e+08	-8.709
7.5e+08	-8.0907
8e+08	-8.6392
8.5e+08	-8.8771
9e+08	-8.1909
9.5e+08	-8.4167
1e+09	-9.389
1.05e+09	-9.5163
1.1e+09	-9.4049
1.15e+09	-10.49
1.2e+09	-9.8385
1.25e+09	-9.6366
1.3e+09	-10.179
1.35e+09	-10.129
1.4e+09	-10.134
1.45e+09	-10.789
1.5e+09	-11.437
1.55e+09	-10.674
1.6e+09	-11.67
1.65e+09	-11.483
1.7e+09	-10.632
1.75e+09	-11.066
1.8e+09	-11.089
1.85e+09	-10.935
1.9e+09	-10.9
1.95e+09	-11.868
2e+09	-11.79
2.05e+09	-11.75
2.1e+09	-12.482
2.15e+09	-12.142
2.2e+09	-12.268
2.25e+09	-12.566
2.3e+09	-12.821
2.35e+09	-12.913
2.4e+09	-13.401
2.45e+09	-13.775
2.5e+09	-13.523
2.55e+09	-13.848
2.6e+09	-13.765
2.65e+09	-13.503
2.7e+09	-13.586
2.75e+09	-13.491
2.8e+09	-13.587
2.85e+09	-13.551
2.9e+09	-13.773
2.95e+09	-13.694
3e+09	-13.915
3.05e+09	-14.236
3.1e+09	-14.167
3.15e+09	-14.945
3.2e+09	-14.986
3.25e+09	-15.199
3.3e+09	-15.616
3.35e+09	-15.914
3.4e+09	-15.896
3.45e+09	-16.212
3.5e+09	-16.237
3.55e+09	-16.512
3.6e+09	-16.968
3.65e+09	-16.371
3.7e+09	-17.013
3.75e+09	-17.022
3.8e+09	-16.564
3.85e+09	-17.149
3.9e+09	-16.814
3.95e+09	-17.331
4e+09	-17.37
4.05e+09	-17.906
4.1e+09	-18.134
4.15e+09	-18.721
4.2e+09	-19.191
4.25e+09	-19.41
4.3e+09	-20.523
4.35e+09	-20.163
4.4e+09	-21.107
