4e+08	-5.7175
4.5e+08	-5.0416
5e+08	-4.4776
5.5e+08	-5.0773
6e+08	-5.3113
6.5e+08	-4.3331
7e+08	-4.4567
7.5e+08	-4.9068
8e+08	-3.9392
8.5e+08	-3.7067
9e+08	-4.4051
9.5e+08	-4.2432
1e+09	-3.3503
1.05e+09	-3.0588
1.1e+09	-3.1424
1.15e+09	-1.9229
1.2e+09	-2.5708
1.25e+09	-2.8033
1.3e+09	-2.2943
1.35e+09	-2.3742
1.4e+09	-2.3754
1.45e+09	-1.6216
1.5e+09	-0.89706
1.55e+09	-1.5487
1.6e+09	-0.54861
1.65e+09	-0.8332
1.7e+09	-1.6558
1.75e+09	-1.3571
1.8e+09	-1.3222
1.85e+09	-1.3729
1.9e+09	-1.4208
1.95e+09	-0.25683
2e+09	-0.40583
2.05e+09	-0.34858
2.1e+09	0.29242
2.15e+09	-0.088234
2.2e+09	0.047503
2.25e+09	0.33882
2.3e+09	0.73541
2.35e+09	0.84007
2.4e+09	1.3812
2.45e+09	1.7413
2.5e+09	1.3947
2.55e+09	1.6547
2.6e+09	1.5443
2.65e+09	1.4066
2.7e+09	1.5451
2.75e+09	1.4749
2.8e+09	1.6589
2.85e+09	1.6811
2.9e+09	1.9104
2.95e+09	1.7515
3e+09	1.8928
3.05e+09	2.3181
3.1e+09	2.4182
3.15e+09	2.9775
3.2e+09	3.0503
3.25e+09	3.3736
3.3e+09	3.856
3.35e+09	4.402
3.4e+09	4.058
3.45e+09	4.2709
3.5e+09	4.8342
3.55e+09	5.3733
3.6e+09	5.571
3.65e+09	5.003
3.7e+09	5.0393
3.75e+09	5.097
3.8e+09	5.0671
3.85e+09	5.5134
3.9e+09	5.5067
3.95e+09	5.6657
4e+09	5.9725
4.05e+09	6.4138
4.1e+09	6.6494
4.15e+09	7.0001
4.2e+09	7.6012
4.25e+09	8.1909
4.3e+09	9.2433
4.35e+09	8.9015
4.4e+09	9.5148
