4e+08	-15.306
4.5e+08	-14.535
5e+08	-13.89
5.5e+08	-14.326
6e+08	-14.478
6.5e+08	-13.604
7e+08	-13.787
7.5e+08	-14.349
8e+08	-13.491
8.5e+08	-13.329
9e+08	-14.106
9.5e+08	-13.991
1e+09	-13.129
1.05e+09	-12.852
1.1e+09	-12.94
1.15e+09	-11.741
1.2e+09	-12.388
1.25e+09	-12.624
1.3e+09	-12.12
1.35e+09	-12.199
1.4e+09	-12.194
1.45e+09	-11.515
1.5e+09	-10.765
1.55e+09	-11.435
1.6e+09	-10.455
1.65e+09	-10.743
1.7e+09	-11.585
1.75e+09	-11.312
1.8e+09	-11.28
1.85e+09	-11.319
1.9e+09	-11.381
1.95e+09	-10.244
2e+09	-10.375
2.05e+09	-10.311
2.1e+09	-9.6724
2.15e+09	-10.078
2.2e+09	-9.9256
2.25e+09	-9.6337
2.3e+09	-9.2814
2.35e+09	-9.1722
2.4e+09	-8.6418
2.45e+09	-8.3029
2.5e+09	-8.644
2.55e+09	-8.3843
2.6e+09	-8.5133
2.65e+09	-8.6681
2.7e+09	-8.5266
2.75e+09	-8.6161
2.8e+09	-8.4459
2.85e+09	-8.4107
2.9e+09	-8.1562
2.95e+09	-8.3403
3e+09	-8.1872
3.05e+09	-7.764
3.1e+09	-7.6832
3.15e+09	-7.1494
3.2e+09	-7.0478
3.25e+09	-6.7321
3.3e+09	-6.2723
3.35e+09	-5.7126
3.4e+09	-6.0859
3.45e+09	-5.8694
3.5e+09	-5.3131
3.55e+09	-4.7496
3.6e+09	-4.5656
3.65e+09	-5.1134
3.7e+09	-5.0397
3.75e+09	-4.9957
3.8e+09	-5.0288
3.85e+09	-4.603
3.9e+09	-4.5883
3.95e+09	-4.4402
4e+09	-4.1124
4.05e+09	-3.721
4.1e+09	-3.4782
4.15e+09	-3.1946
4.2e+09	-2.5838
4.25e+09	-1.9784
4.3e+09	-0.96358
4.35e+09	-1.2714
4.4e+09	-0.63971
