4e+08	-20.246
4.5e+08	-19.389
5e+08	-18.743
5.5e+08	-19.217
6e+08	-19.371
6.5e+08	-18.401
7e+08	-18.614
7.5e+08	-19.295
8e+08	-18.441
8.5e+08	-18.295
9e+08	-19.094
9.5e+08	-19.018
1e+09	-18.143
1.05e+09	-17.846
1.1e+09	-17.99
1.15e+09	-16.759
1.2e+09	-17.335
1.25e+09	-17.636
1.3e+09	-17.186
1.35e+09	-17.223
1.4e+09	-17.13
1.45e+09	-16.501
1.5e+09	-15.842
1.55e+09	-16.415
1.6e+09	-15.382
1.65e+09	-15.795
1.7e+09	-16.588
1.75e+09	-16.252
1.8e+09	-16.282
1.85e+09	-16.391
1.9e+09	-16.435
1.95e+09	-15.122
2e+09	-15.37
2.05e+09	-15.467
2.1e+09	-14.629
2.15e+09	-15.067
2.2e+09	-15.049
2.25e+09	-14.684
2.3e+09	-14.285
2.35e+09	-14.157
2.4e+09	-13.778
2.45e+09	-13.45
2.5e+09	-13.591
2.55e+09	-13.447
2.6e+09	-13.646
2.65e+09	-13.694
2.7e+09	-13.545
2.75e+09	-13.645
2.8e+09	-13.444
2.85e+09	-13.52
2.9e+09	-13.276
2.95e+09	-13.341
3e+09	-13.22
3.05e+09	-12.857
3.1e+09	-12.698
3.15e+09	-12.276
3.2e+09	-12.156
3.25e+09	-11.664
3.3e+09	-11.475
3.35e+09	-10.982
3.4e+09	-11.032
3.45e+09	-10.937
3.5e+09	-10.342
3.55e+09	-9.9592
3.6e+09	-9.8453
3.65e+09	-9.9589
3.7e+09	-10.011
3.75e+09	-10.272
3.8e+09	-10.076
3.85e+09	-9.6566
3.9e+09	-9.6282
3.95e+09	-9.3793
4e+09	-9.251
4.05e+09	-8.8948
4.1e+09	-8.5576
4.15e+09	-8.2195
4.2e+09	-7.4647
4.25e+09	-7.1064
4.3e+09	-6.2022
4.35e+09	-6.248
4.4e+09	-5.6834
