4e+08	-25.242
4.5e+08	-24.367
5e+08	-23.748
5.5e+08	-24.24
6e+08	-24.406
6.5e+08	-23.44
7e+08	-23.653
7.5e+08	-24.313
8e+08	-23.42
8.5e+08	-23.241
9e+08	-24.031
9.5e+08	-23.939
1e+09	-23.048
1.05e+09	-22.748
1.1e+09	-22.923
1.15e+09	-21.707
1.2e+09	-22.298
1.25e+09	-22.614
1.3e+09	-22.192
1.35e+09	-22.229
1.4e+09	-22.141
1.45e+09	-21.546
1.5e+09	-20.907
1.55e+09	-21.468
1.6e+09	-20.438
1.65e+09	-20.854
1.7e+09	-21.621
1.75e+09	-21.278
1.8e+09	-21.328
1.85e+09	-21.445
1.9e+09	-21.488
1.95e+09	-20.167
2e+09	-20.437
2.05e+09	-20.529
2.1e+09	-19.692
2.15e+09	-20.144
2.2e+09	-20.146
2.25e+09	-19.79
2.3e+09	-19.388
2.35e+09	-19.256
2.4e+09	-18.861
2.45e+09	-18.531
2.5e+09	-18.683
2.55e+09	-18.534
2.6e+09	-18.742
2.65e+09	-18.793
2.7e+09	-18.641
2.75e+09	-18.73
2.8e+09	-18.528
2.85e+09	-18.627
2.9e+09	-18.379
2.95e+09	-18.455
3e+09	-18.342
3.05e+09	-17.988
3.1e+09	-17.821
3.15e+09	-17.369
3.2e+09	-17.247
3.25e+09	-16.77
3.3e+09	-16.6
3.35e+09	-16.1
3.4e+09	-16.151
3.45e+09	-16.047
3.5e+09	-15.457
3.55e+09	-15.086
3.6e+09	-14.953
3.65e+09	-15.099
3.7e+09	-15.146
3.75e+09	-15.429
3.8e+09	-15.231
3.85e+09	-14.821
3.9e+09	-14.789
3.95e+09	-14.516
4e+09	-14.411
4.05e+09	-14.058
4.1e+09	-13.705
4.15e+09	-13.375
4.2e+09	-12.593
4.25e+09	-12.234
4.3e+09	-11.326
4.35e+09	-11.386
4.4e+09	-10.809
