4e+08	-30.56
4.5e+08	-29.641
5e+08	-28.966
5.5e+08	-29.347
6e+08	-29.392
6.5e+08	-28.381
7e+08	-28.558
7.5e+08	-29.181
8e+08	-28.255
8.5e+08	-28.115
9e+08	-28.933
9.5e+08	-28.825
1e+09	-27.918
1.05e+09	-27.613
1.1e+09	-27.743
1.15e+09	-26.473
1.2e+09	-27.047
1.25e+09	-27.367
1.3e+09	-26.916
1.35e+09	-26.944
1.4e+09	-26.853
1.45e+09	-26.285
1.5e+09	-25.652
1.55e+09	-26.231
1.6e+09	-25.227
1.65e+09	-25.664
1.7e+09	-26.466
1.75e+09	-26.148
1.8e+09	-26.191
1.85e+09	-26.308
1.9e+09	-26.35
1.95e+09	-25.029
2e+09	-25.265
2.05e+09	-25.346
2.1e+09	-24.497
2.15e+09	-24.943
2.2e+09	-24.942
2.25e+09	-24.593
2.3e+09	-24.204
2.35e+09	-24.089
2.4e+09	-23.745
2.45e+09	-23.431
2.5e+09	-23.617
2.55e+09	-23.501
2.6e+09	-23.715
2.65e+09	-23.77
2.7e+09	-23.631
2.75e+09	-23.75
2.8e+09	-23.546
2.85e+09	-23.614
2.9e+09	-23.355
2.95e+09	-23.404
3e+09	-23.272
3.05e+09	-22.917
3.1e+09	-22.788
3.15e+09	-22.385
3.2e+09	-22.287
3.25e+09	-21.865
3.3e+09	-21.695
3.35e+09	-21.213
3.4e+09	-21.268
3.45e+09	-21.183
3.5e+09	-20.598
3.55e+09	-20.218
3.6e+09	-20.085
3.65e+09	-20.134
3.7e+09	-20.146
3.75e+09	-20.398
3.8e+09	-20.198
3.85e+09	-19.773
3.9e+09	-19.744
3.95e+09	-19.509
4e+09	-19.41
4.05e+09	-19.093
4.1e+09	-18.772
4.15e+09	-18.483
4.2e+09	-17.755
4.25e+09	-17.392
4.3e+09	-16.524
4.35e+09	-16.528
4.4e+09	-15.937
