4e+08	-35.754
4.5e+08	-34.829
5e+08	-34.189
5.5e+08	-34.492
6e+08	-34.296
6.5e+08	-33.212
7e+08	-33.381
7.5e+08	-33.999
8e+08	-32.989
8.5e+08	-32.853
9e+08	-33.75
9.5e+08	-33.599
1e+09	-32.619
1.05e+09	-32.299
1.1e+09	-32.466
1.15e+09	-31.182
1.2e+09	-31.727
1.25e+09	-32.136
1.3e+09	-31.701
1.35e+09	-31.721
1.4e+09	-31.677
1.45e+09	-31.174
1.5e+09	-30.583
1.55e+09	-31.162
1.6e+09	-30.181
1.65e+09	-30.611
1.7e+09	-31.366
1.75e+09	-31.033
1.8e+09	-31.087
1.85e+09	-31.196
1.9e+09	-31.23
1.95e+09	-29.931
2e+09	-30.194
2.05e+09	-30.231
2.1e+09	-29.38
2.15e+09	-29.83
2.2e+09	-29.877
2.25e+09	-29.52
2.3e+09	-29.113
2.35e+09	-28.998
2.4e+09	-28.65
2.45e+09	-28.325
2.5e+09	-28.527
2.55e+09	-28.409
2.6e+09	-28.595
2.65e+09	-28.61
2.7e+09	-28.464
2.75e+09	-28.607
2.8e+09	-28.401
2.85e+09	-28.473
2.9e+09	-28.226
2.95e+09	-28.252
3e+09	-28.118
3.05e+09	-27.754
3.1e+09	-27.633
3.15e+09	-27.218
3.2e+09	-27.115
3.25e+09	-26.699
3.3e+09	-26.498
3.35e+09	-26
3.4e+09	-26.02
3.45e+09	-25.945
3.5e+09	-25.352
3.55e+09	-24.959
3.6e+09	-24.871
3.65e+09	-24.86
3.7e+09	-24.854
3.75e+09	-25.154
3.8e+09	-24.995
3.85e+09	-24.587
3.9e+09	-24.543
3.95e+09	-24.346
4e+09	-24.198
4.05e+09	-23.856
4.1e+09	-23.519
4.15e+09	-23.249
4.2e+09	-22.558
4.25e+09	-22.189
4.3e+09	-21.38
4.35e+09	-21.338
4.4e+09	-20.723
