4e+08	-41.311
4.5e+08	-40.405
5e+08	-39.789
5.5e+08	-39.98
6e+08	-39.612
6.5e+08	-38.521
7e+08	-38.683
7.5e+08	-39.23
8e+08	-38.149
8.5e+08	-38.079
9e+08	-39.012
9.5e+08	-38.777
1e+09	-37.764
1.05e+09	-37.435
1.1e+09	-37.551
1.15e+09	-36.201
1.2e+09	-36.754
1.25e+09	-37.184
1.3e+09	-36.73
1.35e+09	-36.761
1.4e+09	-36.736
1.45e+09	-36.239
1.5e+09	-35.657
1.55e+09	-36.267
1.6e+09	-35.277
1.65e+09	-35.704
1.7e+09	-36.5
1.75e+09	-36.176
1.8e+09	-36.186
1.85e+09	-36.273
1.9e+09	-36.334
1.95e+09	-35.046
2e+09	-35.285
2.05e+09	-35.349
2.1e+09	-34.521
2.15e+09	-34.963
2.2e+09	-35.02
2.25e+09	-34.682
2.3e+09	-34.279
2.35e+09	-34.162
2.4e+09	-33.855
2.45e+09	-33.55
2.5e+09	-33.743
2.55e+09	-33.62
2.6e+09	-33.761
2.65e+09	-33.741
2.7e+09	-33.548
2.75e+09	-33.747
2.8e+09	-33.553
2.85e+09	-33.585
2.9e+09	-33.34
2.95e+09	-33.359
3e+09	-33.222
3.05e+09	-32.84
3.1e+09	-32.774
3.15e+09	-32.377
3.2e+09	-32.268
3.25e+09	-31.876
3.3e+09	-31.588
3.35e+09	-31.058
3.4e+09	-31.011
3.45e+09	-30.947
3.5e+09	-30.313
3.55e+09	-29.89
3.6e+09	-29.836
3.65e+09	-29.694
3.7e+09	-29.663
3.75e+09	-29.982
3.8e+09	-29.871
3.85e+09	-29.477
3.9e+09	-29.459
3.95e+09	-29.348
4e+09	-29.096
4.05e+09	-28.746
4.1e+09	-28.382
4.15e+09	-28.109
4.2e+09	-27.443
4.25e+09	-27.059
4.3e+09	-26.317
4.35e+09	-26.186
4.4e+09	-25.55
