4e+08	-44.29
4.5e+08	-43.387
5e+08	-42.773
5.5e+08	-43.031
6e+08	-42.585
6.5e+08	-41.502
7e+08	-41.656
7.5e+08	-42.204
8e+08	-41.125
8.5e+08	-41.059
9e+08	-41.99
9.5e+08	-41.754
1e+09	-40.753
1.05e+09	-40.42
1.1e+09	-40.533
1.15e+09	-39.184
1.2e+09	-39.741
1.25e+09	-40.163
1.3e+09	-39.711
1.35e+09	-39.753
1.4e+09	-39.717
1.45e+09	-39.226
1.5e+09	-38.645
1.55e+09	-39.259
1.6e+09	-38.276
1.65e+09	-38.697
1.7e+09	-39.494
1.75e+09	-39.16
1.8e+09	-39.18
1.85e+09	-39.263
1.9e+09	-39.329
1.95e+09	-38.045
2e+09	-38.277
2.05e+09	-38.34
2.1e+09	-37.521
2.15e+09	-37.977
2.2e+09	-38.023
2.25e+09	-37.693
2.3e+09	-37.289
2.35e+09	-37.163
2.4e+09	-36.87
2.45e+09	-36.553
2.5e+09	-36.744
2.55e+09	-36.629
2.6e+09	-36.765
2.65e+09	-36.753
2.7e+09	-36.561
2.75e+09	-36.764
2.8e+09	-36.556
2.85e+09	-36.596
2.9e+09	-36.344
2.95e+09	-36.366
3e+09	-36.221
3.05e+09	-35.845
3.1e+09	-35.782
3.15e+09	-35.385
3.2e+09	-35.275
3.25e+09	-34.888
3.3e+09	-34.591
3.35e+09	-34.074
3.4e+09	-34.034
3.45e+09	-33.968
3.5e+09	-33.336
3.55e+09	-32.923
3.6e+09	-32.877
3.65e+09	-32.719
3.7e+09	-32.67
3.75e+09	-33.01
3.8e+09	-32.907
3.85e+09	-32.52
3.9e+09	-32.487
3.95e+09	-32.381
4e+09	-32.138
4.05e+09	-31.808
4.1e+09	-31.448
4.15e+09	-31.18
4.2e+09	-30.523
4.25e+09	-30.14
4.3e+09	-29.411
4.35e+09	-29.278
4.4e+09	-28.666
