4e+08	-44.388
4.5e+08	-43.484
5e+08	-42.874
5.5e+08	-43.341
6e+08	-42.678
6.5e+08	-41.612
7e+08	-41.772
7.5e+08	-42.286
8e+08	-41.192
8.5e+08	-41.149
9e+08	-42.044
9.5e+08	-41.804
1e+09	-40.838
1.05e+09	-40.503
1.1e+09	-40.619
1.15e+09	-39.305
1.2e+09	-39.846
1.25e+09	-40.249
1.3e+09	-39.827
1.35e+09	-39.869
1.4e+09	-39.839
1.45e+09	-39.35
1.5e+09	-38.781
1.55e+09	-39.394
1.6e+09	-38.425
1.65e+09	-38.832
1.7e+09	-39.607
1.75e+09	-39.298
1.8e+09	-39.307
1.85e+09	-39.373
1.9e+09	-39.456
1.95e+09	-38.206
2e+09	-38.42
2.05e+09	-38.486
2.1e+09	-37.665
2.15e+09	-38.128
2.2e+09	-38.146
2.25e+09	-37.831
2.3e+09	-37.423
2.35e+09	-37.304
2.4e+09	-37.012
2.45e+09	-36.713
2.5e+09	-36.87
2.55e+09	-36.773
2.6e+09	-36.905
2.65e+09	-36.884
2.7e+09	-36.71
2.75e+09	-36.899
2.8e+09	-36.706
2.85e+09	-36.742
2.9e+09	-36.391
2.95e+09	-36.49
3e+09	-36.355
3.05e+09	-36.007
3.1e+09	-35.951
3.15e+09	-35.555
3.2e+09	-35.503
3.25e+09	-35.082
3.3e+09	-34.573
3.35e+09	-34.316
3.4e+09	-34.276
3.45e+09	-34.243
3.5e+09	-33.611
3.55e+09	-33.202
3.6e+09	-33.171
3.65e+09	-32.982
3.7e+09	-32.652
3.75e+09	-33.288
3.8e+09	-33.201
3.85e+09	-32.854
3.9e+09	-32.795
3.95e+09	-32.71
4e+09	-32.444
4.05e+09	-32.11
4.1e+09	-31.814
4.15e+09	-31.568
4.2e+09	-30.945
4.25e+09	-30.545
4.3e+09	-29.904
4.35e+09	-29.769
4.4e+09	-29.202
