4e+08	-10.557
4.5e+08	-9.8295
5e+08	-9.2183
5.5e+08	-9.6762
6e+08	-9.8765
6.5e+08	-9.0206
7e+08	-9.2037
7.5e+08	-9.7365
8e+08	-8.88
8.5e+08	-8.7186
9e+08	-9.4499
9.5e+08	-9.3149
1e+09	-8.4567
1.05e+09	-8.1697
1.1e+09	-8.2436
1.15e+09	-7.0363
1.2e+09	-7.6985
1.25e+09	-7.9089
1.3e+09	-7.4041
1.35e+09	-7.4921
1.4e+09	-7.4841
1.45e+09	-6.7564
1.5e+09	-6.0112
1.55e+09	-6.6648
1.6e+09	-5.6487
1.65e+09	-5.9407
1.7e+09	-6.773
1.75e+09	-6.4808
1.8e+09	-6.4382
1.85e+09	-6.4766
1.9e+09	-6.5508
1.95e+09	-5.3779
2e+09	-5.5197
2.05e+09	-5.4837
2.1e+09	-4.8459
2.15e+09	-5.2504
2.2e+09	-5.1167
2.25e+09	-4.8254
2.3e+09	-4.4339
2.35e+09	-4.3221
2.4e+09	-3.801
2.45e+09	-3.4393
2.5e+09	-3.7892
2.55e+09	-3.5367
2.6e+09	-3.6454
2.65e+09	-3.7669
2.7e+09	-3.6157
2.75e+09	-3.6984
2.8e+09	-3.5299
2.85e+09	-3.5106
2.9e+09	-3.2765
2.95e+09	-3.4516
3e+09	-3.301
3.05e+09	-2.8788
3.1e+09	-2.7964
3.15e+09	-2.2325
3.2e+09	-2.1489
3.25e+09	-1.8375
3.3e+09	-1.3759
3.35e+09	-0.81649
3.4e+09	-1.1592
3.45e+09	-0.93191
3.5e+09	-0.3697
3.55e+09	0.14838
3.6e+09	0.3422
3.65e+09	-0.20607
3.7e+09	-0.16319
3.75e+09	-0.12063
3.8e+09	-0.14249
3.85e+09	0.31088
3.9e+09	0.30074
3.95e+09	0.46022
4e+09	0.77894
4.05e+09	1.1859
4.1e+09	1.4453
4.15e+09	1.7634
4.2e+09	2.3846
4.25e+09	2.9669
4.3e+09	4.0056
4.35e+09	3.6812
4.4e+09	4.2859
