4e+08	-44.487
4.5e+08	-43.605
5e+08	-43.014
5.5e+08	-44.112
6e+08	-42.842
6.5e+08	-41.795
7e+08	-41.963
7.5e+08	-42.468
8e+08	-41.418
8.5e+08	-41.353
9e+08	-42.253
9.5e+08	-42.02
1e+09	-41.06
1.05e+09	-40.682
1.1e+09	-40.842
1.15e+09	-39.536
1.2e+09	-40.076
1.25e+09	-40.486
1.3e+09	-40.055
1.35e+09	-40.092
1.4e+09	-40.05
1.45e+09	-39.529
1.5e+09	-39.027
1.55e+09	-39.645
1.6e+09	-38.7
1.65e+09	-39.083
1.7e+09	-39.816
1.75e+09	-39.518
1.8e+09	-39.495
1.85e+09	-39.405
1.9e+09	-39.675
1.95e+09	-38.467
2e+09	-38.581
2.05e+09	-38.665
2.1e+09	-37.703
2.15e+09	-38.523
2.2e+09	-38.511
2.25e+09	-38.199
2.3e+09	-37.755
2.35e+09	-37.594
2.4e+09	-37.321
2.45e+09	-37
2.5e+09	-36.96
2.55e+09	-37.061
2.6e+09	-37.114
2.65e+09	-37.114
2.7e+09	-37.014
2.75e+09	-37.237
2.8e+09	-36.949
2.85e+09	-37.051
2.9e+09	-36.11
2.95e+09	-36.534
3e+09	-36.424
3.05e+09	-36.148
3.1e+09	-36.256
3.15e+09	-35.644
3.2e+09	-35.967
3.25e+09	-35.195
3.3e+09	-34.839
3.35e+09	-34.789
3.4e+09	-34.657
3.45e+09	-34.838
3.5e+09	-34.074
3.55e+09	-33.726
3.6e+09	-33.756
3.65e+09	-33.277
3.7e+09	-33.096
3.75e+09	-33.757
3.8e+09	-33.807
3.85e+09	-33.539
3.9e+09	-33.415
3.95e+09	-33.381
4e+09	-33.053
4.05e+09	-32.521
4.1e+09	-32.569
4.15e+09	-32.374
4.2e+09	-31.762
4.25e+09	-31.309
4.3e+09	-30.864
4.35e+09	-30.693
4.4e+09	-30.212
