4e+08	-7.693
4.5e+08	-8.1324
5e+08	-8.7129
5.5e+08	-7.9081
6e+08	-7.9133
6.5e+08	-8.9007
7e+08	-8.6802
7.5e+08	-8.1366
8e+08	-8.8174
8.5e+08	-9.126
9e+08	-8.4634
9.5e+08	-8.7286
1e+09	-9.7425
1.05e+09	-9.8792
1.1e+09	-9.7547
1.15e+09	-10.877
1.2e+09	-10.226
1.25e+09	-10.006
1.3e+09	-10.565
1.35e+09	-10.514
1.4e+09	-10.51
1.45e+09	-11.202
1.5e+09	-11.842
1.55e+09	-11.062
1.6e+09	-12.077
1.65e+09	-11.892
1.7e+09	-11.031
1.75e+09	-11.483
1.8e+09	-11.495
1.85e+09	-11.329
1.9e+09	-11.31
1.95e+09	-12.3
2e+09	-12.212
2.05e+09	-12.198
2.1e+09	-12.949
2.15e+09	-12.626
2.2e+09	-12.754
2.25e+09	-13.055
2.3e+09	-13.322
2.35e+09	-13.404
2.4e+09	-13.928
2.45e+09	-14.309
2.5e+09	-14.053
2.55e+09	-14.391
2.6e+09	-14.305
2.65e+09	-14.02
2.7e+09	-14.089
2.75e+09	-14.011
2.8e+09	-14.127
2.85e+09	-14.098
2.9e+09	-14.326
2.95e+09	-14.259
3e+09	-14.475
3.05e+09	-14.808
3.1e+09	-14.77
3.15e+09	-15.554
3.2e+09	-15.595
3.25e+09	-15.824
3.3e+09	-16.282
3.35e+09	-16.578
3.4e+09	-16.546
3.45e+09	-16.854
3.5e+09	-16.889
3.55e+09	-17.212
3.6e+09	-17.668
3.65e+09	-17.047
3.7e+09	-17.696
3.75e+09	-17.726
3.8e+09	-17.254
3.85e+09	-17.852
3.9e+09	-17.523
3.95e+09	-18.051
4e+09	-18.098
4.05e+09	-18.688
4.1e+09	-18.906
4.15e+09	-19.554
4.2e+09	-20.029
4.25e+09	-20.279
4.3e+09	-21.463
4.35e+09	-21.072
4.4e+09	-22.066
