4e+08	-8.1888
4.5e+08	-8.8025
5e+08	-9.462
5.5e+08	-8.7809
6e+08	-8.8685
6.5e+08	-9.8478
7e+08	-9.5349
7.5e+08	-8.7575
8e+08	-9.3227
8.5e+08	-9.5411
9e+08	-8.7778
9.5e+08	-8.9564
1e+09	-9.9523
1.05e+09	-10.092
1.1e+09	-9.9059
1.15e+09	-11.04
1.2e+09	-10.462
1.25e+09	-10.169
1.3e+09	-10.669
1.35e+09	-10.665
1.4e+09	-10.758
1.45e+09	-11.319
1.5e+09	-11.892
1.55e+09	-11.193
1.6e+09	-12.236
1.65e+09	-11.921
1.7e+09	-11.095
1.75e+09	-11.586
1.8e+09	-11.53
1.85e+09	-11.304
1.9e+09	-11.289
1.95e+09	-12.432
2e+09	-12.241
2.05e+09	-12.067
2.1e+09	-13.023
2.15e+09	-12.64
2.2e+09	-12.646
2.25e+09	-13.023
2.3e+09	-13.294
2.35e+09	-13.4
2.4e+09	-13.759
2.45e+09	-14.108
2.5e+09	-14.065
2.55e+09	-14.282
2.6e+09	-14.106
2.65e+09	-13.91
2.7e+09	-13.991
2.75e+09	-13.882
2.8e+09	-14.011
2.85e+09	-13.881
2.9e+09	-14.121
2.95e+09	-14.154
3e+09	-14.351
3.05e+09	-14.62
3.1e+09	-14.637
3.15e+09	-15.283
3.2e+09	-15.374
3.25e+09	-15.779
3.3e+09	-15.932
3.35e+09	-16.174
3.4e+09	-16.449
3.45e+09	-16.634
3.5e+09	-16.699
3.55e+09	-16.855
3.6e+09	-17.233
3.65e+09	-17.08
3.7e+09	-17.632
3.75e+09	-17.331
3.8e+09	-17.092
3.85e+09	-17.661
3.9e+09	-17.366
3.95e+09	-17.984
4e+09	-17.845
4.05e+09	-18.346
4.1e+09	-18.672
4.15e+09	-19.301
4.2e+09	-19.938
4.25e+09	-19.949
4.3e+09	-20.977
4.35e+09	-20.896
4.4e+09	-21.838
