4e+08	-8.1317
4.5e+08	-8.6598
5e+08	-9.3204
5.5e+08	-8.6761
6e+08	-8.7634
6.5e+08	-9.6453
7e+08	-9.3641
7.5e+08	-8.7072
8e+08	-9.2769
8.5e+08	-9.5111
9e+08	-8.7689
9.5e+08	-8.9866
1e+09	-9.9692
1.05e+09	-10.089
1.1e+09	-9.9615
1.15e+09	-11.062
1.2e+09	-10.411
1.25e+09	-10.186
1.3e+09	-10.74
1.35e+09	-10.693
1.4e+09	-10.697
1.45e+09	-11.311
1.5e+09	-11.977
1.55e+09	-11.178
1.6e+09	-12.169
1.65e+09	-11.981
1.7e+09	-11.105
1.75e+09	-11.531
1.8e+09	-11.538
1.85e+09	-11.386
1.9e+09	-11.352
1.95e+09	-12.315
2e+09	-12.246
2.05e+09	-12.241
2.1e+09	-12.986
2.15e+09	-12.638
2.2e+09	-12.781
2.25e+09	-13.082
2.3e+09	-13.306
2.35e+09	-13.39
2.4e+09	-13.904
2.45e+09	-14.262
2.5e+09	-14.012
2.55e+09	-14.349
2.6e+09	-14.245
2.65e+09	-13.941
2.7e+09	-14.015
2.75e+09	-13.915
2.8e+09	-14.015
2.85e+09	-14.002
2.9e+09	-14.255
2.95e+09	-14.163
3e+09	-14.392
3.05e+09	-14.721
3.1e+09	-14.657
3.15e+09	-15.417
3.2e+09	-15.487
3.25e+09	-15.712
3.3e+09	-16.147
3.35e+09	-16.452
3.4e+09	-16.394
3.45e+09	-16.706
3.5e+09	-16.733
3.55e+09	-17.081
3.6e+09	-17.523
3.65e+09	-16.921
3.7e+09	-17.608
3.75e+09	-17.622
3.8e+09	-17.147
3.85e+09	-17.723
3.9e+09	-17.412
3.95e+09	-17.929
4e+09	-17.995
4.05e+09	-18.532
4.1e+09	-18.761
4.15e+09	-19.333
4.2e+09	-19.818
4.25e+09	-20.088
4.3e+09	-21.232
4.35e+09	-20.874
4.4e+09	-21.887
