4e+08	-7.8591
4.5e+08	-8.5334
5e+08	-9.2254
5.5e+08	-8.6426
6e+08	-8.8367
6.5e+08	-9.8577
7e+08	-9.5839
7.5e+08	-8.8638
8e+08	-9.4993
8.5e+08	-9.7168
9e+08	-8.9341
9.5e+08	-9.1416
1e+09	-10.169
1.05e+09	-10.319
1.1e+09	-10.145
1.15e+09	-11.315
1.2e+09	-10.743
1.25e+09	-10.43
1.3e+09	-10.932
1.35e+09	-10.939
1.4e+09	-11.028
1.45e+09	-11.527
1.5e+09	-12.074
1.55e+09	-11.368
1.6e+09	-12.378
1.65e+09	-12.043
1.7e+09	-11.209
1.75e+09	-11.679
1.8e+09	-11.61
1.85e+09	-11.376
1.9e+09	-11.364
1.95e+09	-12.514
2e+09	-12.334
2.05e+09	-12.179
2.1e+09	-13.143
2.15e+09	-12.754
2.2e+09	-12.744
2.25e+09	-13.107
2.3e+09	-13.365
2.35e+09	-13.46
2.4e+09	-13.782
2.45e+09	-14.114
2.5e+09	-14.025
2.55e+09	-14.215
2.6e+09	-14.023
2.65e+09	-13.823
2.7e+09	-13.895
2.75e+09	-13.763
2.8e+09	-13.897
2.85e+09	-13.775
2.9e+09	-14.03
2.95e+09	-14.078
3e+09	-14.286
3.05e+09	-14.548
3.1e+09	-14.533
3.15e+09	-15.16
3.2e+09	-15.228
3.25e+09	-15.558
3.3e+09	-15.693
3.35e+09	-15.923
3.4e+09	-16.194
3.45e+09	-16.371
3.5e+09	-16.427
3.55e+09	-16.58
3.6e+09	-16.977
3.65e+09	-16.885
3.7e+09	-17.479
3.75e+09	-17.189
3.8e+09	-16.954
3.85e+09	-17.532
3.9e+09	-17.234
3.95e+09	-17.835
4e+09	-17.661
4.05e+09	-18.119
4.1e+09	-18.431
4.15e+09	-19.011
4.2e+09	-19.621
4.25e+09	-19.634
4.3e+09	-20.624
4.35e+09	-20.588
4.4e+09	-21.56
