4e+08	-8.1941
4.5e+08	-8.8243
5e+08	-9.4563
5.5e+08	-8.7581
6e+08	-8.8315
6.5e+08	-9.8069
7e+08	-9.496
7.5e+08	-8.7394
8e+08	-9.3431
8.5e+08	-9.5977
9e+08	-8.8417
9.5e+08	-9.0352
1e+09	-10.046
1.05e+09	-10.188
1.1e+09	-9.9716
1.15e+09	-11.09
1.2e+09	-10.499
1.25e+09	-10.19
1.3e+09	-10.663
1.35e+09	-10.657
1.4e+09	-10.744
1.45e+09	-11.271
1.5e+09	-11.824
1.55e+09	-11.137
1.6e+09	-12.176
1.65e+09	-11.858
1.7e+09	-11.06
1.75e+09	-11.556
1.8e+09	-11.479
1.85e+09	-11.246
1.9e+09	-11.231
1.95e+09	-12.382
2e+09	-12.168
2.05e+09	-12.003
2.1e+09	-12.949
2.15e+09	-12.558
2.2e+09	-12.545
2.25e+09	-12.914
2.3e+09	-13.186
2.35e+09	-13.297
2.4e+09	-13.671
2.45e+09	-14.02
2.5e+09	-13.967
2.55e+09	-14.189
2.6e+09	-14.005
2.65e+09	-13.808
2.7e+09	-13.891
2.75e+09	-13.792
2.8e+09	-13.923
2.85e+09	-13.769
2.9e+09	-14.012
2.95e+09	-14.033
3e+09	-14.221
3.05e+09	-14.48
3.1e+09	-14.505
3.15e+09	-15.182
3.2e+09	-15.273
3.25e+09	-15.661
3.3e+09	-15.797
3.35e+09	-16.044
3.4e+09	-16.323
3.45e+09	-16.517
3.5e+09	-16.577
3.55e+09	-16.721
3.6e+09	-17.117
3.65e+09	-16.929
3.7e+09	-17.485
3.75e+09	-17.163
3.8e+09	-16.925
3.85e+09	-17.485
3.9e+09	-17.191
3.95e+09	-17.833
4e+09	-17.668
4.05e+09	-18.165
4.1e+09	-18.508
4.15e+09	-19.129
4.2e+09	-19.793
4.25e+09	-19.805
4.3e+09	-20.837
4.35e+09	-20.742
4.4e+09	-21.697
