4e+08	-7.6593
4.5e+08	-8.3383
5e+08	-8.9958
5.5e+08	-8.4959
6e+08	-8.9349
6.5e+08	-10.029
7e+08	-9.7632
7.5e+08	-9.0489
8e+08	-9.7694
8.5e+08	-9.9833
9e+08	-9.1228
9.5e+08	-9.3721
1e+09	-10.476
1.05e+09	-10.638
1.1e+09	-10.427
1.15e+09	-11.616
1.2e+09	-11.07
1.25e+09	-10.666
1.3e+09	-11.15
1.35e+09	-11.163
1.4e+09	-11.205
1.45e+09	-11.639
1.5e+09	-12.144
1.55e+09	-11.44
1.6e+09	-12.429
1.65e+09	-12.094
1.7e+09	-11.309
1.75e+09	-11.792
1.8e+09	-11.711
1.85e+09	-11.487
1.9e+09	-11.483
1.95e+09	-12.608
2e+09	-12.402
2.05e+09	-12.291
2.1e+09	-13.259
2.15e+09	-12.867
2.2e+09	-12.81
2.25e+09	-13.182
2.3e+09	-13.459
2.35e+09	-13.551
2.4e+09	-13.879
2.45e+09	-14.224
2.5e+09	-14.118
2.55e+09	-14.31
2.6e+09	-14.146
2.65e+09	-13.986
2.7e+09	-14.067
2.75e+09	-13.909
2.8e+09	-14.043
2.85e+09	-13.918
2.9e+09	-14.159
2.95e+09	-14.232
3e+09	-14.442
3.05e+09	-14.717
3.1e+09	-14.692
3.15e+09	-15.332
3.2e+09	-15.404
3.25e+09	-15.728
3.3e+09	-15.892
3.35e+09	-16.14
3.4e+09	-16.449
3.45e+09	-16.616
3.5e+09	-16.678
3.55e+09	-16.843
3.6e+09	-17.197
3.65e+09	-17.164
3.7e+09	-17.773
3.75e+09	-17.435
3.8e+09	-17.157
3.85e+09	-17.716
3.9e+09	-17.435
3.95e+09	-17.999
4e+09	-17.879
4.05e+09	-18.362
4.1e+09	-18.689
4.15e+09	-19.251
4.2e+09	-19.821
4.25e+09	-19.84
4.3e+09	-20.774
4.35e+09	-20.785
4.4e+09	-21.782
