4e+08	-7.0916
4.5e+08	-7.7505
5e+08	-8.3839
5.5e+08	-7.9967
6e+08	-8.6076
6.5e+08	-9.7124
7e+08	-9.4562
7.5e+08	-8.8115
8e+08	-9.601
8.5e+08	-9.749
9e+08	-8.8537
9.5e+08	-9.1878
1e+09	-10.323
1.05e+09	-10.494
1.1e+09	-10.336
1.15e+09	-11.588
1.2e+09	-11.036
1.25e+09	-10.612
1.3e+09	-11.113
1.35e+09	-11.117
1.4e+09	-11.14
1.45e+09	-11.568
1.5e+09	-12.064
1.55e+09	-11.326
1.6e+09	-12.32
1.65e+09	-11.992
1.7e+09	-11.166
1.75e+09	-11.641
1.8e+09	-11.605
1.85e+09	-11.403
1.9e+09	-11.369
1.95e+09	-12.483
2e+09	-12.299
2.05e+09	-12.16
2.1e+09	-13.098
2.15e+09	-12.714
2.2e+09	-12.649
2.25e+09	-12.999
2.3e+09	-13.273
2.35e+09	-13.37
2.4e+09	-13.655
2.45e+09	-13.978
2.5e+09	-13.886
2.55e+09	-14.084
2.6e+09	-13.968
2.65e+09	-13.845
2.7e+09	-13.975
2.75e+09	-13.759
2.8e+09	-13.881
2.85e+09	-13.793
2.9e+09	-14.032
2.95e+09	-14.113
3e+09	-14.327
3.05e+09	-14.618
3.1e+09	-14.536
3.15e+09	-15.157
3.2e+09	-15.235
3.25e+09	-15.536
3.3e+09	-15.79
3.35e+09	-16.077
3.4e+09	-16.455
3.45e+09	-16.612
3.5e+09	-16.717
3.55e+09	-16.913
3.6e+09	-17.231
3.65e+09	-17.334
3.7e+09	-17.963
3.75e+09	-17.611
3.8e+09	-17.283
3.85e+09	-17.83
3.9e+09	-17.52
3.95e+09	-17.999
4e+09	-17.984
4.05e+09	-18.479
4.1e+09	-18.837
4.15e+09	-19.4
4.2e+09	-19.943
4.25e+09	-19.979
4.3e+09	-20.841
4.35e+09	-20.949
4.4e+09	-21.97
