4e+08	-9.1354
4.5e+08	-9.7961
5e+08	-10.429
5.5e+08	-9.9736
6e+08	-10.668
6.5e+08	-11.764
7e+08	-11.514
7.5e+08	-10.867
8e+08	-11.658
8.5e+08	-11.802
9e+08	-10.906
9.5e+08	-11.241
1e+09	-12.367
1.05e+09	-12.546
1.1e+09	-12.39
1.15e+09	-13.646
1.2e+09	-13.087
1.25e+09	-12.67
1.3e+09	-13.172
1.35e+09	-13.166
1.4e+09	-13.2
1.45e+09	-13.624
1.5e+09	-14.123
1.55e+09	-13.38
1.6e+09	-14.372
1.65e+09	-14.045
1.7e+09	-13.215
1.75e+09	-13.701
1.8e+09	-13.654
1.85e+09	-13.454
1.9e+09	-13.418
1.95e+09	-14.535
2e+09	-14.356
2.05e+09	-14.22
2.1e+09	-15.154
2.15e+09	-14.769
2.2e+09	-14.708
2.25e+09	-15.051
2.3e+09	-15.325
2.35e+09	-15.431
2.4e+09	-15.704
2.45e+09	-16.041
2.5e+09	-15.944
2.55e+09	-16.137
2.6e+09	-16.024
2.65e+09	-15.89
2.7e+09	-16.021
2.75e+09	-15.801
2.8e+09	-15.936
2.85e+09	-15.843
2.9e+09	-16.075
2.95e+09	-16.165
3e+09	-16.387
3.05e+09	-16.677
3.1e+09	-16.597
3.15e+09	-17.217
3.2e+09	-17.303
3.25e+09	-17.594
3.3e+09	-17.837
3.35e+09	-18.139
3.4e+09	-18.512
3.45e+09	-18.678
3.5e+09	-18.781
3.55e+09	-18.97
3.6e+09	-19.283
3.65e+09	-19.398
3.7e+09	-20.022
3.75e+09	-19.672
3.8e+09	-19.341
3.85e+09	-19.885
3.9e+09	-19.586
3.95e+09	-20.064
4e+09	-20.039
4.05e+09	-20.515
4.1e+09	-20.88
4.15e+09	-21.444
4.2e+09	-21.986
4.25e+09	-22.022
4.3e+09	-22.891
4.35e+09	-23.001
4.4e+09	-24.014
