4e+08	-14.133
4.5e+08	-14.799
5e+08	-15.43
5.5e+08	-14.745
6e+08	-15.659
6.5e+08	-16.762
7e+08	-16.503
7.5e+08	-15.862
8e+08	-16.656
8.5e+08	-16.801
9e+08	-15.905
9.5e+08	-16.238
1e+09	-17.369
1.05e+09	-17.537
1.1e+09	-17.389
1.15e+09	-18.64
1.2e+09	-18.086
1.25e+09	-17.678
1.3e+09	-18.167
1.35e+09	-18.165
1.4e+09	-18.196
1.45e+09	-18.623
1.5e+09	-19.125
1.55e+09	-18.374
1.6e+09	-19.376
1.65e+09	-19.05
1.7e+09	-18.215
1.75e+09	-18.691
1.8e+09	-18.649
1.85e+09	-18.448
1.9e+09	-18.417
1.95e+09	-19.534
2e+09	-19.353
2.05e+09	-19.208
2.1e+09	-20.15
2.15e+09	-19.753
2.2e+09	-19.706
2.25e+09	-20.049
2.3e+09	-20.328
2.35e+09	-20.424
2.4e+09	-20.708
2.45e+09	-21.03
2.5e+09	-20.943
2.55e+09	-21.13
2.6e+09	-21.012
2.65e+09	-20.895
2.7e+09	-21.022
2.75e+09	-20.813
2.8e+09	-20.927
2.85e+09	-20.844
2.9e+09	-21.073
2.95e+09	-21.164
3e+09	-21.379
3.05e+09	-21.669
3.1e+09	-21.588
3.15e+09	-22.196
3.2e+09	-22.271
3.25e+09	-22.573
3.3e+09	-22.826
3.35e+09	-23.126
3.4e+09	-23.494
3.45e+09	-23.668
3.5e+09	-23.762
3.55e+09	-23.959
3.6e+09	-24.276
3.65e+09	-24.384
3.7e+09	-25.024
3.75e+09	-24.668
3.8e+09	-24.339
3.85e+09	-24.882
3.9e+09	-24.583
3.95e+09	-25.06
4e+09	-25.043
4.05e+09	-25.529
4.1e+09	-25.894
4.15e+09	-26.459
4.2e+09	-26.996
4.25e+09	-27.037
4.3e+09	-27.894
4.35e+09	-27.998
4.4e+09	-29.026
