4e+08	-19.138
4.5e+08	-19.795
5e+08	-20.43
5.5e+08	-19.109
6e+08	-20.658
6.5e+08	-21.751
7e+08	-21.505
7.5e+08	-20.863
8e+08	-21.655
8.5e+08	-21.797
9e+08	-20.898
9.5e+08	-21.241
1e+09	-22.368
1.05e+09	-22.542
1.1e+09	-22.396
1.15e+09	-23.637
1.2e+09	-23.087
1.25e+09	-22.662
1.3e+09	-23.163
1.35e+09	-23.165
1.4e+09	-23.192
1.45e+09	-23.62
1.5e+09	-24.112
1.55e+09	-23.381
1.6e+09	-24.376
1.65e+09	-24.051
1.7e+09	-23.218
1.75e+09	-23.7
1.8e+09	-23.658
1.85e+09	-23.457
1.9e+09	-23.416
1.95e+09	-24.547
2e+09	-24.376
2.05e+09	-24.219
2.1e+09	-25.163
2.15e+09	-24.718
2.2e+09	-24.701
2.25e+09	-25.037
2.3e+09	-25.311
2.35e+09	-25.421
2.4e+09	-25.698
2.45e+09	-26.034
2.5e+09	-25.919
2.55e+09	-26.135
2.6e+09	-26.016
2.65e+09	-25.892
2.7e+09	-26.016
2.75e+09	-25.806
2.8e+09	-25.935
2.85e+09	-25.843
2.9e+09	-26.073
2.95e+09	-26.154
3e+09	-26.374
3.05e+09	-26.663
3.1e+09	-26.585
3.15e+09	-27.195
3.2e+09	-27.272
3.25e+09	-27.58
3.3e+09	-27.829
3.35e+09	-28.122
3.4e+09	-28.485
3.45e+09	-28.674
3.5e+09	-28.755
3.55e+09	-28.948
3.6e+09	-29.266
3.65e+09	-29.393
3.7e+09	-30.008
3.75e+09	-29.649
3.8e+09	-29.338
3.85e+09	-29.89
3.9e+09	-29.56
3.95e+09	-30.058
4e+09	-30.027
4.05e+09	-30.546
4.1e+09	-30.922
4.15e+09	-31.47
4.2e+09	-32.009
4.25e+09	-32.036
4.3e+09	-32.9
4.35e+09	-33.002
4.4e+09	-34.025
