4e+08	-7.8858
4.5e+08	-8.3683
5e+08	-8.9887
5.5e+08	-8.3223
6e+08	-8.3619
6.5e+08	-9.2268
7e+08	-8.9441
7.5e+08	-8.3157
8e+08	-8.8857
8.5e+08	-9.1183
9e+08	-8.4205
9.5e+08	-8.6601
1e+09	-9.6392
1.05e+09	-9.7715
1.1e+09	-9.6576
1.15e+09	-10.766
1.2e+09	-10.1
1.25e+09	-9.9004
1.3e+09	-10.457
1.35e+09	-10.398
1.4e+09	-10.405
1.45e+09	-11.067
1.5e+09	-11.727
1.55e+09	-10.945
1.6e+09	-11.974
1.65e+09	-11.783
1.7e+09	-10.915
1.75e+09	-11.361
1.8e+09	-11.38
1.85e+09	-11.226
1.9e+09	-11.182
1.95e+09	-12.181
2e+09	-12.1
2.05e+09	-12.065
2.1e+09	-12.813
2.15e+09	-12.464
2.2e+09	-12.589
2.25e+09	-12.888
2.3e+09	-13.15
2.35e+09	-13.239
2.4e+09	-13.742
2.45e+09	-14.126
2.5e+09	-13.866
2.55e+09	-14.195
2.6e+09	-14.111
2.65e+09	-13.841
2.7e+09	-13.924
2.75e+09	-13.831
2.8e+09	-13.93
2.85e+09	-13.9
2.9e+09	-14.131
2.95e+09	-14.051
3e+09	-14.275
3.05e+09	-14.606
3.1e+09	-14.545
3.15e+09	-15.335
3.2e+09	-15.386
3.25e+09	-15.606
3.3e+09	-16.043
3.35e+09	-16.35
3.4e+09	-16.322
3.45e+09	-16.645
3.5e+09	-16.679
3.55e+09	-16.979
3.6e+09	-17.431
3.65e+09	-16.83
3.7e+09	-17.485
3.75e+09	-17.498
3.8e+09	-17.032
3.85e+09	-17.635
3.9e+09	-17.3
3.95e+09	-17.83
4e+09	-17.888
4.05e+09	-18.442
4.1e+09	-18.687
4.15e+09	-19.295
4.2e+09	-19.795
4.25e+09	-20.039
4.3e+09	-21.207
4.35e+09	-20.833
4.4e+09	-21.813
