4e+08	-5.5169
4.5e+08	-4.8169
5e+08	-4.2474
5.5e+08	-4.853
6e+08	-5.0884
6.5e+08	-4.102
7e+08	-4.2325
7.5e+08	-4.6906
8e+08	-3.7018
8.5e+08	-3.4697
9e+08	-4.1774
9.5e+08	-4.003
1e+09	-3.1032
1.05e+09	-2.8068
1.1e+09	-2.8938
1.15e+09	-1.649
1.2e+09	-2.3105
1.25e+09	-2.539
1.3e+09	-2.0177
1.35e+09	-2.107
1.4e+09	-2.1084
1.45e+09	-1.3435
1.5e+09	-0.60558
1.55e+09	-1.2769
1.6e+09	-0.24167
1.65e+09	-0.53125
1.7e+09	-1.3748
1.75e+09	-1.0634
1.8e+09	-1.0319
1.85e+09	-1.0834
1.9e+09	-1.1406
1.95e+09	0.053826
2e+09	-0.098334
2.05e+09	-0.035644
2.1e+09	0.62112
2.15e+09	0.23398
2.2e+09	0.36874
2.25e+09	0.66317
2.3e+09	1.0671
2.35e+09	1.1682
2.4e+09	1.7261
2.45e+09	2.0951
2.5e+09	1.7412
2.55e+09	2.0061
2.6e+09	1.8946
2.65e+09	1.7504
2.7e+09	1.8871
2.75e+09	1.8211
2.8e+09	2.0102
2.85e+09	2.036
2.9e+09	2.2761
2.95e+09	2.1136
3e+09	2.2589
3.05e+09	2.6924
3.1e+09	2.8063
3.15e+09	3.3769
3.2e+09	3.4595
3.25e+09	3.7875
3.3e+09	4.2901
3.35e+09	4.8473
3.4e+09	4.4914
3.45e+09	4.7099
3.5e+09	5.2825
3.55e+09	5.8489
3.6e+09	6.0415
3.65e+09	5.4705
3.7e+09	5.5202
3.75e+09	5.5838
3.8e+09	5.5467
3.85e+09	6.0139
3.9e+09	6.0097
3.95e+09	6.1802
4e+09	6.5075
4.05e+09	6.9682
4.1e+09	7.2168
4.15e+09	7.597
4.2e+09	8.2234
4.25e+09	8.8361
4.3e+09	9.9453
4.35e+09	9.5901
4.4e+09	10.245
