4e+08	-15.078
4.5e+08	-14.29
5e+08	-13.64
5.5e+08	-14.085
6e+08	-14.238
6.5e+08	-13.357
7e+08	-13.549
7.5e+08	-14.12
8e+08	-13.242
8.5e+08	-13.085
9e+08	-13.872
9.5e+08	-13.745
1e+09	-12.877
1.05e+09	-12.597
1.1e+09	-12.687
1.15e+09	-11.464
1.2e+09	-12.126
1.25e+09	-12.36
1.3e+09	-11.842
1.35e+09	-11.928
1.4e+09	-11.922
1.45e+09	-11.234
1.5e+09	-10.471
1.55e+09	-11.161
1.6e+09	-10.149
1.65e+09	-10.442
1.7e+09	-11.301
1.75e+09	-11.016
1.8e+09	-10.989
1.85e+09	-11.026
1.9e+09	-11.098
1.95e+09	-9.9309
2e+09	-10.064
2.05e+09	-9.9931
2.1e+09	-9.3419
2.15e+09	-9.7541
2.2e+09	-9.6045
2.25e+09	-9.3093
2.3e+09	-8.9492
2.35e+09	-8.8455
2.4e+09	-8.2987
2.45e+09	-7.9523
2.5e+09	-8.3
2.55e+09	-8.0352
2.6e+09	-8.1648
2.65e+09	-8.3282
2.7e+09	-8.1872
2.75e+09	-8.2744
2.8e+09	-8.1016
2.85e+09	-8.0595
2.9e+09	-7.7949
2.95e+09	-7.9824
3e+09	-7.824
3.05e+09	-7.3938
3.1e+09	-7.3061
3.15e+09	-6.7597
3.2e+09	-6.6488
3.25e+09	-6.3248
3.3e+09	-5.8448
3.35e+09	-5.2786
3.4e+09	-5.6611
3.45e+09	-5.4384
3.5e+09	-4.874
3.55e+09	-4.2827
3.6e+09	-4.1029
3.65e+09	-4.6563
3.7e+09	-4.5684
3.75e+09	-4.52
3.8e+09	-4.5601
3.85e+09	-4.1159
3.9e+09	-4.1008
3.95e+09	-3.9418
4e+09	-3.5958
4.05e+09	-3.1876
4.1e+09	-2.9282
4.15e+09	-2.6243
4.2e+09	-1.9883
4.25e+09	-1.355
4.3e+09	-0.28593
4.35e+09	-0.60741
4.4e+09	0.065867
