4e+08	-20.021
4.5e+08	-19.147
5e+08	-18.498
5.5e+08	-18.98
6e+08	-19.133
6.5e+08	-18.155
7e+08	-18.378
7.5e+08	-19.07
8e+08	-18.196
8.5e+08	-18.055
9e+08	-18.863
9.5e+08	-18.775
1e+09	-17.893
1.05e+09	-17.594
1.1e+09	-17.743
1.15e+09	-16.487
1.2e+09	-17.075
1.25e+09	-17.377
1.3e+09	-16.914
1.35e+09	-16.957
1.4e+09	-16.861
1.45e+09	-16.226
1.5e+09	-15.556
1.55e+09	-16.146
1.6e+09	-15.082
1.65e+09	-15.503
1.7e+09	-16.311
1.75e+09	-15.961
1.8e+09	-15.997
1.85e+09	-16.108
1.9e+09	-16.162
1.95e+09	-14.814
2e+09	-15.069
2.05e+09	-15.167
2.1e+09	-14.305
2.15e+09	-14.752
2.2e+09	-14.74
2.25e+09	-14.368
2.3e+09	-13.961
2.35e+09	-13.835
2.4e+09	-13.443
2.45e+09	-13.106
2.5e+09	-13.247
2.55e+09	-13.103
2.6e+09	-13.304
2.65e+09	-13.359
2.7e+09	-13.211
2.75e+09	-13.308
2.8e+09	-13.106
2.85e+09	-13.181
2.9e+09	-12.928
2.95e+09	-12.991
3e+09	-12.865
3.05e+09	-12.495
3.1e+09	-12.326
3.15e+09	-11.894
3.2e+09	-11.762
3.25e+09	-11.258
3.3e+09	-11.059
3.35e+09	-10.557
3.4e+09	-10.606
3.45e+09	-10.51
3.5e+09	-9.9081
3.55e+09	-9.5083
3.6e+09	-9.3935
3.65e+09	-9.4972
3.7e+09	-9.5438
3.75e+09	-9.8113
3.8e+09	-9.6146
3.85e+09	-9.1773
3.9e+09	-9.1466
3.95e+09	-8.8869
4e+09	-8.7456
4.05e+09	-8.3745
4.1e+09	-8.0168
4.15e+09	-7.6565
4.2e+09	-6.8676
4.25e+09	-6.4937
4.3e+09	-5.5409
4.35e+09	-5.5851
4.4e+09	-4.9834
