4e+08	-25.016
4.5e+08	-24.125
5e+08	-23.504
5.5e+08	-24.003
6e+08	-24.17
6.5e+08	-23.196
7e+08	-23.417
7.5e+08	-24.088
8e+08	-23.176
8.5e+08	-22.998
9e+08	-23.799
9.5e+08	-23.696
1e+09	-22.8
1.05e+09	-22.498
1.1e+09	-22.677
1.15e+09	-21.436
1.2e+09	-22.038
1.25e+09	-22.356
1.3e+09	-21.92
1.35e+09	-21.964
1.4e+09	-21.875
1.45e+09	-21.275
1.5e+09	-20.623
1.55e+09	-21.201
1.6e+09	-20.142
1.65e+09	-20.565
1.7e+09	-21.345
1.75e+09	-20.991
1.8e+09	-21.048
1.85e+09	-21.166
1.9e+09	-21.219
1.95e+09	-19.864
2e+09	-20.142
2.05e+09	-20.231
2.1e+09	-19.379
2.15e+09	-19.835
2.2e+09	-19.84
2.25e+09	-19.478
2.3e+09	-19.068
2.35e+09	-18.938
2.4e+09	-18.532
2.45e+09	-18.194
2.5e+09	-18.345
2.55e+09	-18.195
2.6e+09	-18.405
2.65e+09	-18.462
2.7e+09	-18.311
2.75e+09	-18.397
2.8e+09	-18.194
2.85e+09	-18.293
2.9e+09	-18.037
2.95e+09	-18.112
3e+09	-17.995
3.05e+09	-17.635
3.1e+09	-17.458
3.15e+09	-16.995
3.2e+09	-16.862
3.25e+09	-16.376
3.3e+09	-16.195
3.35e+09	-15.686
3.4e+09	-15.732
3.45e+09	-15.627
3.5e+09	-15.03
3.55e+09	-14.642
3.6e+09	-14.509
3.65e+09	-14.648
3.7e+09	-14.691
3.75e+09	-14.979
3.8e+09	-14.782
3.85e+09	-14.354
3.9e+09	-14.322
3.95e+09	-14.038
4e+09	-13.923
4.05e+09	-13.555
4.1e+09	-13.18
4.15e+09	-12.828
4.2e+09	-12.013
4.25e+09	-11.638
4.3e+09	-10.68
4.35e+09	-10.74
4.4e+09	-10.125
