4e+08	-30.351
4.5e+08	-29.416
5e+08	-28.735
5.5e+08	-29.119
6e+08	-29.165
6.5e+08	-28.145
7e+08	-28.329
7.5e+08	-28.963
8e+08	-28.02
8.5e+08	-27.879
9e+08	-28.707
9.5e+08	-28.59
1e+09	-27.676
1.05e+09	-27.367
1.1e+09	-27.503
1.15e+09	-26.211
1.2e+09	-26.794
1.25e+09	-27.115
1.3e+09	-26.65
1.35e+09	-26.682
1.4e+09	-26.59
1.45e+09	-26.018
1.5e+09	-25.374
1.55e+09	-25.971
1.6e+09	-24.94
1.65e+09	-25.381
1.7e+09	-26.197
1.75e+09	-25.868
1.8e+09	-25.917
1.85e+09	-26.036
1.9e+09	-26.087
1.95e+09	-24.732
2e+09	-24.976
2.05e+09	-25.055
2.1e+09	-24.184
2.15e+09	-24.638
2.2e+09	-24.641
2.25e+09	-24.285
2.3e+09	-23.889
2.35e+09	-23.775
2.4e+09	-23.42
2.45e+09	-23.1
2.5e+09	-23.287
2.55e+09	-23.17
2.6e+09	-23.387
2.65e+09	-23.447
2.7e+09	-23.307
2.75e+09	-23.426
2.8e+09	-23.219
2.85e+09	-23.287
2.9e+09	-23.019
2.95e+09	-23.067
3e+09	-22.93
3.05e+09	-22.567
3.1e+09	-22.43
3.15e+09	-22.017
3.2e+09	-21.907
3.25e+09	-21.479
3.3e+09	-21.299
3.35e+09	-20.807
3.4e+09	-20.861
3.45e+09	-20.773
3.5e+09	-20.179
3.55e+09	-19.784
3.6e+09	-19.649
3.65e+09	-19.692
3.7e+09	-19.697
3.75e+09	-19.953
3.8e+09	-19.753
3.85e+09	-19.307
3.9e+09	-19.279
3.95e+09	-19.036
4e+09	-18.93
4.05e+09	-18.601
4.1e+09	-18.258
4.15e+09	-17.946
4.2e+09	-17.185
4.25e+09	-16.809
4.3e+09	-15.894
4.35e+09	-15.893
4.4e+09	-15.261
