4e+08	-35.551
4.5e+08	-34.611
5e+08	-33.964
5.5e+08	-34.265
6e+08	-34.067
6.5e+08	-32.973
7e+08	-33.149
7.5e+08	-33.778
8e+08	-32.75
8.5e+08	-32.612
9e+08	-33.518
9.5e+08	-33.36
1e+09	-32.37
1.05e+09	-32.048
1.1e+09	-32.221
1.15e+09	-30.911
1.2e+09	-31.467
1.25e+09	-31.879
1.3e+09	-31.432
1.35e+09	-31.458
1.4e+09	-31.414
1.45e+09	-30.907
1.5e+09	-30.304
1.55e+09	-30.899
1.6e+09	-29.889
1.65e+09	-30.329
1.7e+09	-31.097
1.75e+09	-30.754
1.8e+09	-30.816
1.85e+09	-30.925
1.9e+09	-30.967
1.95e+09	-29.638
2e+09	-29.908
2.05e+09	-29.943
2.1e+09	-29.068
2.15e+09	-29.525
2.2e+09	-29.575
2.25e+09	-29.21
2.3e+09	-28.795
2.35e+09	-28.684
2.4e+09	-28.324
2.45e+09	-27.99
2.5e+09	-28.194
2.55e+09	-28.074
2.6e+09	-28.264
2.65e+09	-28.283
2.7e+09	-28.135
2.75e+09	-28.28
2.8e+09	-28.073
2.85e+09	-28.144
2.9e+09	-27.89
2.95e+09	-27.914
3e+09	-27.774
3.05e+09	-27.398
3.1e+09	-27.272
3.15e+09	-26.845
3.2e+09	-26.732
3.25e+09	-26.309
3.3e+09	-26.1
3.35e+09	-25.59
3.4e+09	-25.606
3.45e+09	-25.528
3.5e+09	-24.929
3.55e+09	-24.52
3.6e+09	-24.43
3.65e+09	-24.413
3.7e+09	-24.403
3.75e+09	-24.707
3.8e+09	-24.55
3.85e+09	-24.122
3.9e+09	-24.078
3.95e+09	-23.872
4e+09	-23.712
4.05e+09	-23.358
4.1e+09	-22.999
4.15e+09	-22.706
4.2e+09	-21.985
4.25e+09	-21.603
4.3e+09	-20.743
4.35e+09	-20.697
4.4e+09	-20.04
