4e+08	-41.118
4.5e+08	-40.199
5e+08	-39.576
5.5e+08	-39.764
6e+08	-39.394
6.5e+08	-38.29
7e+08	-38.457
7.5e+08	-39.016
8e+08	-37.918
8.5e+08	-37.847
9e+08	-38.787
9.5e+08	-38.544
1e+09	-37.522
1.05e+09	-37.192
1.1e+09	-37.312
1.15e+09	-35.938
1.2e+09	-36.501
1.25e+09	-36.934
1.3e+09	-36.47
1.35e+09	-36.504
1.4e+09	-36.478
1.45e+09	-35.977
1.5e+09	-35.384
1.55e+09	-36.013
1.6e+09	-34.999
1.65e+09	-35.432
1.7e+09	-36.24
1.75e+09	-35.905
1.8e+09	-35.922
1.85e+09	-36.009
1.9e+09	-36.081
1.95e+09	-34.763
2e+09	-35.011
2.05e+09	-35.074
2.1e+09	-34.23
2.15e+09	-34.678
2.2e+09	-34.737
2.25e+09	-34.392
2.3e+09	-33.982
2.35e+09	-33.865
2.4e+09	-33.547
2.45e+09	-33.236
2.5e+09	-33.426
2.55e+09	-33.3
2.6e+09	-33.442
2.65e+09	-33.425
2.7e+09	-33.227
2.75e+09	-33.43
2.8e+09	-33.236
2.85e+09	-33.269
2.9e+09	-33.018
2.95e+09	-33.032
3e+09	-32.889
3.05e+09	-32.497
3.1e+09	-32.428
3.15e+09	-32.02
3.2e+09	-31.9
3.25e+09	-31.501
3.3e+09	-31.202
3.35e+09	-30.653
3.4e+09	-30.6
3.45e+09	-30.532
3.5e+09	-29.89
3.55e+09	-29.45
3.6e+09	-29.395
3.65e+09	-29.243
3.7e+09	-29.213
3.75e+09	-29.531
3.8e+09	-29.424
3.85e+09	-29.008
3.9e+09	-28.993
3.95e+09	-28.872
4e+09	-28.607
4.05e+09	-28.241
4.1e+09	-27.852
4.15e+09	-27.557
4.2e+09	-26.863
4.25e+09	-26.464
4.3e+09	-25.677
4.35e+09	-25.533
4.4e+09	-24.851
