4e+08	-44.075
4.5e+08	-43.153
5e+08	-42.532
5.5e+08	-42.787
6e+08	-42.334
6.5e+08	-41.239
7e+08	-41.398
7.5e+08	-41.96
8e+08	-40.861
8.5e+08	-40.793
9e+08	-41.734
9.5e+08	-41.491
1e+09	-40.479
1.05e+09	-40.14
1.1e+09	-40.259
1.15e+09	-38.88
1.2e+09	-39.45
1.25e+09	-39.875
1.3e+09	-39.41
1.35e+09	-39.456
1.4e+09	-39.419
1.45e+09	-38.922
1.5e+09	-38.325
1.55e+09	-38.958
1.6e+09	-37.946
1.65e+09	-38.378
1.7e+09	-39.191
1.75e+09	-38.845
1.8e+09	-38.873
1.85e+09	-38.958
1.9e+09	-39.033
1.95e+09	-37.71
2e+09	-37.954
2.05e+09	-38.014
2.1e+09	-37.174
2.15e+09	-37.623
2.2e+09	-37.677
2.25e+09	-37.341
2.3e+09	-36.93
2.35e+09	-36.804
2.4e+09	-36.498
2.45e+09	-36.173
2.5e+09	-36.368
2.55e+09	-36.248
2.6e+09	-36.386
2.65e+09	-36.379
2.7e+09	-36.181
2.75e+09	-36.388
2.8e+09	-36.181
2.85e+09	-36.219
2.9e+09	-35.975
2.95e+09	-35.98
3e+09	-35.829
3.05e+09	-35.438
3.1e+09	-35.366
3.15e+09	-34.96
3.2e+09	-34.833
3.25e+09	-34.443
3.3e+09	-34.155
3.35e+09	-33.591
3.4e+09	-33.543
3.45e+09	-33.466
3.5e+09	-32.826
3.55e+09	-32.394
3.6e+09	-32.343
3.65e+09	-32.179
3.7e+09	-32.154
3.75e+09	-32.47
3.8e+09	-32.366
3.85e+09	-31.954
3.9e+09	-31.928
3.95e+09	-31.807
4e+09	-31.552
4.05e+09	-31.205
4.1e+09	-30.809
4.15e+09	-30.514
4.2e+09	-29.82
4.25e+09	-29.421
4.3e+09	-28.626
4.35e+09	-28.481
4.4e+09	-27.808
