4e+08	-44.077
4.5e+08	-43.15
5e+08	-42.53
5.5e+08	-43.016
6e+08	-42.343
6.5e+08	-41.241
7e+08	-41.41
7.5e+08	-41.965
8e+08	-40.863
8.5e+08	-40.795
9e+08	-41.736
9.5e+08	-41.494
1e+09	-40.476
1.05e+09	-40.149
1.1e+09	-40.259
1.15e+09	-38.886
1.2e+09	-39.451
1.25e+09	-39.867
1.3e+09	-39.416
1.35e+09	-39.456
1.4e+09	-39.423
1.45e+09	-38.923
1.5e+09	-38.323
1.55e+09	-38.965
1.6e+09	-37.943
1.65e+09	-38.374
1.7e+09	-39.191
1.75e+09	-38.855
1.8e+09	-38.878
1.85e+09	-38.964
1.9e+09	-39.033
1.95e+09	-37.712
2e+09	-37.957
2.05e+09	-38.026
2.1e+09	-37.178
2.15e+09	-37.639
2.2e+09	-37.679
2.25e+09	-37.343
2.3e+09	-36.927
2.35e+09	-36.811
2.4e+09	-36.494
2.45e+09	-36.184
2.5e+09	-36.368
2.55e+09	-36.254
2.6e+09	-36.398
2.65e+09	-36.375
2.7e+09	-36.18
2.75e+09	-36.377
2.8e+09	-36.19
2.85e+09	-36.218
2.9e+09	-35.976
2.95e+09	-35.981
3e+09	-35.837
3.05e+09	-35.446
3.1e+09	-35.376
3.15e+09	-34.981
3.2e+09	-34.864
3.25e+09	-34.464
3.3e+09	-34.166
3.35e+09	-33.604
3.4e+09	-33.561
3.45e+09	-33.476
3.5e+09	-32.845
3.55e+09	-32.405
3.6e+09	-32.35
3.65e+09	-32.193
3.7e+09	-32.152
3.75e+09	-32.474
3.8e+09	-32.368
3.85e+09	-31.957
3.9e+09	-31.93
3.95e+09	-31.811
4e+09	-31.548
4.05e+09	-31.191
4.1e+09	-30.794
4.15e+09	-30.498
4.2e+09	-29.81
4.25e+09	-29.406
4.3e+09	-28.624
4.35e+09	-28.483
4.4e+09	-27.795
