4e+08	-10.324
4.5e+08	-9.581
5e+08	-8.9716
5.5e+08	-9.4388
6e+08	-9.6398
6.5e+08	-8.7759
7e+08	-8.9686
7.5e+08	-9.5114
8e+08	-8.6335
8.5e+08	-8.4775
9e+08	-9.2203
9.5e+08	-9.0716
1e+09	-8.2064
1.05e+09	-7.9145
1.1e+09	-7.9909
1.15e+09	-6.7601
1.2e+09	-7.4374
1.25e+09	-7.6451
1.3e+09	-7.1258
1.35e+09	-7.2232
1.4e+09	-7.2138
1.45e+09	-6.4787
1.5e+09	-5.7205
1.55e+09	-6.3934
1.6e+09	-5.3441
1.65e+09	-5.641
1.7e+09	-6.4907
1.75e+09	-6.1858
1.8e+09	-6.1476
1.85e+09	-6.1864
1.9e+09	-6.2686
1.95e+09	-5.0654
2e+09	-5.2103
2.05e+09	-5.1686
2.1e+09	-4.5145
2.15e+09	-4.9286
2.2e+09	-4.7963
2.25e+09	-4.5035
2.3e+09	-4.105
2.35e+09	-3.9967
2.4e+09	-3.46
2.45e+09	-3.0881
2.5e+09	-3.4462
2.55e+09	-3.1895
2.6e+09	-3.2988
2.65e+09	-3.4284
2.7e+09	-3.2779
2.75e+09	-3.3586
2.8e+09	-3.1872
2.85e+09	-3.1618
2.9e+09	-2.9186
2.95e+09	-3.0939
3e+09	-2.9407
3.05e+09	-2.5096
3.1e+09	-2.4182
3.15e+09	-1.8423
3.2e+09	-1.7496
3.25e+09	-1.4307
3.3e+09	-0.9484
3.35e+09	-0.38056
3.4e+09	-0.73326
3.45e+09	-0.49916
3.5e+09	0.071739
3.55e+09	0.61608
3.6e+09	0.8053
3.65e+09	0.25307
3.7e+09	0.30858
3.75e+09	0.35546
3.8e+09	0.32489
3.85e+09	0.79646
3.9e+09	0.78738
3.95e+09	0.95865
4e+09	1.297
4.05e+09	1.7221
4.1e+09	1.9981
4.15e+09	2.3378
4.2e+09	2.9887
4.25e+09	3.5954
4.3e+09	4.6898
4.35e+09	4.3512
4.4e+09	4.9916
