4e+08	-44.072
4.5e+08	-43.155
5e+08	-42.531
5.5e+08	-43.652
6e+08	-42.344
6.5e+08	-41.252
7e+08	-41.408
7.5e+08	-41.964
8e+08	-40.864
8.5e+08	-40.799
9e+08	-41.743
9.5e+08	-41.49
1e+09	-40.477
1.05e+09	-40.144
1.1e+09	-40.253
1.15e+09	-38.89
1.2e+09	-39.449
1.25e+09	-39.883
1.3e+09	-39.42
1.35e+09	-39.457
1.4e+09	-39.426
1.45e+09	-38.925
1.5e+09	-38.336
1.55e+09	-38.957
1.6e+09	-37.942
1.65e+09	-38.373
1.7e+09	-39.187
1.75e+09	-38.847
1.8e+09	-38.869
1.85e+09	-38.955
1.9e+09	-39.035
1.95e+09	-37.699
2e+09	-37.934
2.05e+09	-38.014
2.1e+09	-37.165
2.15e+09	-37.674
2.2e+09	-37.684
2.25e+09	-37.355
2.3e+09	-36.944
2.35e+09	-36.815
2.4e+09	-36.505
2.45e+09	-36.18
2.5e+09	-36.393
2.55e+09	-36.25
2.6e+09	-36.394
2.65e+09	-36.377
2.7e+09	-36.186
2.75e+09	-36.384
2.8e+09	-36.181
2.85e+09	-36.219
2.9e+09	-35.976
2.95e+09	-35.991
3e+09	-35.842
3.05e+09	-35.452
3.1e+09	-35.378
3.15e+09	-34.982
3.2e+09	-34.863
3.25e+09	-34.456
3.3e+09	-34.163
3.35e+09	-33.608
3.4e+09	-33.57
3.45e+09	-33.47
3.5e+09	-32.851
3.55e+09	-32.415
3.6e+09	-32.36
3.65e+09	-32.184
3.7e+09	-32.168
3.75e+09	-32.493
3.8e+09	-32.369
3.85e+09	-31.949
3.9e+09	-31.953
3.95e+09	-31.813
4e+09	-31.564
4.05e+09	-31.174
4.1e+09	-30.767
4.15e+09	-30.487
4.2e+09	-29.797
4.25e+09	-29.407
4.3e+09	-28.617
4.35e+09	-28.48
4.4e+09	-27.796
