-1.2e+07	-21.967
-1.15e+07	-20.336
-1.1e+07	-19.235
-1.05e+07	-18.553
-1e+07	-18.176
-9.5e+06	-18.002
-9e+06	-17.939
-8.5e+06	-17.923
-8e+06	-17.923
-7.5e+06	-17.923
-7e+06	-17.925
-6.5e+06	-17.929
-6e+06	-17.933
-5.5e+06	-17.926
-5e+06	-17.929
-4.5e+06	-17.93
-4e+06	-17.93
-3.5e+06	-17.929
-3e+06	-17.929
-2.5e+06	-17.927
-2e+06	-17.924
-1.5e+06	-17.921
-1e+06	-17.918
-5e+05	-17.912
0	-18.086
5e+05	-17.918
1e+06	-17.935
1.5e+06	-17.949
2e+06	-17.962
2.5e+06	-17.976
3e+06	-17.977
3.5e+06	-17.988
4e+06	-17.997
4.5e+06	-18.006
5e+06	-18.004
5.5e+06	-18.011
6e+06	-18.016
6.5e+06	-18.021
7e+06	-18.026
7.5e+06	-18.033
8e+06	-18.029
8.5e+06	-18.038
9e+06	-18.061
9.5e+06	-18.132
1e+07	-18.313
1.05e+07	-18.695
1.1e+07	-19.383
1.15e+07	-20.491
1.2e+07	-22.129
