-1.2e+07	1.9464
-1.15e+07	0.30727
-1.1e+07	-0.81321
-1.05e+07	-1.5037
-1e+07	-1.888
-9.5e+06	-2.0702
-9e+06	-2.1413
-8.5e+06	-2.1651
-8e+06	-2.1742
-7.5e+06	-2.1809
-7e+06	-2.1875
-6.5e+06	-2.1914
-6e+06	-2.1941
-5.5e+06	-2.1983
-5e+06	-2.2037
-4.5e+06	-2.2098
-4e+06	-2.2155
-3.5e+06	-2.2338
-3e+06	-2.2407
-2.5e+06	-2.2485
-2e+06	-2.2456
-1.5e+06	-2.2541
-1e+06	-2.2733
-5e+05	-2.2849
0	-2.6169
5e+05	-2.2833
1e+06	-2.2708
1.5e+06	-2.2609
2e+06	-2.2748
2.5e+06	-2.2651
3e+06	-2.2553
3.5e+06	-2.2464
4e+06	-2.2383
4.5e+06	-2.2295
5e+06	-2.2221
5.5e+06	-2.227
6e+06	-2.2332
6.5e+06	-2.229
7e+06	-2.223
7.5e+06	-2.216
8e+06	-2.206
8.5e+06	-2.1946
9e+06	-2.181
9.5e+06	-2.1075
1e+07	-1.9215
1.05e+07	-1.5356
1.1e+07	-0.84272
1.15e+07	0.26841
1.2e+07	1.9124
