-1.2e+07	-11.591
-1.15e+07	-13.225
-1.1e+07	-14.33
-1.05e+07	-15.027
-1e+07	-15.405
-9.5e+06	-15.585
-9e+06	-15.651
-8.5e+06	-15.671
-8e+06	-15.677
-7.5e+06	-15.69
-7e+06	-15.693
-6.5e+06	-15.693
-6e+06	-15.693
-5.5e+06	-15.694
-5e+06	-15.697
-4.5e+06	-15.71
-4e+06	-15.713
-3.5e+06	-15.717
-3e+06	-15.722
-2.5e+06	-15.728
-2e+06	-15.735
-1.5e+06	-15.753
-1e+06	-15.759
-5e+05	-15.77
0	-15.712
5e+05	-15.768
1e+06	-15.753
1.5e+06	-15.742
2e+06	-15.73
2.5e+06	-15.719
3e+06	-15.708
3.5e+06	-15.699
4e+06	-15.701
4.5e+06	-15.692
5e+06	-15.684
5.5e+06	-15.676
6e+06	-15.67
6.5e+06	-15.666
7e+06	-15.66
7.5e+06	-15.652
8e+06	-15.643
8.5e+06	-15.63
9e+06	-15.605
9.5e+06	-15.531
1e+07	-15.346
1.05e+07	-14.959
1.1e+07	-14.276
1.15e+07	-13.165
1.2e+07	-11.521
