-1.2e+07	2.3015
-1.15e+07	0.67137
-1.1e+07	-0.428
-1.05e+07	-1.1091
-1e+07	-1.4843
-9.5e+06	-1.6587
-9e+06	-1.7222
-8.5e+06	-1.7484
-8e+06	-1.7503
-7.5e+06	-1.7495
-7e+06	-1.7488
-6.5e+06	-1.7465
-6e+06	-1.7426
-5.5e+06	-1.7407
-5e+06	-1.7513
-4.5e+06	-1.7522
-4e+06	-1.7536
-3.5e+06	-1.7552
-3e+06	-1.7587
-2.5e+06	-1.7629
-2e+06	-1.7689
-1.5e+06	-1.7853
-1e+06	-1.7911
-5e+05	-1.8006
0	-1.6124
5e+05	-1.8016
1e+06	-1.7877
1.5e+06	-1.7777
2e+06	-1.7693
2.5e+06	-1.76
3e+06	-1.7516
3.5e+06	-1.7444
4e+06	-1.7388
4.5e+06	-1.7348
5e+06	-1.7308
5.5e+06	-1.7269
6e+06	-1.7254
6.5e+06	-1.7251
7e+06	-1.7352
7.5e+06	-1.7215
8e+06	-1.7174
8.5e+06	-1.7125
9e+06	-1.6936
9.5e+06	-1.6263
1e+07	-1.4481
1.05e+07	-1.0694
1.1e+07	-0.38414
1.15e+07	0.70887
1.2e+07	2.3552
