-1.2e+07	-35.996
-1.15e+07	-34.366
-1.1e+07	-33.265
-1.05e+07	-32.582
-1e+07	-32.206
-9.5e+06	-32.032
-9e+06	-31.967
-8.5e+06	-31.95
-8e+06	-31.947
-7.5e+06	-31.945
-7e+06	-31.944
-6.5e+06	-31.945
-6e+06	-31.934
-5.5e+06	-31.934
-5e+06	-31.933
-4.5e+06	-31.929
-4e+06	-31.925
-3.5e+06	-31.921
-3e+06	-31.915
-2.5e+06	-31.907
-2e+06	-31.899
-1.5e+06	-31.89
-1e+06	-31.881
-5e+05	-31.868
0	-31.622
5e+05	-31.866
1e+06	-31.876
1.5e+06	-31.881
2e+06	-31.887
2.5e+06	-31.891
3e+06	-31.896
3.5e+06	-31.899
4e+06	-31.901
4.5e+06	-31.902
5e+06	-31.902
5.5e+06	-31.901
6e+06	-31.898
6.5e+06	-31.895
7e+06	-31.893
7.5e+06	-31.892
8e+06	-31.89
8.5e+06	-31.891
9e+06	-31.905
9.5e+06	-31.956
1e+07	-32.13
1.05e+07	-32.516
1.1e+07	-33.196
1.15e+07	-34.296
1.2e+07	-35.926
