-1.2e+07	-11.555
-1.15e+07	-13.2
-1.1e+07	-14.327
-1.05e+07	-15.023
-1e+07	-15.414
-9.5e+06	-15.603
-9e+06	-15.681
-8.5e+06	-15.711
-8e+06	-15.727
-7.5e+06	-15.742
-7e+06	-15.754
-6.5e+06	-15.775
-6e+06	-15.786
-5.5e+06	-15.797
-5e+06	-15.809
-4.5e+06	-15.822
-4e+06	-15.836
-3.5e+06	-15.85
-3e+06	-15.864
-2.5e+06	-15.88
-2e+06	-15.907
-1.5e+06	-15.922
-1e+06	-15.938
-5e+05	-15.956
0	-16.555
5e+05	-15.975
1e+06	-15.967
1.5e+06	-15.963
2e+06	-15.96
2.5e+06	-15.967
3e+06	-15.965
3.5e+06	-15.963
4e+06	-15.962
4.5e+06	-15.959
5e+06	-15.958
5.5e+06	-15.956
6e+06	-15.957
6.5e+06	-15.968
7e+06	-15.967
7.5e+06	-15.964
8e+06	-15.959
8.5e+06	-15.953
9e+06	-15.932
9.5e+06	-15.862
1e+07	-15.681
1.05e+07	-15.309
1.1e+07	-14.62
1.15e+07	-13.511
1.2e+07	-11.871
