-1.2e+07	-36.773
-1.15e+07	-35.129
-1.1e+07	-34.017
-1.05e+07	-33.322
-1e+07	-32.936
-9.5e+06	-32.75
-9e+06	-32.675
-8.5e+06	-32.637
-8e+06	-32.625
-7.5e+06	-32.614
-7e+06	-32.606
-6.5e+06	-32.599
-6e+06	-32.593
-5.5e+06	-32.587
-5e+06	-32.58
-4.5e+06	-32.572
-4e+06	-32.563
-3.5e+06	-32.556
-3e+06	-32.548
-2.5e+06	-32.538
-2e+06	-32.529
-1.5e+06	-32.508
-1e+06	-32.5
-5e+05	-32.488
0	-32.006
5e+05	-32.448
1e+06	-32.463
1.5e+06	-32.474
2e+06	-32.485
2.5e+06	-32.497
3e+06	-32.508
3.5e+06	-32.518
4e+06	-32.528
4.5e+06	-32.538
5e+06	-32.549
5.5e+06	-32.559
6e+06	-32.568
6.5e+06	-32.576
7e+06	-32.586
7.5e+06	-32.598
8e+06	-32.611
8.5e+06	-32.626
9e+06	-32.657
9.5e+06	-32.736
1e+07	-32.926
1.05e+07	-33.317
1.1e+07	-34.016
1.15e+07	-35.134
1.2e+07	-36.784
