-1.2e+07	-21.62
-1.15e+07	-19.989
-1.1e+07	-18.875
-1.05e+07	-18.181
-1e+07	-17.795
-9.5e+06	-17.607
-9e+06	-17.533
-8.5e+06	-17.495
-8e+06	-17.483
-7.5e+06	-17.473
-7e+06	-17.475
-6.5e+06	-17.469
-6e+06	-17.463
-5.5e+06	-17.458
-5e+06	-17.439
-4.5e+06	-17.43
-4e+06	-17.422
-3.5e+06	-17.415
-3e+06	-17.406
-2.5e+06	-17.397
-2e+06	-17.399
-1.5e+06	-17.378
-1e+06	-17.37
-5e+05	-17.359
0	-16.886
5e+05	-17.321
1e+06	-17.335
1.5e+06	-17.346
2e+06	-17.357
2.5e+06	-17.368
3e+06	-17.38
3.5e+06	-17.391
4e+06	-17.401
4.5e+06	-17.412
5e+06	-17.422
5.5e+06	-17.432
6e+06	-17.43
6.5e+06	-17.438
7e+06	-17.448
7.5e+06	-17.46
8e+06	-17.474
8.5e+06	-17.49
9e+06	-17.521
9.5e+06	-17.6
1e+07	-17.79
1.05e+07	-18.182
1.1e+07	-18.882
1.15e+07	-20
1.2e+07	-21.648
