-1.2e+07	-19.605
-1.15e+07	-17.976
-1.1e+07	-16.866
-1.05e+07	-16.185
-1e+07	-15.813
-9.5e+06	-15.641
-9e+06	-15.58
-8.5e+06	-15.565
-8e+06	-15.565
-7.5e+06	-15.567
-7e+06	-15.569
-6.5e+06	-15.574
-6e+06	-15.579
-5.5e+06	-15.584
-5e+06	-15.586
-4.5e+06	-15.587
-4e+06	-15.589
-3.5e+06	-15.589
-3e+06	-15.589
-2.5e+06	-15.586
-2e+06	-15.571
-1.5e+06	-15.568
-1e+06	-15.565
-5e+05	-15.557
0	-15.121
5e+05	-15.57
1e+06	-15.586
1.5e+06	-15.599
2e+06	-15.611
2.5e+06	-15.623
3e+06	-15.634
3.5e+06	-15.631
4e+06	-15.641
4.5e+06	-15.649
5e+06	-15.656
5.5e+06	-15.662
6e+06	-15.667
6.5e+06	-15.671
7e+06	-15.676
7.5e+06	-15.683
8e+06	-15.689
8.5e+06	-15.699
9e+06	-15.722
9.5e+06	-15.781
1e+07	-15.963
1.05e+07	-16.346
1.1e+07	-17.035
1.15e+07	-18.143
1.2e+07	-19.781
