-1.2e+07	-21.389
-1.15e+07	-19.759
-1.1e+07	-18.669
-1.05e+07	-17.987
-1e+07	-17.613
-9.5e+06	-17.44
-9e+06	-17.378
-8.5e+06	-17.364
-8e+06	-17.354
-7.5e+06	-17.356
-7e+06	-17.36
-6.5e+06	-17.376
-6e+06	-17.383
-5.5e+06	-17.39
-5e+06	-17.393
-4.5e+06	-17.397
-4e+06	-17.4
-3.5e+06	-17.403
-3e+06	-17.406
-2.5e+06	-17.408
-2e+06	-17.419
-1.5e+06	-17.42
-1e+06	-17.42
-5e+05	-17.417
0	-17.003
5e+05	-17.432
1e+06	-17.455
1.5e+06	-17.473
2e+06	-17.481
2.5e+06	-17.498
3e+06	-17.515
3.5e+06	-17.531
4e+06	-17.546
4.5e+06	-17.559
5e+06	-17.573
5.5e+06	-17.586
6e+06	-17.587
6.5e+06	-17.597
7e+06	-17.607
7.5e+06	-17.62
8e+06	-17.632
8.5e+06	-17.648
9e+06	-17.676
9.5e+06	-17.753
1e+07	-17.928
1.05e+07	-18.318
1.1e+07	-19.012
1.15e+07	-20.126
1.2e+07	-21.769
