-1.2e+07	-13.037
-1.15e+07	-14.67
-1.1e+07	-15.772
-1.05e+07	-16.454
-1e+07	-16.831
-9.5e+06	-17.007
-9e+06	-17.072
-8.5e+06	-17.088
-8e+06	-17.09
-7.5e+06	-17.091
-7e+06	-17.091
-6.5e+06	-17.089
-6e+06	-17.085
-5.5e+06	-17.083
-5e+06	-17.082
-4.5e+06	-17.095
-4e+06	-17.095
-3.5e+06	-17.097
-3e+06	-17.098
-2.5e+06	-17.101
-2e+06	-17.104
-1.5e+06	-17.108
-1e+06	-17.112
-5e+05	-17.119
0	-17.605
5e+05	-17.105
1e+06	-17.089
1.5e+06	-17.075
2e+06	-17.062
2.5e+06	-17.047
3e+06	-17.035
3.5e+06	-17.023
4e+06	-17.025
4.5e+06	-17.014
5e+06	-17.004
5.5e+06	-16.994
6e+06	-16.987
6.5e+06	-16.98
7e+06	-16.972
7.5e+06	-16.963
8e+06	-16.951
8.5e+06	-16.938
9e+06	-16.913
9.5e+06	-16.838
1e+07	-16.652
1.05e+07	-16.265
1.1e+07	-15.585
1.15e+07	-14.474
1.2e+07	-12.831
