-1.2e+07	-12.447
-1.15e+07	-14.078
-1.1e+07	-15.179
-1.05e+07	-15.861
-1e+07	-16.237
-9.5e+06	-16.412
-9e+06	-16.476
-8.5e+06	-16.493
-8e+06	-16.496
-7.5e+06	-16.498
-7e+06	-16.498
-6.5e+06	-16.497
-6e+06	-16.506
-5.5e+06	-16.505
-5e+06	-16.506
-4.5e+06	-16.509
-4e+06	-16.511
-3.5e+06	-16.515
-3e+06	-16.52
-2.5e+06	-16.525
-2e+06	-16.532
-1.5e+06	-16.539
-1e+06	-16.547
-5e+05	-16.556
0	-16.94
5e+05	-16.56
1e+06	-16.548
1.5e+06	-16.54
2e+06	-16.532
2.5e+06	-16.535
3e+06	-16.528
3.5e+06	-16.523
4e+06	-16.519
4.5e+06	-16.515
5e+06	-16.511
5.5e+06	-16.508
6e+06	-16.508
6.5e+06	-16.508
7e+06	-16.519
7.5e+06	-16.517
8e+06	-16.514
8.5e+06	-16.508
9e+06	-16.489
9.5e+06	-16.423
1e+07	-16.245
1.05e+07	-15.867
1.1e+07	-15.181
1.15e+07	-14.077
1.2e+07	-12.441
