-1.2e+07	-13.98
-1.15e+07	-15.609
-1.1e+07	-16.72
-1.05e+07	-17.4
-1e+07	-17.774
-9.5e+06	-17.947
-9e+06	-18.009
-8.5e+06	-18.023
-8e+06	-18.023
-7.5e+06	-18.022
-7e+06	-18.019
-6.5e+06	-18.028
-6e+06	-18.023
-5.5e+06	-18.02
-5e+06	-18.018
-4.5e+06	-18.017
-4e+06	-18.017
-3.5e+06	-18.017
-3e+06	-18.018
-2.5e+06	-18.02
-2e+06	-18.038
-1.5e+06	-18.041
-1e+06	-18.045
-5e+05	-18.053
0	-18.348
5e+05	-18.042
1e+06	-18.026
1.5e+06	-18.015
2e+06	-18.003
2.5e+06	-17.991
3e+06	-17.979
3.5e+06	-17.969
4e+06	-17.961
4.5e+06	-17.952
5e+06	-17.944
5.5e+06	-17.938
6e+06	-17.933
6.5e+06	-17.929
7e+06	-17.924
7.5e+06	-17.917
8e+06	-17.91
8.5e+06	-17.9
9e+06	-17.878
9.5e+06	-17.819
1e+07	-17.637
1.05e+07	-17.253
1.1e+07	-16.563
1.15e+07	-15.454
1.2e+07	-13.814
