-1.2e+07	1.7271
-1.15e+07	0.09578
-1.1e+07	-1.0059
-1.05e+07	-1.6889
-1e+07	-2.0656
-9.5e+06	-2.2417
-9e+06	-2.3057
-8.5e+06	-2.3215
-8e+06	-2.3235
-7.5e+06	-2.3248
-7e+06	-2.3245
-6.5e+06	-2.3216
-6e+06	-2.318
-5.5e+06	-2.3152
-5e+06	-2.3146
-4.5e+06	-2.3272
-4e+06	-2.3277
-3.5e+06	-2.3287
-3e+06	-2.3296
-2.5e+06	-2.3327
-2e+06	-2.3364
-1.5e+06	-2.3396
-1e+06	-2.3431
-5e+05	-2.3505
0	-2.6532
5e+05	-2.3368
1e+06	-2.3201
1.5e+06	-2.3075
2e+06	-2.2939
2.5e+06	-2.2801
3e+06	-2.2668
3.5e+06	-2.2556
4e+06	-2.2559
4.5e+06	-2.2455
5e+06	-2.2476
5.5e+06	-2.2387
6e+06	-2.2315
6.5e+06	-2.2235
7e+06	-2.2161
7.5e+06	-2.2061
8e+06	-2.1955
8.5e+06	-2.1826
9e+06	-2.1562
9.5e+06	-2.0824
1e+07	-1.8964
1.05e+07	-1.51
1.1e+07	-0.82905
1.15e+07	0.28224
1.2e+07	1.9253
