-1.2e+07	3.3627
-1.15e+07	1.7257
-1.1e+07	0.61965
-1.05e+07	-0.077937
-1e+07	-0.45871
-9.5e+06	-0.64971
-9e+06	-0.71919
-8.5e+06	-0.74029
-8e+06	-0.74678
-7.5e+06	-0.76268
-7e+06	-0.76676
-6.5e+06	-0.76997
-6e+06	-0.77067
-5.5e+06	-0.78302
-5e+06	-0.78723
-4.5e+06	-0.8019
-4e+06	-0.80731
-3.5e+06	-0.81305
-3e+06	-0.81934
-2.5e+06	-0.82686
-2e+06	-0.83533
-1.5e+06	-0.86318
-1e+06	-0.8714
-5e+05	-0.88303
0	-1.0832
5e+05	-0.88527
1e+06	-0.87074
1.5e+06	-0.85945
2e+06	-0.84944
2.5e+06	-0.83909
3e+06	-0.81993
3.5e+06	-0.8115
4e+06	-0.81371
4.5e+06	-0.80615
5e+06	-0.79822
5.5e+06	-0.79205
6e+06	-0.78705
6.5e+06	-0.78303
7e+06	-0.77839
7.5e+06	-0.76992
8e+06	-0.75151
8.5e+06	-0.74091
9e+06	-0.71571
9.5e+06	-0.64338
1e+07	-0.45948
1.05e+07	-0.074022
1.1e+07	0.60863
1.15e+07	1.7198
1.2e+07	3.3609
