-1.2e+07	-36.491
-1.15e+07	-34.86
-1.1e+07	-33.759
-1.05e+07	-33.078
-1e+07	-32.704
-9.5e+06	-32.53
-9e+06	-32.468
-8.5e+06	-32.454
-8e+06	-32.444
-7.5e+06	-32.446
-7e+06	-32.45
-6.5e+06	-32.456
-6e+06	-32.462
-5.5e+06	-32.469
-5e+06	-32.473
-4.5e+06	-32.476
-4e+06	-32.479
-3.5e+06	-32.482
-3e+06	-32.485
-2.5e+06	-32.485
-2e+06	-32.485
-1.5e+06	-32.485
-1e+06	-32.485
-5e+05	-32.481
0	-32.231
5e+05	-32.495
1e+06	-32.516
1.5e+06	-32.533
2e+06	-32.549
2.5e+06	-32.566
3e+06	-32.582
3.5e+06	-32.596
4e+06	-32.61
4.5e+06	-32.622
5e+06	-32.635
5.5e+06	-32.646
6e+06	-32.654
6.5e+06	-32.663
7e+06	-32.671
7.5e+06	-32.682
8e+06	-32.693
8.5e+06	-32.706
9e+06	-32.732
9.5e+06	-32.808
1e+07	-32.993
1.05e+07	-33.378
1.1e+07	-34.07
1.15e+07	-35.181
1.2e+07	-36.822
