-1.2e+07	-11.563
-1.15e+07	-13.195
-1.1e+07	-14.296
-1.05e+07	-14.978
-1e+07	-15.355
-9.5e+06	-15.529
-9e+06	-15.593
-8.5e+06	-15.608
-8e+06	-15.61
-7.5e+06	-15.608
-7e+06	-15.608
-6.5e+06	-15.604
-6e+06	-15.6
-5.5e+06	-15.596
-5e+06	-15.594
-4.5e+06	-15.592
-4e+06	-15.592
-3.5e+06	-15.592
-3e+06	-15.593
-2.5e+06	-15.596
-2e+06	-15.599
-1.5e+06	-15.603
-1e+06	-15.606
-5e+05	-15.613
0	-15.865
5e+05	-15.608
1e+06	-15.59
1.5e+06	-15.577
2e+06	-15.564
2.5e+06	-15.551
3e+06	-15.55
3.5e+06	-15.54
4e+06	-15.531
4.5e+06	-15.522
5e+06	-15.514
5.5e+06	-15.506
6e+06	-15.502
6.5e+06	-15.497
7e+06	-15.493
7.5e+06	-15.487
8e+06	-15.491
8.5e+06	-15.482
9e+06	-15.459
9.5e+06	-15.388
1e+07	-15.207
1.05e+07	-14.825
1.1e+07	-14.136
1.15e+07	-13.029
1.2e+07	-11.391
