-1.2e+07	-20.803
-1.15e+07	-19.171
-1.1e+07	-18.071
-1.05e+07	-17.388
-1e+07	-17.012
-9.5e+06	-16.836
-9e+06	-16.772
-8.5e+06	-16.755
-8e+06	-16.752
-7.5e+06	-16.75
-7e+06	-16.75
-6.5e+06	-16.75
-6e+06	-16.74
-5.5e+06	-16.74
-5e+06	-16.738
-4.5e+06	-16.723
-4e+06	-16.719
-3.5e+06	-16.715
-3e+06	-16.709
-2.5e+06	-16.703
-2e+06	-16.695
-1.5e+06	-16.686
-1e+06	-16.677
-5e+05	-16.665
0	-16.836
5e+05	-16.663
1e+06	-16.673
1.5e+06	-16.68
2e+06	-16.686
2.5e+06	-16.705
3e+06	-16.71
3.5e+06	-16.701
4e+06	-16.704
4.5e+06	-16.707
5e+06	-16.708
5.5e+06	-16.708
6e+06	-16.706
6.5e+06	-16.705
7e+06	-16.703
7.5e+06	-16.703
8e+06	-16.716
8.5e+06	-16.718
9e+06	-16.734
9.5e+06	-16.785
1e+07	-16.96
1.05e+07	-17.335
1.1e+07	-18.016
1.15e+07	-19.117
1.2e+07	-20.749
