-1.2e+07	3.3279
-1.15e+07	1.684
-1.1e+07	0.55865
-1.05e+07	-0.13782
-1e+07	-0.5279
-9.5e+06	-0.71759
-9e+06	-0.79513
-8.5e+06	-0.82523
-8e+06	-0.841
-7.5e+06	-0.85607
-7e+06	-0.86895
-6.5e+06	-0.89055
-6e+06	-0.90149
-5.5e+06	-0.91335
-5e+06	-0.92582
-4.5e+06	-0.95048
-4e+06	-0.9651
-3.5e+06	-0.97925
-3e+06	-0.99492
-2.5e+06	-1.0112
-2e+06	-1.0386
-1.5e+06	-1.0555
-1e+06	-1.0719
-5e+05	-1.0911
0	-0.99758
5e+05	-1.1106
1e+06	-1.1034
1.5e+06	-1.1017
2e+06	-1.0992
2.5e+06	-1.0963
3e+06	-1.0941
3.5e+06	-1.092
4e+06	-1.0911
4.5e+06	-1.0907
5e+06	-1.0906
5.5e+06	-1.0901
6e+06	-1.0912
6.5e+06	-1.1036
7e+06	-1.0932
7.5e+06	-1.09
8e+06	-1.0862
8.5e+06	-1.0793
9e+06	-1.0587
9.5e+06	-0.98966
1e+07	-0.80882
1.05e+07	-0.43733
1.1e+07	0.25184
1.15e+07	1.371
1.2e+07	3.0106
