-1.2e+07	-12.859
-1.15e+07	-14.497
-1.1e+07	-15.605
-1.05e+07	-16.294
-1e+07	-16.676
-9.5e+06	-16.858
-9e+06	-16.929
-8.5e+06	-16.95
-8e+06	-16.959
-7.5e+06	-16.965
-7e+06	-16.97
-6.5e+06	-16.973
-6e+06	-16.987
-5.5e+06	-16.989
-5e+06	-16.994
-4.5e+06	-16.999
-4e+06	-17.005
-3.5e+06	-17.023
-3e+06	-17.03
-2.5e+06	-17.037
-2e+06	-17.046
-1.5e+06	-17.053
-1e+06	-17.073
-5e+05	-17.083
0	-17.332
5e+05	-17.081
1e+06	-17.069
1.5e+06	-17.06
2e+06	-17.062
2.5e+06	-17.051
3e+06	-17.042
3.5e+06	-17.033
4e+06	-17.025
4.5e+06	-17.018
5e+06	-17.01
5.5e+06	-17.003
6e+06	-17.009
6.5e+06	-17.017
7e+06	-17.011
7.5e+06	-17.004
8e+06	-16.994
8.5e+06	-16.983
9e+06	-16.958
9.5e+06	-16.885
1e+07	-16.7
1.05e+07	-16.314
1.1e+07	-15.622
1.15e+07	-14.51
1.2e+07	-12.869
