-1.2e+07	-24.377
-1.15e+07	-22.74
-1.1e+07	-21.633
-1.05e+07	-20.946
-1e+07	-20.563
-9.5e+06	-20.383
-9e+06	-20.314
-8.5e+06	-20.292
-8e+06	-20.285
-7.5e+06	-20.279
-7e+06	-20.274
-6.5e+06	-20.271
-6e+06	-20.269
-5.5e+06	-20.247
-5e+06	-20.243
-4.5e+06	-20.237
-4e+06	-20.231
-3.5e+06	-20.225
-3e+06	-20.218
-2.5e+06	-20.21
-2e+06	-20.2
-1.5e+06	-20.182
-1e+06	-20.173
-5e+05	-20.161
0	-19.975
5e+05	-20.152
1e+06	-20.166
1.5e+06	-20.176
2e+06	-20.185
2.5e+06	-20.195
3e+06	-20.202
3.5e+06	-20.21
4e+06	-20.215
4.5e+06	-20.221
5e+06	-20.216
5.5e+06	-20.22
6e+06	-20.223
6.5e+06	-20.224
7e+06	-20.227
7.5e+06	-20.222
8e+06	-20.228
8.5e+06	-20.236
9e+06	-20.258
9.5e+06	-20.327
1e+07	-20.508
1.05e+07	-20.89
1.1e+07	-21.578
1.15e+07	-22.685
1.2e+07	-24.323
