-1.2e+07	-24.479
-1.15e+07	-22.843
-1.1e+07	-21.737
-1.05e+07	-21.049
-1e+07	-20.669
-9.5e+06	-20.488
-9e+06	-20.419
-8.5e+06	-20.398
-8e+06	-20.392
-7.5e+06	-20.388
-7e+06	-20.384
-6.5e+06	-20.383
-6e+06	-20.382
-5.5e+06	-20.381
-5e+06	-20.37
-4.5e+06	-20.366
-4e+06	-20.362
-3.5e+06	-20.358
-3e+06	-20.353
-2.5e+06	-20.346
-2e+06	-20.338
-1.5e+06	-20.332
-1e+06	-20.325
-5e+05	-20.314
0	-20.575
5e+05	-20.309
1e+06	-20.326
1.5e+06	-20.337
2e+06	-20.348
2.5e+06	-20.36
3e+06	-20.37
3.5e+06	-20.369
4e+06	-20.377
4.5e+06	-20.385
5e+06	-20.392
5.5e+06	-20.398
6e+06	-20.403
6.5e+06	-20.407
7e+06	-20.412
7.5e+06	-20.418
8e+06	-20.427
8.5e+06	-20.437
9e+06	-20.459
9.5e+06	-20.525
1e+07	-20.717
1.05e+07	-21.101
1.1e+07	-21.791
1.15e+07	-22.899
1.2e+07	-24.538
