-1.2e+07	-24.495
-1.15e+07	-22.855
-1.1e+07	-21.745
-1.05e+07	-21.053
-1e+07	-20.669
-9.5e+06	-20.494
-9e+06	-20.422
-8.5e+06	-20.397
-8e+06	-20.377
-7.5e+06	-20.369
-7e+06	-20.361
-6.5e+06	-20.365
-6e+06	-20.361
-5.5e+06	-20.356
-5e+06	-20.35
-4.5e+06	-20.342
-4e+06	-20.343
-3.5e+06	-20.335
-3e+06	-20.327
-2.5e+06	-20.318
-2e+06	-20.308
-1.5e+06	-20.298
-1e+06	-20.297
-5e+05	-20.284
0	-19.838
5e+05	-20.273
1e+06	-20.287
1.5e+06	-20.297
2e+06	-20.305
2.5e+06	-20.314
3e+06	-20.322
3.5e+06	-20.33
4e+06	-20.336
4.5e+06	-20.342
5e+06	-20.349
5.5e+06	-20.355
6e+06	-20.358
6.5e+06	-20.362
7e+06	-20.366
7.5e+06	-20.372
8e+06	-20.38
8.5e+06	-20.39
9e+06	-20.414
9.5e+06	-20.486
1e+07	-20.67
1.05e+07	-21.055
1.1e+07	-21.747
1.15e+07	-22.857
1.2e+07	-24.498
