-1.2e+07	-9.9716
-1.15e+07	-11.607
-1.1e+07	-12.713
-1.05e+07	-13.398
-1e+07	-13.778
-9.5e+06	-13.957
-9e+06	-14.024
-8.5e+06	-14.043
-8e+06	-14.049
-7.5e+06	-14.053
-7e+06	-14.055
-6.5e+06	-14.056
-6e+06	-14.056
-5.5e+06	-14.057
-5e+06	-14.06
-4.5e+06	-14.056
-4e+06	-14.071
-3.5e+06	-14.076
-3e+06	-14.082
-2.5e+06	-14.09
-2e+06	-14.098
-1.5e+06	-14.107
-1e+06	-14.116
-5e+05	-14.128
0	-14.592
5e+05	-14.136
1e+06	-14.123
1.5e+06	-14.114
2e+06	-14.105
2.5e+06	-14.096
3e+06	-14.098
3.5e+06	-14.092
4e+06	-14.077
4.5e+06	-14.071
5e+06	-14.065
5.5e+06	-14.061
6e+06	-14.057
6.5e+06	-14.056
7e+06	-14.053
7.5e+06	-14.048
8e+06	-14.042
8.5e+06	-14.043
9e+06	-14.021
9.5e+06	-13.951
1e+07	-13.769
1.05e+07	-13.386
1.1e+07	-12.696
1.15e+07	-11.589
1.2e+07	-9.9394
