-1.2e+07	4.7441
-1.15e+07	3.1105
-1.1e+07	2.0071
-1.05e+07	1.3126
-1e+07	0.9351
-9.5e+06	0.75727
-9e+06	0.69032
-8.5e+06	0.67267
-8e+06	0.67904
-7.5e+06	0.66634
-7e+06	0.66493
-6.5e+06	0.66589
-6e+06	0.66728
-5.5e+06	0.66827
-5e+06	0.66795
-4.5e+06	0.65557
-4e+06	0.65328
-3.5e+06	0.65063
-3e+06	0.64647
-2.5e+06	0.64137
-2e+06	0.63597
-1.5e+06	0.62045
-1e+06	0.61454
-5e+05	0.60493
0	0.28402
5e+05	0.60462
1e+06	0.62123
1.5e+06	0.63297
2e+06	0.64437
2.5e+06	0.6451
3e+06	0.65578
3.5e+06	0.66393
4e+06	0.67184
4.5e+06	0.67915
5e+06	0.68728
5.5e+06	0.69288
6e+06	0.69673
6.5e+06	0.70021
7e+06	0.6952
7.5e+06	0.7007
8e+06	0.70872
8.5e+06	0.71708
9e+06	0.73975
9.5e+06	0.81048
1e+07	0.98298
1.05e+07	1.3644
1.1e+07	2.0541
1.15e+07	3.1519
1.2e+07	4.7902
