-1.2e+07	6.2792
-1.15e+07	4.6393
-1.1e+07	3.5288
-1.05e+07	2.837
-1e+07	2.4525
-9.5e+06	2.2683
-9e+06	2.1958
-8.5e+06	2.1714
-8e+06	2.1609
-7.5e+06	2.1528
-7e+06	2.1455
-6.5e+06	2.14
-6e+06	2.1354
-5.5e+06	2.1311
-5e+06	2.1244
-4.5e+06	2.1268
-4e+06	2.1187
-3.5e+06	2.1106
-3e+06	2.1028
-2.5e+06	2.0927
-2e+06	2.0829
-1.5e+06	2.0728
-1e+06	2.0623
-5e+05	2.0483
0	1.9432
5e+05	2.0397
1e+06	2.0543
1.5e+06	2.0635
2e+06	2.0724
2.5e+06	2.081
3e+06	2.0895
3.5e+06	2.096
4e+06	2.1024
4.5e+06	2.1077
5e+06	2.1131
5.5e+06	2.1172
6e+06	2.1202
6.5e+06	2.1311
7e+06	2.1345
7.5e+06	2.1394
8e+06	2.1459
8.5e+06	2.1533
9e+06	2.1755
9.5e+06	2.2458
1e+07	2.4278
1.05e+07	2.8107
1.1e+07	3.4998
1.15e+07	4.6077
1.2e+07	6.2471
