-1.2e+07	-23.429
-1.15e+07	-21.796
-1.1e+07	-20.694
-1.05e+07	-20.011
-1e+07	-19.635
-9.5e+06	-19.45
-9e+06	-19.386
-8.5e+06	-19.371
-8e+06	-19.37
-7.5e+06	-19.371
-7e+06	-19.372
-6.5e+06	-19.375
-6e+06	-19.379
-5.5e+06	-19.382
-5e+06	-19.382
-4.5e+06	-19.391
-4e+06	-19.389
-3.5e+06	-19.387
-3e+06	-19.383
-2.5e+06	-19.378
-2e+06	-19.37
-1.5e+06	-19.364
-1e+06	-19.357
-5e+05	-19.347
0	-19.374
5e+05	-19.342
1e+06	-19.357
1.5e+06	-19.368
2e+06	-19.378
2.5e+06	-19.388
3e+06	-19.387
3.5e+06	-19.395
4e+06	-19.402
4.5e+06	-19.409
5e+06	-19.415
5.5e+06	-19.421
6e+06	-19.425
6.5e+06	-19.438
7e+06	-19.443
7.5e+06	-19.449
8e+06	-19.458
8.5e+06	-19.458
9e+06	-19.482
9.5e+06	-19.554
1e+07	-19.738
1.05e+07	-20.123
1.1e+07	-20.814
1.15e+07	-21.924
1.2e+07	-23.566
