-1.2e+07	-39.41
-1.15e+07	-37.772
-1.1e+07	-36.665
-1.05e+07	-35.967
-1e+07	-35.585
-9.5e+06	-35.405
-9e+06	-35.334
-8.5e+06	-35.313
-8e+06	-35.305
-7.5e+06	-35.3
-7e+06	-35.295
-6.5e+06	-35.292
-6e+06	-35.291
-5.5e+06	-35.288
-5e+06	-35.283
-4.5e+06	-35.286
-4e+06	-35.28
-3.5e+06	-35.265
-3e+06	-35.258
-2.5e+06	-35.25
-2e+06	-35.241
-1.5e+06	-35.232
-1e+06	-35.222
-5e+05	-35.21
0	-34.579
5e+05	-35.201
1e+06	-35.216
1.5e+06	-35.226
2e+06	-35.235
2.5e+06	-35.244
3e+06	-35.252
3.5e+06	-35.268
4e+06	-35.274
4.5e+06	-35.28
5e+06	-35.286
5.5e+06	-35.291
6e+06	-35.294
6.5e+06	-35.306
7e+06	-35.309
7.5e+06	-35.314
8e+06	-35.32
8.5e+06	-35.329
9e+06	-35.352
9.5e+06	-35.422
1e+07	-35.622
1.05e+07	-36.005
1.1e+07	-36.695
1.15e+07	-37.803
1.2e+07	-39.442
