-1.2e+07	-24.448
-1.15e+07	-22.813
-1.1e+07	-21.708
-1.05e+07	-21.021
-1e+07	-20.641
-9.5e+06	-20.462
-9e+06	-20.393
-8.5e+06	-20.373
-8e+06	-20.366
-7.5e+06	-20.362
-7e+06	-20.349
-6.5e+06	-20.347
-6e+06	-20.346
-5.5e+06	-20.344
-5e+06	-20.341
-4.5e+06	-20.335
-4e+06	-20.321
-3.5e+06	-20.315
-3e+06	-20.309
-2.5e+06	-20.3
-2e+06	-20.291
-1.5e+06	-20.282
-1e+06	-20.273
-5e+05	-20.26
0	-19.976
5e+05	-20.251
1e+06	-20.265
1.5e+06	-20.273
2e+06	-20.282
2.5e+06	-20.29
3e+06	-20.297
3.5e+06	-20.303
4e+06	-20.299
4.5e+06	-20.303
5e+06	-20.308
5.5e+06	-20.311
6e+06	-20.313
6.5e+06	-20.313
7e+06	-20.314
7.5e+06	-20.317
8e+06	-20.322
8.5e+06	-20.328
9e+06	-20.348
9.5e+06	-20.416
1e+07	-20.595
1.05e+07	-20.976
1.1e+07	-21.653
1.15e+07	-22.759
1.2e+07	-24.396
