-1.2e+07	4.6217
-1.15e+07	2.9881
-1.1e+07	1.8835
-1.05e+07	1.1976
-1e+07	0.81766
-9.5e+06	0.62925
-9e+06	0.56092
-8.5e+06	0.54101
-8e+06	0.5341
-7.5e+06	0.52935
-7e+06	0.52494
-6.5e+06	0.52299
-6e+06	0.51174
-5.5e+06	0.49894
-5e+06	0.49505
-4.5e+06	0.48867
-4e+06	0.4814
-3.5e+06	0.47407
-3e+06	0.46544
-2.5e+06	0.45593
-2e+06	0.44503
-1.5e+06	0.42361
-1e+06	0.41353
-5e+05	0.39833
0	-0.22562
5e+05	0.3881
1e+06	0.39851
1.5e+06	0.40447
2e+06	0.4094
2.5e+06	0.41428
3e+06	0.41893
3.5e+06	0.42142
4e+06	0.41225
4.5e+06	0.41482
5e+06	0.41558
5.5e+06	0.41496
6e+06	0.41307
6.5e+06	0.40991
7e+06	0.40811
7.5e+06	0.40781
8e+06	0.40938
8.5e+06	0.42219
9e+06	0.43869
9.5e+06	0.50331
1e+07	0.67907
1.05e+07	1.0561
1.1e+07	1.7301
1.15e+07	2.8328
1.2e+07	4.467
