-1.2e+07	-9.3914
-1.15e+07	-11.014
-1.1e+07	-12.116
-1.05e+07	-12.798
-1e+07	-13.184
-9.5e+06	-13.36
-9e+06	-13.425
-8.5e+06	-13.441
-8e+06	-13.444
-7.5e+06	-13.444
-7e+06	-13.453
-6.5e+06	-13.45
-6e+06	-13.447
-5.5e+06	-13.444
-5e+06	-13.443
-4.5e+06	-13.443
-4e+06	-13.454
-3.5e+06	-13.445
-3e+06	-13.447
-2.5e+06	-13.449
-2e+06	-13.453
-1.5e+06	-13.457
-1e+06	-13.47
-5e+05	-13.476
0	-13.244
5e+05	-13.475
1e+06	-13.455
1.5e+06	-13.44
2e+06	-13.427
2.5e+06	-13.412
3e+06	-13.399
3.5e+06	-13.387
4e+06	-13.376
4.5e+06	-13.365
5e+06	-13.355
5.5e+06	-13.346
6e+06	-13.339
6.5e+06	-13.332
7e+06	-13.324
7.5e+06	-13.314
8e+06	-13.304
8.5e+06	-13.292
9e+06	-13.266
9.5e+06	-13.192
1e+07	-13.006
1.05e+07	-12.62
1.1e+07	-11.917
1.15e+07	-10.805
1.2e+07	-9.1734
