-1.2e+07	-37.453
-1.15e+07	-35.829
-1.1e+07	-34.734
-1.05e+07	-34.058
-1e+07	-33.689
-9.5e+06	-33.521
-9e+06	-33.465
-8.5e+06	-33.455
-8e+06	-33.461
-7.5e+06	-33.468
-7e+06	-33.476
-6.5e+06	-33.486
-6e+06	-33.497
-5.5e+06	-33.507
-5e+06	-33.514
-4.5e+06	-33.532
-4e+06	-33.537
-3.5e+06	-33.543
-3e+06	-33.548
-2.5e+06	-33.552
-2e+06	-33.555
-1.5e+06	-33.558
-1e+06	-33.56
-5e+05	-33.559
0	-33.763
5e+05	-33.577
1e+06	-33.599
1.5e+06	-33.618
2e+06	-33.636
2.5e+06	-33.655
3e+06	-33.661
3.5e+06	-33.676
4e+06	-33.69
4.5e+06	-33.704
5e+06	-33.717
5.5e+06	-33.729
6e+06	-33.738
6.5e+06	-33.746
7e+06	-33.755
7.5e+06	-33.766
8e+06	-33.777
8.5e+06	-33.779
9e+06	-33.805
9.5e+06	-33.879
1e+07	-34.063
1.05e+07	-34.449
1.1e+07	-35.141
1.15e+07	-36.25
1.2e+07	-37.89
