-1.2e+07	5.6865
-1.15e+07	4.0525
-1.1e+07	2.9484
-1.05e+07	2.2632
-1e+07	1.8657
-9.5e+06	1.6869
-9e+06	1.6197
-8.5e+06	1.6011
-8e+06	1.5964
-7.5e+06	1.5925
-7e+06	1.581
-6.5e+06	1.5811
-6e+06	1.5911
-5.5e+06	1.5915
-5e+06	1.59
-4.5e+06	1.5871
-4e+06	1.5741
-3.5e+06	1.5709
-3e+06	1.566
-2.5e+06	1.5605
-2e+06	1.5541
-1.5e+06	1.5481
-1e+06	1.5323
-5e+05	1.5228
0	1.1266
5e+05	1.5192
1e+06	1.5365
1.5e+06	1.548
2e+06	1.5596
2.5e+06	1.571
3e+06	1.5814
3.5e+06	1.5904
4e+06	1.6088
4.5e+06	1.6181
5e+06	1.6261
5.5e+06	1.6331
6e+06	1.6388
6.5e+06	1.6425
7e+06	1.6476
7.5e+06	1.6549
8e+06	1.6636
8.5e+06	1.6639
9e+06	1.6887
9.5e+06	1.7612
1e+07	1.9447
1.05e+07	2.3295
1.1e+07	3.0306
1.15e+07	4.1401
1.2e+07	5.7804
