-1.2e+07	-8.8543
-1.15e+07	-10.491
-1.1e+07	-11.598
-1.05e+07	-12.286
-1e+07	-12.668
-9.5e+06	-12.849
-9e+06	-12.919
-8.5e+06	-12.942
-8e+06	-12.95
-7.5e+06	-12.956
-7e+06	-12.961
-6.5e+06	-12.965
-6e+06	-12.959
-5.5e+06	-12.962
-5e+06	-12.967
-4.5e+06	-12.974
-4e+06	-12.989
-3.5e+06	-12.996
-3e+06	-13.004
-2.5e+06	-13.014
-2e+06	-13.025
-1.5e+06	-13.035
-1e+06	-13.046
-5e+05	-13.06
0	-13.657
5e+05	-13.071
1e+06	-13.058
1.5e+06	-13.049
2e+06	-13.043
2.5e+06	-13.036
3e+06	-13.03
3.5e+06	-13.026
4e+06	-13.05
4.5e+06	-13.046
5e+06	-13.044
5.5e+06	-13.042
6e+06	-13.042
6.5e+06	-13.042
7e+06	-13.042
7.5e+06	-13.039
8e+06	-13.037
8.5e+06	-13.031
9e+06	-13.011
9.5e+06	-12.945
1e+07	-12.767
1.05e+07	-12.387
1.1e+07	-11.72
1.15e+07	-10.615
1.2e+07	-8.9803
