-1.2e+07	3.984
-1.15e+07	2.361
-1.1e+07	1.2672
-1.05e+07	0.59278
-1e+07	0.2244
-9.5e+06	0.057547
-9e+06	0.0026445
-8.5e+06	-0.0044557
-8e+06	0.0026393
-7.5e+06	0.020117
-7e+06	0.029558
-6.5e+06	0.041753
-6e+06	0.053859
-5.5e+06	0.066635
-5e+06	0.076225
-4.5e+06	0.095514
-4e+06	0.10397
-3.5e+06	0.11194
-3e+06	0.11869
-2.5e+06	0.13421
-2e+06	0.13885
-1.5e+06	0.1433
-1e+06	0.14787
-5e+05	0.14833
0	0.35645
5e+05	0.1709
1e+06	0.196
1.5e+06	0.21783
2e+06	0.23808
2.5e+06	0.2581
3e+06	0.26799
3.5e+06	0.2849
4e+06	0.30027
4.5e+06	0.31514
5e+06	0.33093
5.5e+06	0.34447
6e+06	0.35538
6.5e+06	0.35513
7e+06	0.36672
7.5e+06	0.37898
8e+06	0.39159
8.5e+06	0.39594
9e+06	0.42461
9.5e+06	0.50013
1e+07	0.68743
1.05e+07	1.074
1.1e+07	1.7672
1.15e+07	2.8784
1.2e+07	4.5207
