-1.2e+07	-8.9322
-1.15e+07	-10.569
-1.1e+07	-11.675
-1.05e+07	-12.362
-1e+07	-12.742
-9.5e+06	-12.922
-9e+06	-12.991
-8.5e+06	-13.011
-8e+06	-13.008
-7.5e+06	-13.013
-7e+06	-13.015
-6.5e+06	-13.017
-6e+06	-13.016
-5.5e+06	-13.017
-5e+06	-13.028
-4.5e+06	-13.032
-4e+06	-13.035
-3.5e+06	-13.04
-3e+06	-13.044
-2.5e+06	-13.05
-2e+06	-13.056
-1.5e+06	-13.063
-1e+06	-13.07
-5e+05	-13.079
0	-13.606
5e+05	-13.084
1e+06	-13.067
1.5e+06	-13.055
2e+06	-13.043
2.5e+06	-13.031
3e+06	-13.021
3.5e+06	-13.021
4e+06	-13.013
4.5e+06	-13.005
5e+06	-12.998
5.5e+06	-12.991
6e+06	-12.987
6.5e+06	-12.983
7e+06	-12.978
7.5e+06	-12.981
8e+06	-12.973
8.5e+06	-12.963
9e+06	-12.94
9.5e+06	-12.878
1e+07	-12.697
1.05e+07	-12.313
1.1e+07	-11.623
1.15e+07	-10.514
1.2e+07	-8.8753
