-1.2e+07	-39.248
-1.15e+07	-37.613
-1.1e+07	-36.507
-1.05e+07	-35.82
-1e+07	-35.44
-9.5e+06	-35.251
-9e+06	-35.183
-8.5e+06	-35.162
-8e+06	-35.155
-7.5e+06	-35.15
-7e+06	-35.136
-6.5e+06	-35.135
-6e+06	-35.135
-5.5e+06	-35.124
-5e+06	-35.12
-4.5e+06	-35.116
-4e+06	-35.111
-3.5e+06	-35.106
-3e+06	-35.1
-2.5e+06	-35.092
-2e+06	-35.084
-1.5e+06	-35.066
-1e+06	-35.059
-5e+05	-35.046
0	-34.83
5e+05	-35.039
1e+06	-35.055
1.5e+06	-35.066
2e+06	-35.075
2.5e+06	-35.085
3e+06	-35.093
3.5e+06	-35.101
4e+06	-35.107
4.5e+06	-35.113
5e+06	-35.11
5.5e+06	-35.115
6e+06	-35.119
6.5e+06	-35.13
7e+06	-35.134
7.5e+06	-35.139
8e+06	-35.146
8.5e+06	-35.154
9e+06	-35.176
9.5e+06	-35.246
1e+07	-35.429
1.05e+07	-35.812
1.1e+07	-36.501
1.15e+07	-37.609
1.2e+07	-39.247
