-1.2e+07	-10.34
-1.15e+07	-11.973
-1.1e+07	-13.076
-1.05e+07	-13.76
-1e+07	-14.138
-9.5e+06	-14.326
-9e+06	-14.393
-8.5e+06	-14.412
-8e+06	-14.417
-7.5e+06	-14.421
-7e+06	-14.424
-6.5e+06	-14.426
-6e+06	-14.426
-5.5e+06	-14.438
-5e+06	-14.442
-4.5e+06	-14.447
-4e+06	-14.453
-3.5e+06	-14.459
-3e+06	-14.467
-2.5e+06	-14.476
-2e+06	-14.486
-1.5e+06	-14.507
-1e+06	-14.517
-5e+05	-14.532
0	-14.543
5e+05	-14.541
1e+06	-14.53
1.5e+06	-14.524
2e+06	-14.519
2.5e+06	-14.513
3e+06	-14.51
3.5e+06	-14.507
4e+06	-14.515
4.5e+06	-14.514
5e+06	-14.513
5.5e+06	-14.513
6e+06	-14.515
6.5e+06	-14.518
7e+06	-14.52
7.5e+06	-14.519
8e+06	-14.519
8.5e+06	-14.516
9e+06	-14.5
9.5e+06	-14.435
1e+07	-14.258
1.05e+07	-13.882
1.1e+07	-13.208
1.15e+07	-12.105
1.2e+07	-10.472
