-1.2e+07	-38.118
-1.15e+07	-36.483
-1.1e+07	-35.379
-1.05e+07	-34.685
-1e+07	-34.306
-9.5e+06	-34.13
-9e+06	-34.064
-8.5e+06	-34.046
-8e+06	-34.042
-7.5e+06	-34.03
-7e+06	-34.027
-6.5e+06	-34.029
-6e+06	-34.03
-5.5e+06	-34.031
-5e+06	-34.03
-4.5e+06	-34.019
-4e+06	-34.017
-3.5e+06	-34.014
-3e+06	-34.012
-2.5e+06	-34.007
-2e+06	-34.002
-1.5e+06	-33.988
-1e+06	-33.983
-5e+05	-33.975
0	-33.695
5e+05	-33.975
1e+06	-33.993
1.5e+06	-34.006
2e+06	-34.018
2.5e+06	-34.01
3e+06	-34.021
3.5e+06	-34.032
4e+06	-34.041
4.5e+06	-34.04
5e+06	-34.049
5.5e+06	-34.057
6e+06	-34.063
6.5e+06	-34.068
7e+06	-34.064
7.5e+06	-34.072
8e+06	-34.081
8.5e+06	-34.091
9e+06	-34.117
9.5e+06	-34.189
1e+07	-34.372
1.05e+07	-34.757
1.1e+07	-35.448
1.15e+07	-36.548
1.2e+07	-38.189
