-1.2e+07	-8.908
-1.15e+07	-10.559
-1.1e+07	-11.669
-1.05e+07	-12.362
-1e+07	-12.747
-9.5e+06	-12.923
-9e+06	-12.996
-8.5e+06	-13.022
-8e+06	-13.034
-7.5e+06	-13.043
-7e+06	-13.052
-6.5e+06	-13.049
-6e+06	-13.055
-5.5e+06	-13.061
-5e+06	-13.069
-4.5e+06	-13.078
-4e+06	-13.078
-3.5e+06	-13.097
-3e+06	-13.108
-2.5e+06	-13.118
-2e+06	-13.13
-1.5e+06	-13.142
-1e+06	-13.144
-5e+05	-13.158
0	-13.118
5e+05	-13.173
1e+06	-13.161
1.5e+06	-13.153
2e+06	-13.147
2.5e+06	-13.139
3e+06	-13.133
3.5e+06	-13.128
4e+06	-13.123
4.5e+06	-13.118
5e+06	-13.114
5.5e+06	-13.111
6e+06	-13.109
6.5e+06	-13.108
7e+06	-13.105
7.5e+06	-13.101
8e+06	-13.095
8.5e+06	-13.077
9e+06	-13.055
9.5e+06	-12.985
1e+07	-12.803
1.05e+07	-12.42
1.1e+07	-11.731
1.15e+07	-10.622
1.2e+07	-8.9824
