-1.2e+07	9.5836
-1.15e+07	7.9476
-1.1e+07	6.8425
-1.05e+07	6.1551
-1e+07	5.7737
-9.5e+06	5.594
-9e+06	5.5136
-8.5e+06	5.4918
-8e+06	5.4837
-7.5e+06	5.4771
-7e+06	5.4711
-6.5e+06	5.4673
-6e+06	5.464
-5.5e+06	5.4598
-5e+06	5.4538
-4.5e+06	5.447
-4e+06	5.4387
-3.5e+06	5.4308
-3e+06	5.4108
-2.5e+06	5.4002
-2e+06	5.3888
-1.5e+06	5.3772
-1e+06	5.365
-5e+05	5.3503
0	5.2583
5e+05	5.3293
1e+06	5.3429
1.5e+06	5.3494
2e+06	5.3551
2.5e+06	5.3607
3e+06	5.3654
3.5e+06	5.3575
4e+06	5.3595
4.5e+06	5.3618
5e+06	5.3631
5.5e+06	5.3637
6e+06	5.3625
6.5e+06	5.3604
7e+06	5.3593
7.5e+06	5.36
8e+06	5.3619
8.5e+06	5.3658
9e+06	5.3841
9.5e+06	5.4387
1e+07	5.6058
1.05e+07	5.9846
1.1e+07	6.6698
1.15e+07	7.7746
1.2e+07	9.4102
