-1.2e+07	-26.22
-1.15e+07	-24.59
-1.1e+07	-23.492
-1.05e+07	-22.811
-1e+07	-22.428
-9.5e+06	-22.255
-9e+06	-22.194
-8.5e+06	-22.182
-8e+06	-22.182
-7.5e+06	-22.176
-7e+06	-22.179
-6.5e+06	-22.186
-6e+06	-22.193
-5.5e+06	-22.191
-5e+06	-22.196
-4.5e+06	-22.201
-4e+06	-22.205
-3.5e+06	-22.209
-3e+06	-22.203
-2.5e+06	-22.205
-2e+06	-22.206
-1.5e+06	-22.207
-1e+06	-22.199
-5e+05	-22.197
0	-21.848
5e+05	-22.253
1e+06	-22.277
1.5e+06	-22.294
2e+06	-22.312
2.5e+06	-22.33
3e+06	-22.346
3.5e+06	-22.362
4e+06	-22.375
4.5e+06	-22.389
5e+06	-22.402
5.5e+06	-22.415
6e+06	-22.425
6.5e+06	-22.434
7e+06	-22.445
7.5e+06	-22.458
8e+06	-22.472
8.5e+06	-22.487
9e+06	-22.517
9.5e+06	-22.594
1e+07	-22.783
1.05e+07	-23.173
1.1e+07	-23.869
1.15e+07	-24.984
1.2e+07	-26.63
