-1.2e+07	-40.026
-1.15e+07	-38.397
-1.1e+07	-37.298
-1.05e+07	-36.618
-1e+07	-36.244
-9.5e+06	-36.071
-9e+06	-36.008
-8.5e+06	-35.994
-8e+06	-35.994
-7.5e+06	-35.996
-7e+06	-35.998
-6.5e+06	-36.002
-6e+06	-36.007
-5.5e+06	-36.012
-5e+06	-36.014
-4.5e+06	-36.016
-4e+06	-36.017
-3.5e+06	-36.018
-3e+06	-36.017
-2.5e+06	-36.016
-2e+06	-36.013
-1.5e+06	-36.011
-1e+06	-36.009
-5e+05	-36.002
0	-35.667
5e+05	-36.005
1e+06	-36.025
1.5e+06	-36.039
2e+06	-36.053
2.5e+06	-36.068
3e+06	-36.072
3.5e+06	-36.083
4e+06	-36.094
4.5e+06	-36.096
5e+06	-36.106
5.5e+06	-36.114
6e+06	-36.121
6.5e+06	-36.126
7e+06	-36.132
7.5e+06	-36.139
8e+06	-36.148
8.5e+06	-36.15
9e+06	-36.174
9.5e+06	-36.246
1e+07	-36.43
1.05e+07	-36.815
1.1e+07	-37.505
1.15e+07	-38.614
1.2e+07	-40.254
