-1.2e+07	-5.4002
-1.15e+07	-7.0385
-1.1e+07	-8.1454
-1.05e+07	-8.8332
-1e+07	-9.2146
-9.5e+06	-9.3947
-9e+06	-9.4639
-8.5e+06	-9.4855
-8e+06	-9.4927
-7.5e+06	-9.4982
-7e+06	-9.502
-6.5e+06	-9.505
-6e+06	-9.5062
-5.5e+06	-9.5079
-5e+06	-9.5113
-4.5e+06	-9.5159
-4e+06	-9.5213
-3.5e+06	-9.5262
-3e+06	-9.5322
-2.5e+06	-9.5385
-2e+06	-9.5466
-1.5e+06	-9.5544
-1e+06	-9.5627
-5e+05	-9.5747
0	-9.7768
5e+05	-9.5866
1e+06	-9.5685
1.5e+06	-9.5573
2e+06	-9.5457
2.5e+06	-9.5355
3e+06	-9.5369
3.5e+06	-9.5285
4e+06	-9.5211
4.5e+06	-9.5141
5e+06	-9.5071
5.5e+06	-9.5026
6e+06	-9.5094
6.5e+06	-9.5059
7e+06	-9.5017
7.5e+06	-9.4964
8e+06	-9.4897
8.5e+06	-9.4916
9e+06	-9.4688
9.5e+06	-9.3984
1e+07	-9.2156
1.05e+07	-8.8331
1.1e+07	-8.1432
1.15e+07	-7.0351
1.2e+07	-5.3959
