-1.2e+07	-41.624
-1.15e+07	-39.994
-1.1e+07	-38.894
-1.05e+07	-38.202
-1e+07	-37.827
-9.5e+06	-37.653
-9e+06	-37.59
-8.5e+06	-37.575
-8e+06	-37.573
-7.5e+06	-37.573
-7e+06	-37.575
-6.5e+06	-37.578
-6e+06	-37.583
-5.5e+06	-37.587
-5e+06	-37.59
-4.5e+06	-37.59
-4e+06	-37.591
-3.5e+06	-37.591
-3e+06	-37.59
-2.5e+06	-37.588
-2e+06	-37.584
-1.5e+06	-37.581
-1e+06	-37.577
-5e+05	-37.57
0	-37.77
5e+05	-37.566
1e+06	-37.587
1.5e+06	-37.602
2e+06	-37.615
2.5e+06	-37.628
3e+06	-37.64
3.5e+06	-37.651
4e+06	-37.661
4.5e+06	-37.67
5e+06	-37.679
5.5e+06	-37.687
6e+06	-37.692
6.5e+06	-37.697
7e+06	-37.701
7.5e+06	-37.709
8e+06	-37.717
8.5e+06	-37.727
9e+06	-37.751
9.5e+06	-37.822
1e+07	-38.004
1.05e+07	-38.388
1.1e+07	-39.078
1.15e+07	-40.188
1.2e+07	-41.827
