-1.2e+07	-27.821
-1.15e+07	-26.185
-1.1e+07	-25.079
-1.05e+07	-24.391
-1e+07	-24.01
-9.5e+06	-23.829
-9e+06	-23.76
-8.5e+06	-23.74
-8e+06	-23.733
-7.5e+06	-23.728
-7e+06	-23.725
-6.5e+06	-23.723
-6e+06	-23.722
-5.5e+06	-23.72
-5e+06	-23.717
-4.5e+06	-23.713
-4e+06	-23.709
-3.5e+06	-23.704
-3e+06	-23.699
-2.5e+06	-23.692
-2e+06	-23.685
-1.5e+06	-23.677
-1e+06	-23.67
-5e+05	-23.658
0	-23.283
5e+05	-23.647
1e+06	-23.666
1.5e+06	-23.678
2e+06	-23.69
2.5e+06	-23.701
3e+06	-23.7
3.5e+06	-23.708
4e+06	-23.715
4.5e+06	-23.723
5e+06	-23.73
5.5e+06	-23.736
6e+06	-23.74
6.5e+06	-23.732
7e+06	-23.737
7.5e+06	-23.743
8e+06	-23.749
8.5e+06	-23.748
9e+06	-23.771
9.5e+06	-23.841
1e+07	-24.023
1.05e+07	-24.407
1.1e+07	-25.096
1.15e+07	-26.205
1.2e+07	-27.844
