-1.2e+07	-42.567
-1.15e+07	-40.922
-1.1e+07	-39.81
-1.05e+07	-39.116
-1e+07	-38.728
-9.5e+06	-38.542
-9e+06	-38.466
-8.5e+06	-38.438
-8e+06	-38.424
-7.5e+06	-38.413
-7e+06	-38.403
-6.5e+06	-38.395
-6e+06	-38.378
-5.5e+06	-38.371
-5e+06	-38.362
-4.5e+06	-38.352
-4e+06	-38.342
-3.5e+06	-38.332
-3e+06	-38.322
-2.5e+06	-38.31
-2e+06	-38.298
-1.5e+06	-38.286
-1e+06	-38.275
-5e+05	-38.261
0	-38.463
5e+05	-38.244
1e+06	-38.26
1.5e+06	-38.27
2e+06	-38.278
2.5e+06	-38.288
3e+06	-38.296
3.5e+06	-38.304
4e+06	-38.312
4.5e+06	-38.319
5e+06	-38.326
5.5e+06	-38.332
6e+06	-38.337
6.5e+06	-38.341
7e+06	-38.347
7.5e+06	-38.355
8e+06	-38.364
8.5e+06	-38.387
9e+06	-38.413
9.5e+06	-38.489
1e+07	-38.675
1.05e+07	-39.061
1.1e+07	-39.755
1.15e+07	-40.868
1.2e+07	-42.513
