-1.2e+07	-39.552
-1.15e+07	-37.919
-1.1e+07	-36.816
-1.05e+07	-36.131
-1e+07	-35.754
-9.5e+06	-35.586
-9e+06	-35.521
-8.5e+06	-35.504
-8e+06	-35.5
-7.5e+06	-35.499
-7e+06	-35.499
-6.5e+06	-35.5
-6e+06	-35.502
-5.5e+06	-35.504
-5e+06	-35.503
-4.5e+06	-35.503
-4e+06	-35.502
-3.5e+06	-35.5
-3e+06	-35.508
-2.5e+06	-35.504
-2e+06	-35.5
-1.5e+06	-35.496
-1e+06	-35.49
-5e+05	-35.483
0	-34.961
5e+05	-35.483
1e+06	-35.502
1.5e+06	-35.515
2e+06	-35.529
2.5e+06	-35.541
3e+06	-35.563
3.5e+06	-35.573
4e+06	-35.583
4.5e+06	-35.593
5e+06	-35.602
5.5e+06	-35.61
6e+06	-35.617
6.5e+06	-35.622
7e+06	-35.628
7.5e+06	-35.636
8e+06	-35.646
8.5e+06	-35.666
9e+06	-35.691
9.5e+06	-35.764
1e+07	-35.948
1.05e+07	-36.333
1.1e+07	-37.025
1.15e+07	-38.134
1.2e+07	-39.775
