-1.2e+07	-7.577
-1.15e+07	-9.2095
-1.1e+07	-10.311
-1.05e+07	-10.993
-1e+07	-11.371
-9.5e+06	-11.546
-9e+06	-11.612
-8.5e+06	-11.63
-8e+06	-11.634
-7.5e+06	-11.636
-7e+06	-11.637
-6.5e+06	-11.637
-6e+06	-11.636
-5.5e+06	-11.635
-5e+06	-11.637
-4.5e+06	-11.64
-4e+06	-11.662
-3.5e+06	-11.666
-3e+06	-11.672
-2.5e+06	-11.678
-2e+06	-11.685
-1.5e+06	-11.692
-1e+06	-11.699
-5e+05	-11.71
0	-11.836
5e+05	-11.717
1e+06	-11.7
1.5e+06	-11.698
2e+06	-11.688
2.5e+06	-11.679
3e+06	-11.67
3.5e+06	-11.663
4e+06	-11.665
4.5e+06	-11.658
5e+06	-11.651
5.5e+06	-11.638
6e+06	-11.635
6.5e+06	-11.632
7e+06	-11.638
7.5e+06	-11.633
8e+06	-11.626
8.5e+06	-11.617
9e+06	-11.595
9.5e+06	-11.534
1e+07	-11.352
1.05e+07	-10.969
1.1e+07	-10.279
1.15e+07	-9.1704
1.2e+07	-7.5393
