-1.2e+07	8.6616
-1.15e+07	7.0329
-1.1e+07	5.9337
-1.05e+07	5.2434
-1e+07	4.8689
-9.5e+06	4.6957
-9e+06	4.6343
-8.5e+06	4.6203
-8e+06	4.6207
-7.5e+06	4.6221
-7e+06	4.6251
-6.5e+06	4.6299
-6e+06	4.6356
-5.5e+06	4.6396
-5e+06	4.642
-4.5e+06	4.644
-4e+06	4.6451
-3.5e+06	4.6457
-3e+06	4.6449
-2.5e+06	4.6434
-2e+06	4.6404
-1.5e+06	4.6377
-1e+06	4.6346
-5e+05	4.6282
0	4.213
5e+05	4.6262
1e+06	4.6471
1.5e+06	4.662
2e+06	4.6763
2.5e+06	4.6904
3e+06	4.7027
3.5e+06	4.7137
4e+06	4.7231
4.5e+06	4.7334
5e+06	4.7425
5.5e+06	4.7505
6e+06	4.756
6.5e+06	4.7608
7e+06	4.7665
7.5e+06	4.7736
8e+06	4.7821
8.5e+06	4.7922
9e+06	4.8162
9.5e+06	4.8885
1e+07	5.0717
1.05e+07	5.4555
1.1e+07	6.1455
1.15e+07	7.2545
1.2e+07	8.8939
