-1.2e+07	-28.056
-1.15e+07	-26.421
-1.1e+07	-25.316
-1.05e+07	-24.631
-1e+07	-24.252
-9.5e+06	-24.074
-9e+06	-23.996
-8.5e+06	-23.976
-8e+06	-23.97
-7.5e+06	-23.966
-7e+06	-23.963
-6.5e+06	-23.961
-6e+06	-23.95
-5.5e+06	-23.949
-5e+06	-23.946
-4.5e+06	-23.943
-4e+06	-23.938
-3.5e+06	-23.932
-3e+06	-23.916
-2.5e+06	-23.909
-2e+06	-23.9
-1.5e+06	-23.893
-1e+06	-23.884
-5e+05	-23.872
0	-23.593
5e+05	-23.857
1e+06	-23.875
1.5e+06	-23.886
2e+06	-23.896
2.5e+06	-23.906
3e+06	-23.915
3.5e+06	-23.922
4e+06	-23.928
4.5e+06	-23.935
5e+06	-23.94
5.5e+06	-23.945
6e+06	-23.959
6.5e+06	-23.971
7e+06	-23.975
7.5e+06	-23.979
8e+06	-23.985
8.5e+06	-23.993
9e+06	-24.016
9.5e+06	-24.085
1e+07	-24.267
1.05e+07	-24.649
1.1e+07	-25.338
1.15e+07	-26.446
1.2e+07	-28.085
