-1.2e+07	-25.153
-1.15e+07	-23.524
-1.1e+07	-22.425
-1.05e+07	-21.745
-1e+07	-21.371
-9.5e+06	-21.198
-9e+06	-21.137
-8.5e+06	-21.124
-8e+06	-21.124
-7.5e+06	-21.125
-7e+06	-21.128
-6.5e+06	-21.134
-6e+06	-21.139
-5.5e+06	-21.144
-5e+06	-21.148
-4.5e+06	-21.15
-4e+06	-21.152
-3.5e+06	-21.154
-3e+06	-21.155
-2.5e+06	-21.155
-2e+06	-21.153
-1.5e+06	-21.151
-1e+06	-21.15
-5e+05	-21.144
0	-21.342
5e+05	-21.149
1e+06	-21.171
1.5e+06	-21.186
2e+06	-21.202
2.5e+06	-21.217
3e+06	-21.222
3.5e+06	-21.235
4e+06	-21.247
4.5e+06	-21.258
5e+06	-21.269
5.5e+06	-21.28
6e+06	-21.288
6.5e+06	-21.295
7e+06	-21.303
7.5e+06	-21.313
8e+06	-21.324
8.5e+06	-21.327
9e+06	-21.353
9.5e+06	-21.427
1e+07	-21.612
1.05e+07	-21.997
1.1e+07	-22.69
1.15e+07	-23.802
1.2e+07	-25.443
