-1.2e+07	-24.695
-1.15e+07	-23.062
-1.1e+07	-21.959
-1.05e+07	-21.276
-1e+07	-20.898
-9.5e+06	-20.723
-9e+06	-20.657
-8.5e+06	-20.64
-8e+06	-20.637
-7.5e+06	-20.635
-7e+06	-20.634
-6.5e+06	-20.636
-6e+06	-20.639
-5.5e+06	-20.64
-5e+06	-20.64
-4.5e+06	-20.638
-4e+06	-20.636
-3.5e+06	-20.635
-3e+06	-20.631
-2.5e+06	-20.626
-2e+06	-20.622
-1.5e+06	-20.617
-1e+06	-20.612
-5e+05	-20.603
0	-20.122
5e+05	-20.602
1e+06	-20.62
1.5e+06	-20.634
2e+06	-20.645
2.5e+06	-20.659
3e+06	-20.681
3.5e+06	-20.69
4e+06	-20.7
4.5e+06	-20.709
5e+06	-20.718
5.5e+06	-20.725
6e+06	-20.731
6.5e+06	-20.736
7e+06	-20.742
7.5e+06	-20.749
8e+06	-20.759
8.5e+06	-20.778
9e+06	-20.802
9.5e+06	-20.875
1e+07	-21.058
1.05e+07	-21.442
1.1e+07	-22.134
1.15e+07	-23.243
1.2e+07	-24.884
