-1.2e+07	-5.574
-1.15e+07	-7.2107
-1.1e+07	-8.3169
-1.05e+07	-9.0044
-1e+07	-9.3855
-9.5e+06	-9.5658
-9e+06	-9.6464
-8.5e+06	-9.6682
-8e+06	-9.6763
-7.5e+06	-9.6828
-7e+06	-9.6883
-6.5e+06	-9.6929
-6e+06	-9.6957
-5.5e+06	-9.7
-5e+06	-9.7056
-4.5e+06	-9.7127
-4e+06	-9.72
-3.5e+06	-9.728
-3e+06	-9.7482
-2.5e+06	-9.7585
-2e+06	-9.7701
-1.5e+06	-9.7811
-1e+06	-9.7931
-5e+05	-9.8087
0	-9.6569
5e+05	-9.83
1e+06	-9.8164
1.5e+06	-9.8097
2e+06	-9.8044
2.5e+06	-9.7989
3e+06	-9.7944
3.5e+06	-9.8022
4e+06	-9.7997
4.5e+06	-9.7979
5e+06	-9.7966
5.5e+06	-9.7961
6e+06	-9.7969
6.5e+06	-9.81
7e+06	-9.8102
7.5e+06	-9.8097
8e+06	-9.8075
8.5e+06	-9.8032
9e+06	-9.7849
9.5e+06	-9.73
1e+07	-9.5528
1.05e+07	-9.1736
1.1e+07	-8.4886
1.15e+07	-7.3841
1.2e+07	-5.7493
