-1.2e+07	-27.202
-1.15e+07	-25.568
-1.1e+07	-24.463
-1.05e+07	-23.778
-1e+07	-23.399
-9.5e+06	-23.222
-9e+06	-23.166
-8.5e+06	-23.147
-8e+06	-23.141
-7.5e+06	-23.138
-7e+06	-23.136
-6.5e+06	-23.136
-6e+06	-23.137
-5.5e+06	-23.137
-5e+06	-23.135
-4.5e+06	-23.132
-4e+06	-23.129
-3.5e+06	-23.125
-3e+06	-23.121
-2.5e+06	-23.115
-2e+06	-23.11
-1.5e+06	-23.103
-1e+06	-23.097
-5e+05	-23.087
0	-23.23
5e+05	-23.077
1e+06	-23.096
1.5e+06	-23.108
2e+06	-23.12
2.5e+06	-23.131
3e+06	-23.142
3.5e+06	-23.151
4e+06	-23.159
4.5e+06	-23.167
5e+06	-23.174
5.5e+06	-23.181
6e+06	-23.186
6.5e+06	-23.189
7e+06	-23.195
7.5e+06	-23.201
8e+06	-23.209
8.5e+06	-23.218
9e+06	-23.242
9.5e+06	-23.314
1e+07	-23.497
1.05e+07	-23.881
1.1e+07	-24.572
1.15e+07	-25.681
1.2e+07	-27.321
