-1.2e+07	-6.2142
-1.15e+07	-7.8486
-1.1e+07	-8.9528
-1.05e+07	-9.6378
-1e+07	-10.017
-9.5e+06	-10.194
-9e+06	-10.25
-8.5e+06	-10.269
-8e+06	-10.273
-7.5e+06	-10.277
-7e+06	-10.289
-6.5e+06	-10.29
-6e+06	-10.288
-5.5e+06	-10.288
-5e+06	-10.29
-4.5e+06	-10.292
-4e+06	-10.295
-3.5e+06	-10.298
-3e+06	-10.291
-2.5e+06	-10.297
-2e+06	-10.303
-1.5e+06	-10.309
-1e+06	-10.315
-5e+05	-10.325
0	-10.577
5e+05	-10.332
1e+06	-10.312
1.5e+06	-10.3
2e+06	-10.287
2.5e+06	-10.276
3e+06	-10.264
3.5e+06	-10.255
4e+06	-10.246
4.5e+06	-10.237
5e+06	-10.229
5.5e+06	-10.222
6e+06	-10.216
6.5e+06	-10.212
7e+06	-10.207
7.5e+06	-10.2
8e+06	-10.191
8.5e+06	-10.181
9e+06	-10.157
9.5e+06	-10.085
1e+07	-9.9015
1.05e+07	-9.5172
1.1e+07	-8.8259
1.15e+07	-7.7158
1.2e+07	-6.0755
