-1.2e+07	-5.3244
-1.15e+07	-6.9599
-1.1e+07	-8.0649
-1.05e+07	-8.7495
-1e+07	-9.1285
-9.5e+06	-9.3071
-9e+06	-9.3851
-8.5e+06	-9.4053
-8e+06	-9.411
-7.5e+06	-9.4144
-7e+06	-9.417
-6.5e+06	-9.4181
-6e+06	-9.4178
-5.5e+06	-9.4294
-5e+06	-9.4319
-4.5e+06	-9.4364
-4e+06	-9.4401
-3.5e+06	-9.444
-3e+06	-9.4605
-2.5e+06	-9.4668
-2e+06	-9.4744
-1.5e+06	-9.4827
-1e+06	-9.4905
-5e+05	-9.5021
0	-9.5186
5e+05	-9.5141
1e+06	-9.4958
1.5e+06	-9.4836
2e+06	-9.4728
2.5e+06	-9.4628
3e+06	-9.4529
3.5e+06	-9.4449
4e+06	-9.4375
4.5e+06	-9.4301
5e+06	-9.4242
5.5e+06	-9.4191
6e+06	-9.415
6.5e+06	-9.4019
7e+06	-9.397
7.5e+06	-9.391
8e+06	-9.3844
8.5e+06	-9.3752
9e+06	-9.3525
9.5e+06	-9.281
1e+07	-9.0876
1.05e+07	-8.7047
1.1e+07	-8.0156
1.15e+07	-6.9069
1.2e+07	-5.2674
