-1.2e+07	-27.717
-1.15e+07	-26.073
-1.1e+07	-24.958
-1.05e+07	-24.263
-1e+07	-23.874
-9.5e+06	-23.675
-9e+06	-23.599
-8.5e+06	-23.571
-8e+06	-23.557
-7.5e+06	-23.545
-7e+06	-23.534
-6.5e+06	-23.526
-6e+06	-23.518
-5.5e+06	-23.51
-5e+06	-23.501
-4.5e+06	-23.491
-4e+06	-23.481
-3.5e+06	-23.471
-3e+06	-23.461
-2.5e+06	-23.45
-2e+06	-23.438
-1.5e+06	-23.426
-1e+06	-23.415
-5e+05	-23.4
0	-23.125
5e+05	-23.383
1e+06	-23.398
1.5e+06	-23.408
2e+06	-23.417
2.5e+06	-23.427
3e+06	-23.436
3.5e+06	-23.444
4e+06	-23.451
4.5e+06	-23.459
5e+06	-23.467
5.5e+06	-23.473
6e+06	-23.479
6.5e+06	-23.483
7e+06	-23.489
7.5e+06	-23.497
8e+06	-23.506
8.5e+06	-23.53
9e+06	-23.556
9.5e+06	-23.63
1e+07	-23.816
1.05e+07	-24.202
1.1e+07	-24.896
1.15e+07	-26.009
1.2e+07	-27.654
