-1.2e+07	7.7283
-1.15e+07	6.0941
-1.1e+07	4.99
-1.05e+07	4.3053
-1e+07	3.9259
-9.5e+06	3.7481
-9e+06	3.6807
-8.5e+06	3.6607
-8e+06	3.6537
-7.5e+06	3.6487
-7e+06	3.6451
-6.5e+06	3.6426
-6e+06	3.6404
-5.5e+06	3.6378
-5e+06	3.6341
-4.5e+06	3.6289
-4e+06	3.6234
-3.5e+06	3.6179
-3e+06	3.6109
-2.5e+06	3.602
-2e+06	3.5926
-1.5e+06	3.583
-1e+06	3.573
-5e+05	3.5595
0	3.1725
5e+05	3.5461
1e+06	3.5601
1.5e+06	3.5587
2e+06	3.5673
2.5e+06	3.5739
3e+06	3.58
3.5e+06	3.5856
4e+06	3.5809
4.5e+06	3.5854
5e+06	3.5885
5.5e+06	3.5923
6e+06	3.595
6.5e+06	3.5955
7e+06	3.5879
7.5e+06	3.5917
8e+06	3.5973
8.5e+06	3.604
9e+06	3.6255
9.5e+06	3.6849
1e+07	3.8658
1.05e+07	4.2477
1.1e+07	4.9358
1.15e+07	6.0442
1.2e+07	7.6734
