-1.2e+07	-40.92
-1.15e+07	-39.287
-1.1e+07	-38.186
-1.05e+07	-37.504
-1e+07	-37.11
-9.5e+06	-36.934
-9e+06	-36.871
-8.5e+06	-36.856
-8e+06	-36.854
-7.5e+06	-36.847
-7e+06	-36.849
-6.5e+06	-36.853
-6e+06	-36.858
-5.5e+06	-36.855
-5e+06	-36.867
-4.5e+06	-36.87
-4e+06	-36.872
-3.5e+06	-36.874
-3e+06	-36.867
-2.5e+06	-36.867
-2e+06	-36.867
-1.5e+06	-36.866
-1e+06	-36.858
-5e+05	-36.855
0	-36.441
5e+05	-37.027
1e+06	-37.052
1.5e+06	-37.071
2e+06	-37.089
2.5e+06	-37.107
3e+06	-37.124
3.5e+06	-37.14
4e+06	-37.154
4.5e+06	-37.169
5e+06	-37.184
5.5e+06	-37.197
6e+06	-37.209
6.5e+06	-37.22
7e+06	-37.231
7.5e+06	-37.245
8e+06	-37.26
8.5e+06	-37.278
9e+06	-37.308
9.5e+06	-37.387
1e+07	-37.578
1.05e+07	-37.969
1.1e+07	-38.666
1.15e+07	-39.783
1.2e+07	-41.43
