-1.2e+07	-31.931
-1.15e+07	-30.29
-1.1e+07	-29.19
-1.05e+07	-28.51
-1e+07	-28.136
-9.5e+06	-27.963
-9e+06	-27.902
-8.5e+06	-27.89
-8e+06	-27.88
-7.5e+06	-27.883
-7e+06	-27.887
-6.5e+06	-27.894
-6e+06	-27.902
-5.5e+06	-27.909
-5e+06	-27.914
-4.5e+06	-27.908
-4e+06	-27.912
-3.5e+06	-27.915
-3e+06	-27.918
-2.5e+06	-27.92
-2e+06	-27.921
-1.5e+06	-27.911
-1e+06	-27.913
-5e+05	-27.91
0	-28.183
5e+05	-27.912
1e+06	-27.941
1.5e+06	-27.953
2e+06	-27.973
2.5e+06	-27.993
3e+06	-28.011
3.5e+06	-28.03
4e+06	-28.046
4.5e+06	-28.052
5e+06	-28.067
5.5e+06	-28.082
6e+06	-28.095
6.5e+06	-28.106
7e+06	-28.119
7.5e+06	-28.133
8e+06	-28.149
8.5e+06	-28.177
9e+06	-28.207
9.5e+06	-28.286
1e+07	-28.477
1.05e+07	-28.857
1.1e+07	-29.554
1.15e+07	-30.669
1.2e+07	-32.316
