-1.2e+07	-2.8757
-1.15e+07	-4.5052
-1.1e+07	-5.604
-1.05e+07	-6.2838
-1e+07	-6.6573
-9.5e+06	-6.8299
-9e+06	-6.8902
-8.5e+06	-6.9039
-8e+06	-6.9032
-7.5e+06	-6.9016
-7e+06	-6.8981
-6.5e+06	-6.8929
-6e+06	-6.8871
-5.5e+06	-6.882
-5e+06	-6.8795
-4.5e+06	-6.8775
-4e+06	-6.8865
-3.5e+06	-6.8855
-3e+06	-6.8844
-2.5e+06	-6.8854
-2e+06	-6.8872
-1.5e+06	-6.8888
-1e+06	-6.8905
-5e+05	-6.8962
0	-7.5198
5e+05	-6.9017
1e+06	-6.8766
1.5e+06	-6.8594
2e+06	-6.8436
2.5e+06	-6.8277
3e+06	-6.8135
3.5e+06	-6.8008
4e+06	-6.7885
4.5e+06	-6.7768
5e+06	-6.7647
5.5e+06	-6.7545
6e+06	-6.7463
6.5e+06	-6.7289
7e+06	-6.7207
7.5e+06	-6.7108
8e+06	-6.7007
8.5e+06	-6.6879
9e+06	-6.6618
9.5e+06	-6.5876
1e+07	-6.4027
1.05e+07	-6.0163
1.1e+07	-5.3234
1.15e+07	-4.2119
1.2e+07	-2.5706
