-1.2e+07	-4.5771
-1.15e+07	-6.214
-1.1e+07	-7.3203
-1.05e+07	-8.0084
-1e+07	-8.3896
-9.5e+06	-8.5491
-9e+06	-8.6178
-8.5e+06	-8.6391
-8e+06	-8.6471
-7.5e+06	-8.653
-7e+06	-8.6584
-6.5e+06	-8.6612
-6e+06	-8.6632
-5.5e+06	-8.6558
-5e+06	-8.6609
-4.5e+06	-8.6659
-4e+06	-8.6717
-3.5e+06	-8.6767
-3e+06	-8.6836
-2.5e+06	-8.692
-2e+06	-8.7013
-1.5e+06	-8.7113
-1e+06	-8.7196
-5e+05	-8.7316
0	-9.0899
5e+05	-8.7482
1e+06	-8.7314
1.5e+06	-8.7204
2e+06	-8.711
2.5e+06	-8.703
3e+06	-8.6944
3.5e+06	-8.6877
4e+06	-8.6806
4.5e+06	-8.6748
5e+06	-8.6693
5.5e+06	-8.6647
6e+06	-8.6619
6.5e+06	-8.6601
7e+06	-8.6572
7.5e+06	-8.6521
8e+06	-8.646
8.5e+06	-8.6485
9e+06	-8.6267
9.5e+06	-8.556
1e+07	-8.3746
1.05e+07	-7.9923
1.1e+07	-7.3035
1.15e+07	-6.1958
1.2e+07	-4.5566
