-1.2e+07	-46.666
-1.15e+07	-45.025
-1.1e+07	-43.925
-1.05e+07	-43.243
-1e+07	-42.868
-9.5e+06	-42.695
-9e+06	-42.633
-8.5e+06	-42.619
-8e+06	-42.609
-7.5e+06	-42.61
-7e+06	-42.614
-6.5e+06	-42.619
-6e+06	-42.626
-5.5e+06	-42.632
-5e+06	-42.636
-4.5e+06	-42.629
-4e+06	-42.633
-3.5e+06	-42.636
-3e+06	-42.637
-2.5e+06	-42.639
-2e+06	-42.639
-1.5e+06	-42.629
-1e+06	-42.63
-5e+05	-42.626
0	-42.792
5e+05	-42.627
1e+06	-42.656
1.5e+06	-42.667
2e+06	-42.688
2.5e+06	-42.708
3e+06	-42.727
3.5e+06	-42.744
4e+06	-42.771
4.5e+06	-42.777
5e+06	-42.793
5.5e+06	-42.807
6e+06	-42.82
6.5e+06	-42.833
7e+06	-42.845
7.5e+06	-42.861
8e+06	-42.877
8.5e+06	-42.894
9e+06	-42.926
9.5e+06	-43.005
1e+07	-43.195
1.05e+07	-43.576
1.1e+07	-44.274
1.15e+07	-45.391
1.2e+07	-47.048
