-1.2e+07	-45.969
-1.15e+07	-44.338
-1.1e+07	-43.239
-1.05e+07	-42.558
-1e+07	-42.184
-9.5e+06	-42.011
-9e+06	-41.948
-8.5e+06	-41.933
-8e+06	-41.933
-7.5e+06	-41.934
-7e+06	-41.935
-6.5e+06	-41.939
-6e+06	-41.944
-5.5e+06	-41.948
-5e+06	-41.96
-4.5e+06	-41.96
-4e+06	-41.96
-3.5e+06	-41.96
-3e+06	-41.959
-2.5e+06	-41.957
-2e+06	-41.954
-1.5e+06	-41.951
-1e+06	-41.948
-5e+05	-41.941
0	-41.362
5e+05	-41.933
1e+06	-41.958
1.5e+06	-41.974
2e+06	-41.99
2.5e+06	-42.005
3e+06	-42.018
3.5e+06	-42.031
4e+06	-42.043
4.5e+06	-42.054
5e+06	-42.065
5.5e+06	-42.065
6e+06	-42.073
6.5e+06	-42.08
7e+06	-42.088
7.5e+06	-42.099
8e+06	-42.11
8.5e+06	-42.124
9e+06	-42.151
9.5e+06	-42.226
1e+07	-42.414
1.05e+07	-42.801
1.1e+07	-43.494
1.15e+07	-44.608
1.2e+07	-46.251
