-1.2e+07	-28.492
-1.15e+07	-26.855
-1.1e+07	-25.747
-1.05e+07	-25.058
-1e+07	-24.675
-9.5e+06	-24.505
-9e+06	-24.435
-8.5e+06	-24.411
-8e+06	-24.402
-7.5e+06	-24.395
-7e+06	-24.389
-6.5e+06	-24.385
-6e+06	-24.381
-5.5e+06	-24.4
-5e+06	-24.394
-4.5e+06	-24.388
-4e+06	-24.381
-3.5e+06	-24.374
-3e+06	-24.366
-2.5e+06	-24.357
-2e+06	-24.347
-1.5e+06	-24.348
-1e+06	-24.338
-5e+05	-24.325
0	-23.878
5e+05	-24.308
1e+06	-24.326
1.5e+06	-24.336
2e+06	-24.346
2.5e+06	-24.355
3e+06	-24.365
3.5e+06	-24.372
4e+06	-24.379
4.5e+06	-24.386
5e+06	-24.393
5.5e+06	-24.398
6e+06	-24.403
6.5e+06	-24.406
7e+06	-24.411
7.5e+06	-24.418
8e+06	-24.427
8.5e+06	-24.415
9e+06	-24.44
9.5e+06	-24.513
1e+07	-24.697
1.05e+07	-25.082
1.1e+07	-25.774
1.15e+07	-26.884
1.2e+07	-28.526
