-1.2e+07	-4.2001
-1.15e+07	-5.8307
-1.1e+07	-6.9315
-1.05e+07	-7.6136
-1e+07	-7.9891
-9.5e+06	-8.1638
-9e+06	-8.2377
-8.5e+06	-8.253
-8e+06	-8.2546
-7.5e+06	-8.2543
-7e+06	-8.2635
-6.5e+06	-8.26
-6e+06	-8.2556
-5.5e+06	-8.2516
-5e+06	-8.2495
-4.5e+06	-8.2478
-4e+06	-8.2472
-3.5e+06	-8.2467
-3e+06	-8.2568
-2.5e+06	-8.2593
-2e+06	-8.2616
-1.5e+06	-8.2635
-1e+06	-8.2663
-5e+05	-8.2724
0	-8.4962
5e+05	-8.2771
1e+06	-8.2531
1.5e+06	-8.2361
2e+06	-8.2192
2.5e+06	-8.2025
3e+06	-8.1871
3.5e+06	-8.1836
4e+06	-8.1702
4.5e+06	-8.1573
5e+06	-8.1451
5.5e+06	-8.1341
6e+06	-8.1248
6.5e+06	-8.116
7e+06	-8.1061
7.5e+06	-8.0938
8e+06	-8.0807
8.5e+06	-8.0669
9e+06	-8.0375
9.5e+06	-7.972
1e+07	-7.784
1.05e+07	-7.3951
1.1e+07	-6.6989
1.15e+07	-5.5844
1.2e+07	-3.939
