-1.2e+07	12.425
-1.15e+07	10.795
-1.1e+07	9.6957
-1.05e+07	9.0145
-1e+07	8.6399
-9.5e+06	8.4666
-9e+06	8.4043
-8.5e+06	8.3897
-8e+06	8.389
-7.5e+06	8.3895
-7e+06	8.3915
-6.5e+06	8.3957
-6e+06	8.4009
-5.5e+06	8.4045
-5e+06	8.4071
-4.5e+06	8.4082
-4e+06	8.4083
-3.5e+06	8.4084
-3e+06	8.4092
-2.5e+06	8.4084
-2e+06	8.4051
-1.5e+06	8.402
-1e+06	8.399
-5e+05	8.3919
0	8.0994
5e+05	8.3857
1e+06	8.41
1.5e+06	8.4267
2e+06	8.4426
2.5e+06	8.4576
3e+06	8.4721
3.5e+06	8.484
4e+06	8.4947
4.5e+06	8.5058
5e+06	8.5161
5.5e+06	8.5257
6e+06	8.5332
6.5e+06	8.5394
7e+06	8.5462
7.5e+06	8.5556
8e+06	8.565
8.5e+06	8.5774
9e+06	8.6027
9.5e+06	8.6763
1e+07	8.8605
1.05e+07	9.246
1.1e+07	9.9376
1.15e+07	11.048
1.2e+07	12.689
