-1.2e+07	13.136
-1.15e+07	11.507
-1.1e+07	10.407
-1.05e+07	9.7249
-1e+07	9.3502
-9.5e+06	9.1758
-9e+06	9.1127
-8.5e+06	9.0974
-8e+06	9.0969
-7.5e+06	9.0969
-7e+06	9.0992
-6.5e+06	9.1015
-6e+06	9.1051
-5.5e+06	9.1091
-5e+06	9.1207
-4.5e+06	9.1205
-4e+06	9.1197
-3.5e+06	9.119
-3e+06	9.1179
-2.5e+06	9.1161
-2e+06	9.1122
-1.5e+06	9.1081
-1e+06	9.1039
-5e+05	9.0956
0	9.204
5e+05	9.0874
1e+06	9.1109
1.5e+06	9.1266
2e+06	9.1419
2.5e+06	9.1563
3e+06	9.1702
3.5e+06	9.182
4e+06	9.1937
4.5e+06	9.2047
5e+06	9.216
5.5e+06	9.2142
6e+06	9.2215
6.5e+06	9.2285
7e+06	9.236
7.5e+06	9.2462
8e+06	9.2567
8.5e+06	9.2694
9e+06	9.2968
9.5e+06	9.372
1e+07	9.5583
1.05e+07	9.9449
1.1e+07	10.639
1.15e+07	11.752
1.2e+07	13.396
