-1.2e+07	-15.076
-1.15e+07	-16.711
-1.1e+07	-17.829
-1.05e+07	-18.514
-1e+07	-18.893
-9.5e+06	-19.073
-9e+06	-19.14
-8.5e+06	-19.16
-8e+06	-19.165
-7.5e+06	-19.169
-7e+06	-19.173
-6.5e+06	-19.174
-6e+06	-19.173
-5.5e+06	-19.176
-5e+06	-19.179
-4.5e+06	-19.184
-4e+06	-19.19
-3.5e+06	-19.195
-3e+06	-19.202
-2.5e+06	-19.208
-2e+06	-19.231
-1.5e+06	-19.24
-1e+06	-19.249
-5e+05	-19.261
0	-18.706
5e+05	-19.254
1e+06	-19.247
1.5e+06	-19.241
2e+06	-19.233
2.5e+06	-19.226
3e+06	-19.219
3.5e+06	-19.215
4e+06	-19.225
4.5e+06	-19.22
5e+06	-19.216
5.5e+06	-19.213
6e+06	-19.213
6.5e+06	-19.212
7e+06	-19.21
7.5e+06	-19.208
8e+06	-19.202
8.5e+06	-19.197
9e+06	-19.176
9.5e+06	-19.109
1e+07	-18.929
1.05e+07	-18.549
1.1e+07	-17.875
1.15e+07	-16.769
1.2e+07	-15.131
