-1.2e+07	-18.58
-1.15e+07	-16.948
-1.1e+07	-15.845
-1.05e+07	-15.16
-1e+07	-14.782
-9.5e+06	-14.605
-9e+06	-14.539
-8.5e+06	-14.52
-8e+06	-14.516
-7.5e+06	-14.512
-7e+06	-14.508
-6.5e+06	-14.495
-6e+06	-14.496
-5.5e+06	-14.495
-5e+06	-14.492
-4.5e+06	-14.488
-4e+06	-14.483
-3.5e+06	-14.478
-3e+06	-14.471
-2.5e+06	-14.463
-2e+06	-14.441
-1.5e+06	-14.433
-1e+06	-14.423
-5e+05	-14.412
0	-14.284
5e+05	-14.416
1e+06	-14.423
1.5e+06	-14.43
2e+06	-14.436
2.5e+06	-14.442
3e+06	-14.448
3.5e+06	-14.452
4e+06	-14.441
4.5e+06	-14.445
5e+06	-14.447
5.5e+06	-14.448
6e+06	-14.447
6.5e+06	-14.446
7e+06	-14.444
7.5e+06	-14.446
8e+06	-14.449
8.5e+06	-14.452
9e+06	-14.47
9.5e+06	-14.535
1e+07	-14.711
1.05e+07	-15.09
1.1e+07	-15.773
1.15e+07	-16.877
1.2e+07	-18.511
