-1.2e+07	-29.166
-1.15e+07	-27.534
-1.1e+07	-26.433
-1.05e+07	-25.753
-1e+07	-25.377
-9.5e+06	-25.203
-9e+06	-25.129
-8.5e+06	-25.114
-8e+06	-25.102
-7.5e+06	-25.103
-7e+06	-25.105
-6.5e+06	-25.109
-6e+06	-25.115
-5.5e+06	-25.118
-5e+06	-25.121
-4.5e+06	-25.122
-4e+06	-25.123
-3.5e+06	-25.125
-3e+06	-25.114
-2.5e+06	-25.113
-2e+06	-25.111
-1.5e+06	-25.11
-1e+06	-25.109
-5e+05	-25.103
0	-25.068
5e+05	-25.101
1e+06	-25.126
1.5e+06	-25.144
2e+06	-25.161
2.5e+06	-25.179
3e+06	-25.194
3.5e+06	-25.198
4e+06	-25.212
4.5e+06	-25.226
5e+06	-25.238
5.5e+06	-25.251
6e+06	-25.272
6.5e+06	-25.28
7e+06	-25.291
7.5e+06	-25.303
8e+06	-25.317
8.5e+06	-25.332
9e+06	-25.361
9.5e+06	-25.429
1e+07	-25.618
1.05e+07	-26.008
1.1e+07	-26.704
1.15e+07	-27.819
1.2e+07	-29.464
