-1.2e+07	-14.794
-1.15e+07	-16.428
-1.1e+07	-17.531
-1.05e+07	-18.214
-1e+07	-18.591
-9.5e+06	-18.768
-9e+06	-18.833
-8.5e+06	-18.852
-8e+06	-18.857
-7.5e+06	-18.858
-7e+06	-18.86
-6.5e+06	-18.859
-6e+06	-18.858
-5.5e+06	-18.857
-5e+06	-18.859
-4.5e+06	-18.876
-4e+06	-18.879
-3.5e+06	-18.882
-3e+06	-18.886
-2.5e+06	-18.89
-2e+06	-18.896
-1.5e+06	-18.902
-1e+06	-18.908
-5e+05	-18.917
0	-19.727
5e+05	-18.911
1e+06	-18.9
1.5e+06	-18.891
2e+06	-18.881
2.5e+06	-18.872
3e+06	-18.862
3.5e+06	-18.854
4e+06	-18.847
4.5e+06	-18.84
5e+06	-18.834
5.5e+06	-18.829
6e+06	-18.825
6.5e+06	-18.835
7e+06	-18.832
7.5e+06	-18.826
8e+06	-18.82
8.5e+06	-18.812
9e+06	-18.79
9.5e+06	-18.721
1e+07	-18.539
1.05e+07	-18.157
1.1e+07	-17.469
1.15e+07	-16.361
1.2e+07	-14.723
