-1.2e+07	-0.61873
-1.15e+07	-2.2527
-1.1e+07	-3.3567
-1.05e+07	-4.0418
-1e+07	-4.4211
-9.5e+06	-4.5994
-9e+06	-4.6657
-8.5e+06	-4.6838
-8e+06	-4.6894
-7.5e+06	-4.6921
-7e+06	-4.6935
-6.5e+06	-4.6928
-6e+06	-4.6918
-5.5e+06	-4.6923
-5e+06	-4.6939
-4.5e+06	-4.71
-4e+06	-4.7135
-3.5e+06	-4.7169
-3e+06	-4.7209
-2.5e+06	-4.728
-2e+06	-4.7354
-1.5e+06	-4.7423
-1e+06	-4.7482
-5e+05	-4.7593
0	-5.4821
5e+05	-4.7563
1e+06	-4.7457
1.5e+06	-4.7374
2e+06	-4.7289
2.5e+06	-4.7205
3e+06	-4.7123
3.5e+06	-4.7057
4e+06	-4.7003
4.5e+06	-4.6948
5e+06	-4.6905
5.5e+06	-4.6862
6e+06	-4.6839
6.5e+06	-4.6959
7e+06	-4.6935
7.5e+06	-4.6895
8e+06	-4.6859
8.5e+06	-4.6795
9e+06	-4.6585
9.5e+06	-4.5907
1e+07	-4.411
1.05e+07	-4.0313
1.1e+07	-3.3443
1.15e+07	-2.2388
1.2e+07	-0.60297
