-1.2e+07	-18.63
-1.15e+07	-16.992
-1.1e+07	-15.883
-1.05e+07	-15.194
-1e+07	-14.812
-9.5e+06	-14.63
-9e+06	-14.555
-8.5e+06	-14.532
-8e+06	-14.523
-7.5e+06	-14.516
-7e+06	-14.51
-6.5e+06	-14.506
-6e+06	-14.488
-5.5e+06	-14.484
-5e+06	-14.478
-4.5e+06	-14.47
-4e+06	-14.462
-3.5e+06	-14.454
-3e+06	-14.441
-2.5e+06	-14.432
-2e+06	-14.42
-1.5e+06	-14.409
-1e+06	-14.398
-5e+05	-14.385
0	-14.471
5e+05	-14.381
1e+06	-14.39
1.5e+06	-14.395
2e+06	-14.402
2.5e+06	-14.408
3e+06	-14.412
3.5e+06	-14.413
4e+06	-14.403
4.5e+06	-14.407
5e+06	-14.41
5.5e+06	-14.414
6e+06	-14.415
6.5e+06	-14.415
7e+06	-14.417
7.5e+06	-14.42
8e+06	-14.425
8.5e+06	-14.432
9e+06	-14.453
9.5e+06	-14.517
1e+07	-14.698
1.05e+07	-15.081
1.1e+07	-15.768
1.15e+07	-16.877
1.2e+07	-18.514
