-1.2e+07	-34.558
-1.15e+07	-32.92
-1.1e+07	-31.812
-1.05e+07	-31.123
-1e+07	-30.74
-9.5e+06	-30.558
-9e+06	-30.485
-8.5e+06	-30.462
-8e+06	-30.453
-7.5e+06	-30.444
-7e+06	-30.438
-6.5e+06	-30.434
-6e+06	-30.417
-5.5e+06	-30.413
-5e+06	-30.407
-4.5e+06	-30.399
-4e+06	-30.392
-3.5e+06	-30.384
-3e+06	-30.371
-2.5e+06	-30.361
-2e+06	-30.351
-1.5e+06	-30.34
-1e+06	-30.332
-5e+05	-30.318
0	-30.011
5e+05	-30.315
1e+06	-30.324
1.5e+06	-30.33
2e+06	-30.336
2.5e+06	-30.343
3e+06	-30.35
3.5e+06	-30.351
4e+06	-30.342
4.5e+06	-30.346
5e+06	-30.35
5.5e+06	-30.352
6e+06	-30.355
6.5e+06	-30.356
7e+06	-30.359
7.5e+06	-30.363
8e+06	-30.369
8.5e+06	-30.377
9e+06	-30.399
9.5e+06	-30.464
1e+07	-30.646
1.05e+07	-31.028
1.1e+07	-31.704
1.15e+07	-32.812
1.2e+07	-34.452
