-1.2e+07	-14.325
-1.15e+07	-15.963
-1.1e+07	-17.071
-1.05e+07	-17.767
-1e+07	-18.147
-9.5e+06	-18.328
-9e+06	-18.397
-8.5e+06	-18.418
-8e+06	-18.425
-7.5e+06	-18.43
-7e+06	-18.434
-6.5e+06	-18.436
-6e+06	-18.436
-5.5e+06	-18.437
-5e+06	-18.441
-4.5e+06	-18.444
-4e+06	-18.448
-3.5e+06	-18.459
-3e+06	-18.463
-2.5e+06	-18.47
-2e+06	-18.476
-1.5e+06	-18.483
-1e+06	-18.489
-5e+05	-18.497
0	-18.756
5e+05	-18.49
1e+06	-18.476
1.5e+06	-18.465
2e+06	-18.453
2.5e+06	-18.441
3e+06	-18.43
3.5e+06	-18.428
4e+06	-18.432
4.5e+06	-18.423
5e+06	-18.414
5.5e+06	-18.407
6e+06	-18.4
6.5e+06	-18.395
7e+06	-18.388
7.5e+06	-18.379
8e+06	-18.369
8.5e+06	-18.357
9e+06	-18.332
9.5e+06	-18.265
1e+07	-18.08
1.05e+07	-17.695
1.1e+07	-17.015
1.15e+07	-15.904
1.2e+07	-14.261
