-1.2e+07	-18.681
-1.15e+07	-17.045
-1.1e+07	-15.94
-1.05e+07	-15.246
-1e+07	-14.866
-9.5e+06	-14.688
-9e+06	-14.621
-8.5e+06	-14.601
-8e+06	-14.596
-7.5e+06	-14.594
-7e+06	-14.592
-6.5e+06	-14.593
-6e+06	-14.594
-5.5e+06	-14.596
-5e+06	-14.594
-4.5e+06	-14.593
-4e+06	-14.592
-3.5e+06	-14.582
-3e+06	-14.58
-2.5e+06	-14.577
-2e+06	-14.573
-1.5e+06	-14.57
-1e+06	-14.566
-5e+05	-14.559
0	-14.291
5e+05	-14.573
1e+06	-14.59
1.5e+06	-14.604
2e+06	-14.618
2.5e+06	-14.632
3e+06	-14.645
3.5e+06	-14.649
4e+06	-14.648
4.5e+06	-14.66
5e+06	-14.671
5.5e+06	-14.681
6e+06	-14.691
6.5e+06	-14.698
7e+06	-14.707
7.5e+06	-14.718
8e+06	-14.73
8.5e+06	-14.744
9e+06	-14.772
9.5e+06	-14.84
1e+07	-15.027
1.05e+07	-15.415
1.1e+07	-16.096
1.15e+07	-17.211
1.2e+07	-18.854
