-1.2e+07	-14.37
-1.15e+07	-16.018
-1.1e+07	-17.124
-1.05e+07	-17.811
-1e+07	-18.192
-9.5e+06	-18.372
-9e+06	-18.441
-8.5e+06	-18.461
-8e+06	-18.469
-7.5e+06	-18.474
-7e+06	-18.478
-6.5e+06	-18.493
-6e+06	-18.494
-5.5e+06	-18.495
-5e+06	-18.499
-4.5e+06	-18.504
-4e+06	-18.51
-3.5e+06	-18.528
-3e+06	-18.534
-2.5e+06	-18.543
-2e+06	-18.55
-1.5e+06	-18.559
-1e+06	-18.58
-5e+05	-18.591
0	-18.344
5e+05	-18.589
1e+06	-18.578
1.5e+06	-18.569
2e+06	-18.561
2.5e+06	-18.553
3e+06	-18.544
3.5e+06	-18.538
4e+06	-18.531
4.5e+06	-18.538
5e+06	-18.532
5.5e+06	-18.527
6e+06	-18.525
6.5e+06	-18.523
7e+06	-18.52
7.5e+06	-18.529
8e+06	-18.522
8.5e+06	-18.513
9e+06	-18.491
9.5e+06	-18.421
1e+07	-18.24
1.05e+07	-17.871
1.1e+07	-17.181
1.15e+07	-16.073
1.2e+07	-14.434
