-1.2e+07	-18.956
-1.15e+07	-17.308
-1.1e+07	-16.204
-1.05e+07	-15.518
-1e+07	-15.138
-9.5e+06	-14.959
-9e+06	-14.879
-8.5e+06	-14.859
-8e+06	-14.853
-7.5e+06	-14.85
-7e+06	-14.847
-6.5e+06	-14.834
-6e+06	-14.834
-5.5e+06	-14.833
-5e+06	-14.83
-4.5e+06	-14.827
-4e+06	-14.824
-3.5e+06	-14.807
-3e+06	-14.802
-2.5e+06	-14.795
-2e+06	-14.788
-1.5e+06	-14.781
-1e+06	-14.774
-5e+05	-14.763
0	-14.594
5e+05	-14.769
1e+06	-14.781
1.5e+06	-14.779
2e+06	-14.788
2.5e+06	-14.798
3e+06	-14.807
3.5e+06	-14.815
4e+06	-14.822
4.5e+06	-14.816
5e+06	-14.822
5.5e+06	-14.828
6e+06	-14.832
6.5e+06	-14.834
7e+06	-14.837
7.5e+06	-14.831
8e+06	-14.839
8.5e+06	-14.847
9e+06	-14.871
9.5e+06	-14.943
1e+07	-15.124
1.05e+07	-15.494
1.1e+07	-16.183
1.15e+07	-17.292
1.2e+07	-18.933
