-1.2e+07	-14.55
-1.15e+07	-16.186
-1.1e+07	-17.291
-1.05e+07	-17.978
-1e+07	-18.358
-9.5e+06	-18.537
-9e+06	-18.603
-8.5e+06	-18.623
-8e+06	-18.627
-7.5e+06	-18.631
-7e+06	-18.633
-6.5e+06	-18.632
-6e+06	-18.631
-5.5e+06	-18.629
-5e+06	-18.63
-4.5e+06	-18.645
-4e+06	-18.647
-3.5e+06	-18.649
-3e+06	-18.651
-2.5e+06	-18.655
-2e+06	-18.659
-1.5e+06	-18.663
-1e+06	-18.667
-5e+05	-18.675
0	-19.017
5e+05	-18.662
1e+06	-18.645
1.5e+06	-18.633
2e+06	-18.618
2.5e+06	-18.605
3e+06	-18.592
3.5e+06	-18.58
4e+06	-18.569
4.5e+06	-18.557
5e+06	-18.547
5.5e+06	-18.537
6e+06	-18.529
6.5e+06	-18.521
7e+06	-18.513
7.5e+06	-18.503
8e+06	-18.491
8.5e+06	-18.478
9e+06	-18.451
9.5e+06	-18.376
1e+07	-18.189
1.05e+07	-17.803
1.1e+07	-17.109
1.15e+07	-15.996
1.2e+07	-14.352
