-1.2e+07	-18.943
-1.15e+07	-17.309
-1.1e+07	-16.207
-1.05e+07	-15.522
-1e+07	-15.145
-9.5e+06	-14.969
-9e+06	-14.904
-8.5e+06	-14.888
-8e+06	-14.872
-7.5e+06	-14.872
-7e+06	-14.873
-6.5e+06	-14.876
-6e+06	-14.881
-5.5e+06	-14.884
-5e+06	-14.887
-4.5e+06	-14.887
-4e+06	-14.888
-3.5e+06	-14.889
-3e+06	-14.888
-2.5e+06	-14.888
-2e+06	-14.886
-1.5e+06	-14.883
-1e+06	-14.882
-5e+05	-14.876
0	-14.496
5e+05	-14.894
1e+06	-14.914
1.5e+06	-14.929
2e+06	-14.944
2.5e+06	-14.96
3e+06	-14.975
3.5e+06	-14.988
4e+06	-15.002
4.5e+06	-15.015
5e+06	-15.027
5.5e+06	-15.038
6e+06	-15.047
6.5e+06	-15.043
7e+06	-15.053
7.5e+06	-15.064
8e+06	-15.076
8.5e+06	-15.09
9e+06	-15.117
9.5e+06	-15.192
1e+07	-15.38
1.05e+07	-15.768
1.1e+07	-16.462
1.15e+07	-17.575
1.2e+07	-19.219
