-1.2e+07	-0.57285
-1.15e+07	-2.1903
-1.1e+07	-3.2858
-1.05e+07	-3.9684
-1e+07	-4.3479
-9.5e+06	-4.528
-9e+06	-4.6015
-8.5e+06	-4.6243
-8e+06	-4.6337
-7.5e+06	-4.641
-7e+06	-4.6465
-6.5e+06	-4.6512
-6e+06	-4.6685
-5.5e+06	-4.6726
-5e+06	-4.6793
-4.5e+06	-4.6861
-4e+06	-4.694
-3.5e+06	-4.7015
-3e+06	-4.7149
-2.5e+06	-4.725
-2e+06	-4.7354
-1.5e+06	-4.7465
-1e+06	-4.7572
-5e+05	-4.7697
0	-4.7294
5e+05	-4.7744
1e+06	-4.7655
1.5e+06	-4.7599
2e+06	-4.754
2.5e+06	-4.7488
3e+06	-4.7435
3.5e+06	-4.7433
4e+06	-4.7524
4.5e+06	-4.7487
5e+06	-4.7455
5.5e+06	-4.7421
6e+06	-4.7409
6.5e+06	-4.7402
7e+06	-4.7388
7.5e+06	-4.7363
8e+06	-4.7305
8.5e+06	-4.7237
9e+06	-4.7032
9.5e+06	-4.6391
1e+07	-4.4592
1.05e+07	-4.0811
1.1e+07	-3.3998
1.15e+07	-2.3045
1.2e+07	-0.68671
