-1.2e+07	-21.385
-1.15e+07	-19.782
-1.1e+07	-18.687
-1.05e+07	-18.004
-1e+07	-17.621
-9.5e+06	-17.437
-9e+06	-17.364
-8.5e+06	-17.326
-8e+06	-17.314
-7.5e+06	-17.303
-7e+06	-17.307
-6.5e+06	-17.3
-6e+06	-17.294
-5.5e+06	-17.289
-5e+06	-17.27
-4.5e+06	-17.262
-4e+06	-17.254
-3.5e+06	-17.246
-3e+06	-17.238
-2.5e+06	-17.23
-2e+06	-17.231
-1.5e+06	-17.21
-1e+06	-17.202
-5e+05	-17.191
0	-16.826
5e+05	-17.154
1e+06	-17.168
1.5e+06	-17.178
2e+06	-17.189
2.5e+06	-17.201
3e+06	-17.213
3.5e+06	-17.223
4e+06	-17.232
4.5e+06	-17.243
5e+06	-17.254
5.5e+06	-17.264
6e+06	-17.261
6.5e+06	-17.27
7e+06	-17.279
7.5e+06	-17.29
8e+06	-17.305
8.5e+06	-17.321
9e+06	-17.352
9.5e+06	-17.429
1e+07	-17.617
1.05e+07	-18.004
1.1e+07	-18.693
1.15e+07	-19.794
1.2e+07	-21.412
