-1.2e+07	-13.255
-1.15e+07	-14.861
-1.1e+07	-15.947
-1.05e+07	-16.621
-1e+07	-16.994
-9.5e+06	-17.166
-9e+06	-17.23
-8.5e+06	-17.247
-8e+06	-17.25
-7.5e+06	-17.251
-7e+06	-17.25
-6.5e+06	-17.248
-6e+06	-17.245
-5.5e+06	-17.243
-5e+06	-17.241
-4.5e+06	-17.254
-4e+06	-17.255
-3.5e+06	-17.255
-3e+06	-17.257
-2.5e+06	-17.261
-2e+06	-17.263
-1.5e+06	-17.267
-1e+06	-17.271
-5e+05	-17.279
0	-17.664
5e+05	-17.264
1e+06	-17.247
1.5e+06	-17.234
2e+06	-17.221
2.5e+06	-17.208
3e+06	-17.195
3.5e+06	-17.183
4e+06	-17.185
4.5e+06	-17.174
5e+06	-17.164
5.5e+06	-17.155
6e+06	-17.147
6.5e+06	-17.141
7e+06	-17.133
7.5e+06	-17.122
8e+06	-17.113
8.5e+06	-17.1
9e+06	-17.074
9.5e+06	-17
1e+07	-16.816
1.05e+07	-16.435
1.1e+07	-15.764
1.15e+07	-14.668
1.2e+07	-13.053
