-1.2e+07	-23.149
-1.15e+07	-21.554
-1.1e+07	-20.473
-1.05e+07	-19.802
-1e+07	-19.434
-9.5e+06	-19.251
-9e+06	-19.188
-8.5e+06	-19.173
-8e+06	-19.171
-7.5e+06	-19.172
-7e+06	-19.174
-6.5e+06	-19.176
-6e+06	-19.181
-5.5e+06	-19.183
-5e+06	-19.184
-4.5e+06	-19.192
-4e+06	-19.191
-3.5e+06	-19.188
-3e+06	-19.185
-2.5e+06	-19.179
-2e+06	-19.173
-1.5e+06	-19.166
-1e+06	-19.159
-5e+05	-19.149
0	-19.035
5e+05	-19.144
1e+06	-19.159
1.5e+06	-19.17
2e+06	-19.179
2.5e+06	-19.188
3e+06	-19.188
3.5e+06	-19.196
4e+06	-19.203
4.5e+06	-19.21
5e+06	-19.216
5.5e+06	-19.223
6e+06	-19.226
6.5e+06	-19.239
7e+06	-19.243
7.5e+06	-19.25
8e+06	-19.258
8.5e+06	-19.258
9e+06	-19.282
9.5e+06	-19.353
1e+07	-19.535
1.05e+07	-19.912
1.1e+07	-20.591
1.15e+07	-21.679
1.2e+07	-23.282
