-1.2e+07	-9.6857
-1.15e+07	-11.269
-1.1e+07	-12.347
-1.05e+07	-13.017
-1e+07	-13.396
-9.5e+06	-13.569
-9e+06	-13.633
-8.5e+06	-13.649
-8e+06	-13.651
-7.5e+06	-13.652
-7e+06	-13.66
-6.5e+06	-13.658
-6e+06	-13.655
-5.5e+06	-13.652
-5e+06	-13.651
-4.5e+06	-13.651
-4e+06	-13.662
-3.5e+06	-13.652
-3e+06	-13.654
-2.5e+06	-13.657
-2e+06	-13.66
-1.5e+06	-13.664
-1e+06	-13.677
-5e+05	-13.683
0	-13.568
5e+05	-13.682
1e+06	-13.663
1.5e+06	-13.648
2e+06	-13.634
2.5e+06	-13.62
3e+06	-13.608
3.5e+06	-13.596
4e+06	-13.585
4.5e+06	-13.574
5e+06	-13.564
5.5e+06	-13.554
6e+06	-13.548
6.5e+06	-13.542
7e+06	-13.534
7.5e+06	-13.524
8e+06	-13.515
8.5e+06	-13.502
9e+06	-13.476
9.5e+06	-13.403
1e+07	-13.222
1.05e+07	-12.842
1.1e+07	-12.153
1.15e+07	-11.065
1.2e+07	-9.4739
