-1.2e+07	2.7092
-1.15e+07	1.1071
-1.1e+07	0.034354
-1.05e+07	-0.63777
-1e+07	-1.0066
-9.5e+06	-1.1775
-9e+06	-1.2382
-8.5e+06	-1.2524
-8e+06	-1.2627
-7.5e+06	-1.2612
-7e+06	-1.2573
-6.5e+06	-1.2411
-6e+06	-1.2337
-5.5e+06	-1.2282
-5e+06	-1.2241
-4.5e+06	-1.2202
-4e+06	-1.2171
-3.5e+06	-1.2133
-3e+06	-1.2112
-2.5e+06	-1.2092
-2e+06	-1.1992
-1.5e+06	-1.1986
-1e+06	-1.198
-5e+05	-1.2006
0	-1.5028
5e+05	-1.1857
1e+06	-1.1631
1.5e+06	-1.1456
2e+06	-1.1385
2.5e+06	-1.1208
3e+06	-1.1035
3.5e+06	-1.0877
4e+06	-1.0741
4.5e+06	-1.0601
5e+06	-1.0459
5.5e+06	-1.0338
6e+06	-1.0329
6.5e+06	-1.0232
7e+06	-1.0133
7.5e+06	-1.0011
8e+06	-0.9877
8.5e+06	-0.97315
9e+06	-0.94462
9.5e+06	-0.86938
1e+07	-0.69564
1.05e+07	-0.31175
1.1e+07	0.37264
1.15e+07	1.4677
1.2e+07	3.0788
