-1.2e+07	-39.042
-1.15e+07	-37.447
-1.1e+07	-36.366
-1.05e+07	-35.692
-1e+07	-35.32
-9.5e+06	-35.143
-9e+06	-35.075
-8.5e+06	-35.055
-8e+06	-35.057
-7.5e+06	-35.054
-7e+06	-35.05
-6.5e+06	-35.05
-6e+06	-35.05
-5.5e+06	-35.05
-5e+06	-35.038
-4.5e+06	-35.035
-4e+06	-35.031
-3.5e+06	-35.028
-3e+06	-35.022
-2.5e+06	-35.017
-2e+06	-35.01
-1.5e+06	-35.004
-1e+06	-34.998
-5e+05	-34.988
0	-34.614
5e+05	-34.984
1e+06	-35
1.5e+06	-35.012
2e+06	-35.023
2.5e+06	-35.035
3e+06	-35.046
3.5e+06	-35.045
4e+06	-35.053
4.5e+06	-35.06
5e+06	-35.068
5.5e+06	-35.074
6e+06	-35.079
6.5e+06	-35.082
7e+06	-35.087
7.5e+06	-35.084
8e+06	-35.092
8.5e+06	-35.102
9e+06	-35.124
9.5e+06	-35.185
1e+07	-35.365
1.05e+07	-35.74
1.1e+07	-36.416
1.15e+07	-37.5
1.2e+07	-39.098
