-1.2e+07	-36.832
-1.15e+07	-35.232
-1.1e+07	-34.15
-1.05e+07	-33.477
-1e+07	-33.106
-9.5e+06	-32.934
-9e+06	-32.872
-8.5e+06	-32.856
-8e+06	-32.855
-7.5e+06	-32.854
-7e+06	-32.857
-6.5e+06	-32.86
-6e+06	-32.865
-5.5e+06	-32.868
-5e+06	-32.871
-4.5e+06	-32.871
-4e+06	-32.872
-3.5e+06	-32.872
-3e+06	-32.87
-2.5e+06	-32.868
-2e+06	-32.865
-1.5e+06	-32.861
-1e+06	-32.858
-5e+05	-32.851
0	-32.714
5e+05	-32.856
1e+06	-32.873
1.5e+06	-32.887
2e+06	-32.9
2.5e+06	-32.911
3e+06	-32.913
3.5e+06	-32.923
4e+06	-32.933
4.5e+06	-32.941
5e+06	-32.95
5.5e+06	-32.956
6e+06	-32.961
6.5e+06	-32.965
7e+06	-32.97
7.5e+06	-32.974
8e+06	-32.972
8.5e+06	-32.981
9e+06	-33.003
9.5e+06	-33.073
1e+07	-33.252
1.05e+07	-33.628
1.1e+07	-34.306
1.15e+07	-35.395
1.2e+07	-36.999
