-1.2e+07	-18.77
-1.15e+07	-17.143
-1.1e+07	-16.051
-1.05e+07	-15.372
-1e+07	-14.995
-9.5e+06	-14.819
-9e+06	-14.739
-8.5e+06	-14.72
-8e+06	-14.714
-7.5e+06	-14.71
-7e+06	-14.708
-6.5e+06	-14.694
-6e+06	-14.695
-5.5e+06	-14.694
-5e+06	-14.691
-4.5e+06	-14.689
-4e+06	-14.684
-3.5e+06	-14.667
-3e+06	-14.663
-2.5e+06	-14.657
-2e+06	-14.649
-1.5e+06	-14.642
-1e+06	-14.635
-5e+05	-14.624
0	-14.452
5e+05	-14.63
1e+06	-14.643
1.5e+06	-14.639
2e+06	-14.65
2.5e+06	-14.658
3e+06	-14.667
3.5e+06	-14.676
4e+06	-14.683
4.5e+06	-14.676
5e+06	-14.683
5.5e+06	-14.688
6e+06	-14.692
6.5e+06	-14.695
7e+06	-14.699
7.5e+06	-14.691
8e+06	-14.699
8.5e+06	-14.708
9e+06	-14.731
9.5e+06	-14.802
1e+07	-14.982
1.05e+07	-15.348
1.1e+07	-16.031
1.15e+07	-17.127
1.2e+07	-18.745
