-1.2e+07	-24.247
-1.15e+07	-22.65
-1.1e+07	-21.564
-1.05e+07	-20.886
-1e+07	-20.509
-9.5e+06	-20.328
-9e+06	-20.257
-8.5e+06	-20.233
-8e+06	-20.223
-7.5e+06	-20.215
-7e+06	-20.207
-6.5e+06	-20.203
-6e+06	-20.198
-5.5e+06	-20.194
-5e+06	-20.189
-4.5e+06	-20.189
-4e+06	-20.181
-3.5e+06	-20.173
-3e+06	-20.166
-2.5e+06	-20.157
-2e+06	-20.147
-1.5e+06	-20.136
-1e+06	-20.126
-5e+05	-20.113
0	-20.14
5e+05	-20.104
1e+06	-20.119
1.5e+06	-20.127
2e+06	-20.136
2.5e+06	-20.144
3e+06	-20.153
3.5e+06	-20.16
4e+06	-20.165
4.5e+06	-20.17
5e+06	-20.176
5.5e+06	-20.18
6e+06	-20.182
6.5e+06	-20.194
7e+06	-20.197
7.5e+06	-20.201
8e+06	-20.208
8.5e+06	-20.216
9e+06	-20.237
9.5e+06	-20.306
1e+07	-20.485
1.05e+07	-20.86
1.1e+07	-21.536
1.15e+07	-22.619
1.2e+07	-24.215
