-1.2e+07	-0.81388
-1.15e+07	-2.4264
-1.1e+07	-3.5177
-1.05e+07	-4.1958
-1e+07	-4.5719
-9.5e+06	-4.746
-9e+06	-4.8126
-8.5e+06	-4.8306
-8e+06	-4.8357
-7.5e+06	-4.8395
-7e+06	-4.8415
-6.5e+06	-4.8551
-6e+06	-4.8546
-5.5e+06	-4.855
-5e+06	-4.8591
-4.5e+06	-4.862
-4e+06	-4.8667
-3.5e+06	-4.8722
-3e+06	-4.8778
-2.5e+06	-4.8851
-2e+06	-4.9083
-1.5e+06	-4.9166
-1e+06	-4.9255
-5e+05	-4.9379
0	-5.1406
5e+05	-4.9334
1e+06	-4.9258
1.5e+06	-4.9199
2e+06	-4.9134
2.5e+06	-4.9072
3e+06	-4.9021
3.5e+06	-4.8984
4e+06	-4.9089
4.5e+06	-4.9051
5e+06	-4.9039
5.5e+06	-4.9021
6e+06	-4.9029
6.5e+06	-4.9046
7e+06	-4.905
7.5e+06	-4.9043
8e+06	-4.9011
8.5e+06	-4.8976
9e+06	-4.8808
9.5e+06	-4.8158
1e+07	-4.6404
1.05e+07	-4.2663
1.1e+07	-3.5888
1.15e+07	-2.4972
1.2e+07	-0.88399
