-1.2e+07	-40.559
-1.15e+07	-38.979
-1.1e+07	-37.907
-1.05e+07	-37.241
-1e+07	-36.856
-9.5e+06	-36.685
-9e+06	-36.622
-8.5e+06	-36.607
-8e+06	-36.606
-7.5e+06	-36.599
-7e+06	-36.6
-6.5e+06	-36.605
-6e+06	-36.61
-5.5e+06	-36.607
-5e+06	-36.619
-4.5e+06	-36.621
-4e+06	-36.623
-3.5e+06	-36.625
-3e+06	-36.618
-2.5e+06	-36.618
-2e+06	-36.619
-1.5e+06	-36.619
-1e+06	-36.61
-5e+05	-36.606
0	-36.105
5e+05	-36.775
1e+06	-36.799
1.5e+06	-36.817
2e+06	-36.836
2.5e+06	-36.854
3e+06	-36.87
3.5e+06	-36.885
4e+06	-36.899
4.5e+06	-36.914
5e+06	-36.928
5.5e+06	-36.941
6e+06	-36.953
6.5e+06	-36.963
7e+06	-36.974
7.5e+06	-36.987
8e+06	-37.003
8.5e+06	-37.02
9e+06	-37.05
9.5e+06	-37.127
1e+07	-37.313
1.05e+07	-37.695
1.1e+07	-38.374
1.15e+07	-39.459
1.2e+07	-41.051
