-1.2e+07	-20.302
-1.15e+07	-18.696
-1.1e+07	-17.609
-1.05e+07	-16.935
-1e+07	-16.563
-9.5e+06	-16.389
-9e+06	-16.326
-8.5e+06	-16.31
-8e+06	-16.308
-7.5e+06	-16.306
-7e+06	-16.307
-6.5e+06	-16.31
-6e+06	-16.314
-5.5e+06	-16.316
-5e+06	-16.316
-4.5e+06	-16.304
-4e+06	-16.304
-3.5e+06	-16.303
-3e+06	-16.301
-2.5e+06	-16.299
-2e+06	-16.296
-1.5e+06	-16.292
-1e+06	-16.289
-5e+05	-16.281
0	-16.059
5e+05	-16.295
1e+06	-16.311
1.5e+06	-16.323
2e+06	-16.337
2.5e+06	-16.351
3e+06	-16.363
3.5e+06	-16.376
4e+06	-16.375
4.5e+06	-16.384
5e+06	-16.383
5.5e+06	-16.392
6e+06	-16.399
6.5e+06	-16.407
7e+06	-16.414
7.5e+06	-16.423
8e+06	-16.435
8.5e+06	-16.447
9e+06	-16.473
9.5e+06	-16.546
1e+07	-16.73
1.05e+07	-17.112
1.1e+07	-17.784
1.15e+07	-18.879
1.2e+07	-20.496
