-1.2e+07	-14.743
-1.15e+07	-16.357
-1.1e+07	-17.449
-1.05e+07	-18.128
-1e+07	-18.504
-9.5e+06	-18.681
-9e+06	-18.747
-8.5e+06	-18.766
-8e+06	-18.772
-7.5e+06	-18.775
-7e+06	-18.776
-6.5e+06	-18.775
-6e+06	-18.773
-5.5e+06	-18.773
-5e+06	-18.774
-4.5e+06	-18.789
-4e+06	-18.79
-3.5e+06	-18.792
-3e+06	-18.795
-2.5e+06	-18.798
-2e+06	-18.802
-1.5e+06	-18.806
-1e+06	-18.81
-5e+05	-18.819
0	-19.076
5e+05	-18.805
1e+06	-18.789
1.5e+06	-18.776
2e+06	-18.762
2.5e+06	-18.748
3e+06	-18.736
3.5e+06	-18.724
4e+06	-18.713
4.5e+06	-18.702
5e+06	-18.691
5.5e+06	-18.681
6e+06	-18.673
6.5e+06	-18.666
7e+06	-18.658
7.5e+06	-18.647
8e+06	-18.637
8.5e+06	-18.623
9e+06	-18.596
9.5e+06	-18.522
1e+07	-18.338
1.05e+07	-17.955
1.1e+07	-17.269
1.15e+07	-16.17
1.2e+07	-14.55
