-1.2e+07	-11.211
-1.15e+07	-12.803
-1.1e+07	-13.878
-1.05e+07	-14.543
-1e+07	-14.907
-9.5e+06	-15.072
-9e+06	-15.128
-8.5e+06	-15.137
-8e+06	-15.131
-7.5e+06	-15.125
-7e+06	-15.117
-6.5e+06	-15.106
-6e+06	-15.097
-5.5e+06	-15.087
-5e+06	-15.078
-4.5e+06	-15.062
-4e+06	-15.057
-3.5e+06	-15.051
-3e+06	-15.045
-2.5e+06	-15.041
-2e+06	-15.039
-1.5e+06	-15.037
-1e+06	-15.034
-5e+05	-15.035
0	-14.897
5e+05	-15.018
1e+06	-14.996
1.5e+06	-14.977
2e+06	-14.958
2.5e+06	-14.94
3e+06	-14.935
3.5e+06	-14.919
4e+06	-14.905
4.5e+06	-14.892
5e+06	-14.879
5.5e+06	-14.868
6e+06	-14.859
6.5e+06	-14.85
7e+06	-14.842
7.5e+06	-14.831
8e+06	-14.82
8.5e+06	-14.819
9e+06	-14.793
9.5e+06	-14.72
1e+07	-14.538
1.05e+07	-14.159
1.1e+07	-13.479
1.15e+07	-12.39
1.2e+07	-10.784
