-1.2e+07	-9.1609
-1.15e+07	-10.756
-1.1e+07	-11.838
-1.05e+07	-12.514
-1e+07	-12.888
-9.5e+06	-13.066
-9e+06	-13.135
-8.5e+06	-13.157
-8e+06	-13.165
-7.5e+06	-13.17
-7e+06	-13.176
-6.5e+06	-13.18
-6e+06	-13.173
-5.5e+06	-13.176
-5e+06	-13.181
-4.5e+06	-13.188
-4e+06	-13.203
-3.5e+06	-13.21
-3e+06	-13.218
-2.5e+06	-13.228
-2e+06	-13.238
-1.5e+06	-13.248
-1e+06	-13.259
-5e+05	-13.272
0	-13.715
5e+05	-13.284
1e+06	-13.27
1.5e+06	-13.263
2e+06	-13.255
2.5e+06	-13.249
3e+06	-13.244
3.5e+06	-13.238
4e+06	-13.263
4.5e+06	-13.26
5e+06	-13.257
5.5e+06	-13.255
6e+06	-13.255
6.5e+06	-13.255
7e+06	-13.254
7.5e+06	-13.252
8e+06	-13.25
8.5e+06	-13.244
9e+06	-13.226
9.5e+06	-13.16
1e+07	-12.985
1.05e+07	-12.612
1.1e+07	-11.958
1.15e+07	-10.878
1.2e+07	-9.2831
