-1.2e+07	-44.424
-1.15e+07	-42.877
-1.1e+07	-41.826
-1.05e+07	-41.173
-1e+07	-40.814
-9.5e+06	-40.647
-9e+06	-40.589
-8.5e+06	-40.576
-8e+06	-40.576
-7.5e+06	-40.579
-7e+06	-40.581
-6.5e+06	-40.586
-6e+06	-40.592
-5.5e+06	-40.596
-5e+06	-40.599
-4.5e+06	-40.601
-4e+06	-40.592
-3.5e+06	-40.594
-3e+06	-40.594
-2.5e+06	-40.594
-2e+06	-40.591
-1.5e+06	-40.59
-1e+06	-40.588
-5e+05	-40.583
0	-39.687
5e+05	-40.578
1e+06	-40.602
1.5e+06	-40.618
2e+06	-40.633
2.5e+06	-40.649
3e+06	-40.662
3.5e+06	-40.675
4e+06	-40.687
4.5e+06	-40.698
5e+06	-40.71
5.5e+06	-40.719
6e+06	-40.728
6.5e+06	-40.745
7e+06	-40.752
7.5e+06	-40.762
8e+06	-40.771
8.5e+06	-40.783
9e+06	-40.809
9.5e+06	-40.88
1e+07	-41.06
1.05e+07	-41.431
1.1e+07	-42.095
1.15e+07	-43.156
1.2e+07	-44.712
