-1.2e+07	-10.612
-1.15e+07	-12.209
-1.1e+07	-13.291
-1.05e+07	-13.963
-1e+07	-14.334
-9.5e+06	-14.521
-9e+06	-14.586
-8.5e+06	-14.604
-8e+06	-14.61
-7.5e+06	-14.613
-7e+06	-14.617
-6.5e+06	-14.619
-6e+06	-14.619
-5.5e+06	-14.631
-5e+06	-14.635
-4.5e+06	-14.639
-4e+06	-14.645
-3.5e+06	-14.651
-3e+06	-14.659
-2.5e+06	-14.668
-2e+06	-14.678
-1.5e+06	-14.699
-1e+06	-14.709
-5e+05	-14.723
0	-14.807
5e+05	-14.731
1e+06	-14.72
1.5e+06	-14.715
2e+06	-14.71
2.5e+06	-14.705
3e+06	-14.702
3.5e+06	-14.699
4e+06	-14.707
4.5e+06	-14.706
5e+06	-14.705
5.5e+06	-14.704
6e+06	-14.707
6.5e+06	-14.709
7e+06	-14.711
7.5e+06	-14.712
8e+06	-14.71
8.5e+06	-14.707
9e+06	-14.691
9.5e+06	-14.627
1e+07	-14.454
1.05e+07	-14.083
1.1e+07	-13.421
1.15e+07	-12.339
1.2e+07	-10.742
