-1.2e+07	8.2725
-1.15e+07	6.6987
-1.1e+07	5.6325
-1.05e+07	4.9599
-1e+07	4.595
-9.5e+06	4.4264
-9e+06	4.3664
-8.5e+06	4.3527
-8e+06	4.3525
-7.5e+06	4.354
-7e+06	4.3572
-6.5e+06	4.3615
-6e+06	4.3673
-5.5e+06	4.3712
-5e+06	4.3736
-4.5e+06	4.3752
-4e+06	4.3765
-3.5e+06	4.3769
-3e+06	4.3763
-2.5e+06	4.3754
-2e+06	4.3718
-1.5e+06	4.3694
-1e+06	4.3666
-5e+05	4.36
0	3.7814
5e+05	4.3577
1e+06	4.3784
1.5e+06	4.3931
2e+06	4.4066
2.5e+06	4.4205
3e+06	4.4327
3.5e+06	4.4433
4e+06	4.4527
4.5e+06	4.463
5e+06	4.4709
5.5e+06	4.4792
6e+06	4.4849
6.5e+06	4.4895
7e+06	4.4949
7.5e+06	4.5028
8e+06	4.5103
8.5e+06	4.5201
9e+06	4.5438
9.5e+06	4.6137
1e+07	4.7917
1.05e+07	5.1664
1.1e+07	5.8378
1.15e+07	6.9125
1.2e+07	8.4951
