-1.2e+07	-41.241
-1.15e+07	-39.666
-1.1e+07	-38.598
-1.05e+07	-37.923
-1e+07	-37.557
-9.5e+06	-37.387
-9e+06	-37.326
-8.5e+06	-37.311
-8e+06	-37.309
-7.5e+06	-37.311
-7e+06	-37.312
-6.5e+06	-37.314
-6e+06	-37.319
-5.5e+06	-37.323
-5e+06	-37.325
-4.5e+06	-37.326
-4e+06	-37.327
-3.5e+06	-37.327
-3e+06	-37.326
-2.5e+06	-37.324
-2e+06	-37.32
-1.5e+06	-37.317
-1e+06	-37.313
-5e+05	-37.306
0	-37.378
5e+05	-37.303
1e+06	-37.323
1.5e+06	-37.337
2e+06	-37.351
2.5e+06	-37.363
3e+06	-37.375
3.5e+06	-37.385
4e+06	-37.395
4.5e+06	-37.404
5e+06	-37.413
5.5e+06	-37.42
6e+06	-37.426
6.5e+06	-37.43
7e+06	-37.435
7.5e+06	-37.441
8e+06	-37.45
8.5e+06	-37.459
9e+06	-37.483
9.5e+06	-37.552
1e+07	-37.73
1.05e+07	-38.105
1.1e+07	-38.777
1.15e+07	-39.853
1.2e+07	-41.435
