-1.2e+07	6.1872
-1.15e+07	4.5984
-1.1e+07	3.5212
-1.05e+07	2.8522
-1e+07	2.4819
-9.5e+06	2.3093
-9e+06	2.2461
-8.5e+06	2.2287
-8e+06	2.2258
-7.5e+06	2.2232
-7e+06	2.2228
-6.5e+06	2.2244
-6e+06	2.2273
-5.5e+06	2.2285
-5e+06	2.2294
-4.5e+06	2.2267
-4e+06	2.2253
-3.5e+06	2.2229
-3e+06	2.2193
-2.5e+06	2.2151
-2e+06	2.2111
-1.5e+06	2.2059
-1e+06	2.2012
-5e+05	2.1917
0	1.7668
5e+05	2.1912
1e+06	2.2089
1.5e+06	2.2219
2e+06	2.2352
2.5e+06	2.2471
3e+06	2.268
3.5e+06	2.2781
4e+06	2.2874
4.5e+06	2.2966
5e+06	2.3053
5.5e+06	2.3115
6e+06	2.3177
6.5e+06	2.3226
7e+06	2.3287
7.5e+06	2.336
8e+06	2.344
8.5e+06	2.3643
9e+06	2.3873
9.5e+06	2.4585
1e+07	2.6389
1.05e+07	3.0158
1.1e+07	3.6915
1.15e+07	4.7751
1.2e+07	6.371
