-1.2e+07	-36.533
-1.15e+07	-34.921
-1.1e+07	-33.826
-1.05e+07	-33.142
-1e+07	-32.76
-9.5e+06	-32.577
-9e+06	-32.503
-8.5e+06	-32.466
-8e+06	-32.454
-7.5e+06	-32.443
-7e+06	-32.435
-6.5e+06	-32.428
-6e+06	-32.423
-5.5e+06	-32.417
-5e+06	-32.409
-4.5e+06	-32.401
-4e+06	-32.394
-3.5e+06	-32.385
-3e+06	-32.378
-2.5e+06	-32.368
-2e+06	-32.358
-1.5e+06	-32.338
-1e+06	-32.33
-5e+05	-32.319
0	-31.946
5e+05	-32.28
1e+06	-32.294
1.5e+06	-32.304
2e+06	-32.316
2.5e+06	-32.327
3e+06	-32.337
3.5e+06	-32.348
4e+06	-32.358
4.5e+06	-32.368
5e+06	-32.378
5.5e+06	-32.388
6e+06	-32.397
6.5e+06	-32.404
7e+06	-32.415
7.5e+06	-32.426
8e+06	-32.44
8.5e+06	-32.455
9e+06	-32.485
9.5e+06	-32.563
1e+07	-32.75
1.05e+07	-33.137
1.1e+07	-33.826
1.15e+07	-34.926
1.2e+07	-36.545
