-1.2e+07	-15.264
-1.15e+07	-16.877
-1.1e+07	-17.981
-1.05e+07	-18.66
-1e+07	-19.036
-9.5e+06	-19.214
-9e+06	-19.279
-8.5e+06	-19.298
-8e+06	-19.305
-7.5e+06	-19.31
-7e+06	-19.312
-6.5e+06	-19.313
-6e+06	-19.314
-5.5e+06	-19.315
-5e+06	-19.318
-4.5e+06	-19.323
-4e+06	-19.329
-3.5e+06	-19.334
-3e+06	-19.339
-2.5e+06	-19.346
-2e+06	-19.37
-1.5e+06	-19.379
-1e+06	-19.387
-5e+05	-19.399
0	-18.891
5e+05	-19.393
1e+06	-19.385
1.5e+06	-19.38
2e+06	-19.373
2.5e+06	-19.365
3e+06	-19.359
3.5e+06	-19.355
4e+06	-19.363
4.5e+06	-19.36
5e+06	-19.357
5.5e+06	-19.353
6e+06	-19.351
6.5e+06	-19.352
7e+06	-19.35
7.5e+06	-19.347
8e+06	-19.342
8.5e+06	-19.337
9e+06	-19.317
9.5e+06	-19.249
1e+07	-19.071
1.05e+07	-18.694
1.1e+07	-18.027
1.15e+07	-16.933
1.2e+07	-15.318
