-1.2e+07	-27.285
-1.15e+07	-25.704
-1.1e+07	-24.626
-1.05e+07	-23.952
-1e+07	-23.575
-9.5e+06	-23.381
-9e+06	-23.306
-8.5e+06	-23.279
-8e+06	-23.265
-7.5e+06	-23.254
-7e+06	-23.243
-6.5e+06	-23.234
-6e+06	-23.227
-5.5e+06	-23.219
-5e+06	-23.21
-4.5e+06	-23.201
-4e+06	-23.192
-3.5e+06	-23.182
-3e+06	-23.172
-2.5e+06	-23.161
-2e+06	-23.149
-1.5e+06	-23.138
-1e+06	-23.126
-5e+05	-23.112
0	-22.594
5e+05	-23.095
1e+06	-23.11
1.5e+06	-23.12
2e+06	-23.13
2.5e+06	-23.139
3e+06	-23.147
3.5e+06	-23.155
4e+06	-23.163
4.5e+06	-23.171
5e+06	-23.177
5.5e+06	-23.184
6e+06	-23.189
6.5e+06	-23.193
7e+06	-23.199
7.5e+06	-23.207
8e+06	-23.216
8.5e+06	-23.239
9e+06	-23.264
9.5e+06	-23.336
1e+07	-23.517
1.05e+07	-23.893
1.1e+07	-24.566
1.15e+07	-25.642
1.2e+07	-27.223
