-1.2e+07	-34.388
-1.15e+07	-32.773
-1.1e+07	-31.68
-1.05e+07	-30.992
-1e+07	-30.615
-9.5e+06	-30.436
-9e+06	-30.367
-8.5e+06	-30.346
-8e+06	-30.34
-7.5e+06	-30.335
-7e+06	-30.331
-6.5e+06	-30.329
-6e+06	-30.328
-5.5e+06	-30.327
-5e+06	-30.324
-4.5e+06	-30.321
-4e+06	-30.317
-3.5e+06	-30.306
-3e+06	-30.301
-2.5e+06	-30.296
-2e+06	-30.288
-1.5e+06	-30.282
-1e+06	-30.277
-5e+05	-30.268
0	-30.015
5e+05	-30.275
1e+06	-30.289
1.5e+06	-30.3
2e+06	-30.312
2.5e+06	-30.324
3e+06	-30.333
3.5e+06	-30.336
4e+06	-30.332
4.5e+06	-30.341
5e+06	-30.351
5.5e+06	-30.358
6e+06	-30.364
6.5e+06	-30.37
7e+06	-30.377
7.5e+06	-30.386
8e+06	-30.395
8.5e+06	-30.406
9e+06	-30.432
9.5e+06	-30.497
1e+07	-30.68
1.05e+07	-31.062
1.1e+07	-31.734
1.15e+07	-32.831
1.2e+07	-34.45
