-1.2e+07	-38.946
-1.15e+07	-37.351
-1.1e+07	-36.27
-1.05e+07	-35.597
-1e+07	-35.223
-9.5e+06	-35.037
-9e+06	-34.97
-8.5e+06	-34.949
-8e+06	-34.942
-7.5e+06	-34.939
-7e+06	-34.925
-6.5e+06	-34.923
-6e+06	-34.923
-5.5e+06	-34.912
-5e+06	-34.908
-4.5e+06	-34.904
-4e+06	-34.899
-3.5e+06	-34.894
-3e+06	-34.888
-2.5e+06	-34.881
-2e+06	-34.873
-1.5e+06	-34.856
-1e+06	-34.848
-5e+05	-34.836
0	-34.568
5e+05	-34.829
1e+06	-34.845
1.5e+06	-34.855
2e+06	-34.865
2.5e+06	-34.873
3e+06	-34.883
3.5e+06	-34.89
4e+06	-34.896
4.5e+06	-34.902
5e+06	-34.898
5.5e+06	-34.904
6e+06	-34.907
6.5e+06	-34.919
7e+06	-34.921
7.5e+06	-34.927
8e+06	-34.933
8.5e+06	-34.942
9e+06	-34.963
9.5e+06	-35.032
1e+07	-35.212
1.05e+07	-35.587
1.1e+07	-36.262
1.15e+07	-37.347
1.2e+07	-38.943
