-1.2e+07	-24.138
-1.15e+07	-22.546
-1.1e+07	-21.465
-1.05e+07	-20.792
-1e+07	-20.419
-9.5e+06	-20.243
-9e+06	-20.176
-8.5e+06	-20.157
-8e+06	-20.15
-7.5e+06	-20.145
-7e+06	-20.132
-6.5e+06	-20.131
-6e+06	-20.13
-5.5e+06	-20.128
-5e+06	-20.124
-4.5e+06	-20.119
-4e+06	-20.105
-3.5e+06	-20.099
-3e+06	-20.093
-2.5e+06	-20.085
-2e+06	-20.076
-1.5e+06	-20.067
-1e+06	-20.058
-5e+05	-20.045
0	-19.913
5e+05	-20.036
1e+06	-20.049
1.5e+06	-20.058
2e+06	-20.066
2.5e+06	-20.074
3e+06	-20.082
3.5e+06	-20.088
4e+06	-20.083
4.5e+06	-20.088
5e+06	-20.092
5.5e+06	-20.096
6e+06	-20.097
6.5e+06	-20.097
7e+06	-20.098
7.5e+06	-20.102
8e+06	-20.105
8.5e+06	-20.112
9e+06	-20.131
9.5e+06	-20.198
1e+07	-20.374
1.05e+07	-20.747
1.1e+07	-21.411
1.15e+07	-22.492
1.2e+07	-24.087
