-1.2e+07	-7.9268
-1.15e+07	-9.5098
-1.1e+07	-10.582
-1.05e+07	-11.25
-1e+07	-11.617
-9.5e+06	-11.79
-9e+06	-11.855
-8.5e+06	-11.872
-8e+06	-11.875
-7.5e+06	-11.877
-7e+06	-11.879
-6.5e+06	-11.879
-6e+06	-11.877
-5.5e+06	-11.878
-5e+06	-11.878
-4.5e+06	-11.882
-4e+06	-11.903
-3.5e+06	-11.908
-3e+06	-11.913
-2.5e+06	-11.919
-2e+06	-11.926
-1.5e+06	-11.933
-1e+06	-11.94
-5e+05	-11.95
0	-11.896
5e+05	-11.957
1e+06	-11.941
1.5e+06	-11.939
2e+06	-11.929
2.5e+06	-11.92
3e+06	-11.912
3.5e+06	-11.904
4e+06	-11.906
4.5e+06	-11.899
5e+06	-11.893
5.5e+06	-11.88
6e+06	-11.877
6.5e+06	-11.875
7e+06	-11.88
7.5e+06	-11.875
8e+06	-11.868
8.5e+06	-11.86
9e+06	-11.838
9.5e+06	-11.778
1e+07	-11.599
1.05e+07	-11.225
1.1e+07	-10.551
1.15e+07	-9.472
1.2e+07	-7.8904
