-1.2e+07	-20.583
-1.15e+07	-18.98
-1.1e+07	-17.894
-1.05e+07	-17.221
-1e+07	-16.849
-9.5e+06	-16.675
-9e+06	-16.612
-8.5e+06	-16.595
-8e+06	-16.592
-7.5e+06	-16.592
-7e+06	-16.589
-6.5e+06	-16.591
-6e+06	-16.581
-5.5e+06	-16.58
-5e+06	-16.578
-4.5e+06	-16.563
-4e+06	-16.56
-3.5e+06	-16.556
-3e+06	-16.55
-2.5e+06	-16.544
-2e+06	-16.536
-1.5e+06	-16.527
-1e+06	-16.519
-5e+05	-16.507
0	-16.553
5e+05	-16.504
1e+06	-16.514
1.5e+06	-16.521
2e+06	-16.527
2.5e+06	-16.545
3e+06	-16.55
3.5e+06	-16.542
4e+06	-16.545
4.5e+06	-16.546
5e+06	-16.549
5.5e+06	-16.548
6e+06	-16.548
6.5e+06	-16.545
7e+06	-16.543
7.5e+06	-16.543
8e+06	-16.556
8.5e+06	-16.557
9e+06	-16.574
9.5e+06	-16.624
1e+07	-16.797
1.05e+07	-17.168
1.1e+07	-17.84
1.15e+07	-18.926
1.2e+07	-20.529
