-1.2e+07	-22.103
-1.15e+07	-20.511
-1.1e+07	-19.437
-1.05e+07	-18.773
-1e+07	-18.411
-9.5e+06	-18.246
-9e+06	-18.192
-8.5e+06	-18.185
-8e+06	-18.192
-7.5e+06	-18.209
-7e+06	-18.219
-6.5e+06	-18.231
-6e+06	-18.243
-5.5e+06	-18.255
-5e+06	-18.265
-4.5e+06	-18.283
-4e+06	-18.292
-3.5e+06	-18.3
-3e+06	-18.306
-2.5e+06	-18.321
-2e+06	-18.326
-1.5e+06	-18.331
-1e+06	-18.335
-5e+05	-18.335
0	-18.474
5e+05	-18.358
1e+06	-18.383
1.5e+06	-18.403
2e+06	-18.424
2.5e+06	-18.444
3e+06	-18.453
3.5e+06	-18.47
4e+06	-18.485
4.5e+06	-18.5
5e+06	-18.515
5.5e+06	-18.528
6e+06	-18.54
6.5e+06	-18.54
7e+06	-18.55
7.5e+06	-18.563
8e+06	-18.576
8.5e+06	-18.58
9e+06	-18.607
9.5e+06	-18.682
1e+07	-18.866
1.05e+07	-19.247
1.1e+07	-19.928
1.15e+07	-21.02
1.2e+07	-22.626
