-1.2e+07	-12.945
-1.15e+07	-14.549
-1.1e+07	-15.634
-1.05e+07	-16.307
-1e+07	-16.678
-9.5e+06	-16.851
-9e+06	-16.915
-8.5e+06	-16.932
-8e+06	-16.935
-7.5e+06	-16.937
-7e+06	-16.937
-6.5e+06	-16.936
-6e+06	-16.947
-5.5e+06	-16.947
-5e+06	-16.949
-4.5e+06	-16.952
-4e+06	-16.956
-3.5e+06	-16.96
-3e+06	-16.966
-2.5e+06	-16.973
-2e+06	-16.982
-1.5e+06	-16.991
-1e+06	-16.999
-5e+05	-17.012
0	-17.21
5e+05	-17.014
1e+06	-17.005
1.5e+06	-17
2e+06	-16.994
2.5e+06	-16.99
3e+06	-16.985
3.5e+06	-16.982
4e+06	-16.98
4.5e+06	-16.98
5e+06	-16.979
5.5e+06	-16.98
6e+06	-16.983
6.5e+06	-16.986
7e+06	-16.988
7.5e+06	-16.99
8e+06	-16.991
8.5e+06	-16.99
9e+06	-16.976
9.5e+06	-16.926
1e+07	-16.755
1.05e+07	-16.373
1.1e+07	-15.7
1.15e+07	-14.618
1.2e+07	-13.016
