-1.2e+07	-24.821
-1.15e+07	-23.238
-1.1e+07	-22.166
-1.05e+07	-21.501
-1e+07	-21.134
-9.5e+06	-20.965
-9e+06	-20.905
-8.5e+06	-20.892
-8e+06	-20.891
-7.5e+06	-20.893
-7e+06	-20.896
-6.5e+06	-20.902
-6e+06	-20.908
-5.5e+06	-20.912
-5e+06	-20.916
-4.5e+06	-20.918
-4e+06	-20.92
-3.5e+06	-20.922
-3e+06	-20.923
-2.5e+06	-20.922
-2e+06	-20.921
-1.5e+06	-20.919
-1e+06	-20.917
-5e+05	-20.912
0	-21.098
5e+05	-20.917
1e+06	-20.938
1.5e+06	-20.953
2e+06	-20.968
2.5e+06	-20.983
3e+06	-20.988
3.5e+06	-21
4e+06	-21.012
4.5e+06	-21.024
5e+06	-21.035
5.5e+06	-21.045
6e+06	-21.053
6.5e+06	-21.06
7e+06	-21.067
7.5e+06	-21.077
8e+06	-21.088
8.5e+06	-21.09
9e+06	-21.116
9.5e+06	-21.188
1e+07	-21.369
1.05e+07	-21.748
1.1e+07	-22.424
1.15e+07	-23.508
1.2e+07	-25.101
