-1.2e+07	-0.498
-1.15e+07	-2.1133
-1.1e+07	-3.2066
-1.05e+07	-3.8938
-1e+07	-4.2697
-9.5e+06	-4.4469
-9e+06	-4.5132
-8.5e+06	-4.532
-8e+06	-4.5365
-7.5e+06	-4.5403
-7e+06	-4.5412
-6.5e+06	-4.5404
-6e+06	-4.539
-5.5e+06	-4.5382
-5e+06	-4.5383
-4.5e+06	-4.5402
-4e+06	-4.5422
-3.5e+06	-4.5514
-3e+06	-4.5533
-2.5e+06	-4.556
-2e+06	-4.5604
-1.5e+06	-4.5642
-1e+06	-4.5677
-5e+05	-4.5745
0	-4.763
5e+05	-4.5606
1e+06	-4.5443
1.5e+06	-4.5305
2e+06	-4.5163
2.5e+06	-4.5014
3e+06	-4.489
3.5e+06	-4.4843
4e+06	-4.4857
4.5e+06	-4.4749
5e+06	-4.4625
5.5e+06	-4.4531
6e+06	-4.4436
6.5e+06	-4.4362
7e+06	-4.4274
7.5e+06	-4.4157
8e+06	-4.4045
8.5e+06	-4.3904
9e+06	-4.3631
9.5e+06	-4.2955
1e+07	-4.1097
1.05e+07	-3.726
1.1e+07	-3.0518
1.15e+07	-1.9511
1.2e+07	-0.32861
