-1.2e+07	-4.6852
-1.15e+07	-6.2433
-1.1e+07	-7.3026
-1.05e+07	-7.961
-1e+07	-8.3249
-9.5e+06	-8.4936
-9e+06	-8.5653
-8.5e+06	-8.5799
-8e+06	-8.5815
-7.5e+06	-8.582
-7e+06	-8.59
-6.5e+06	-8.5869
-6e+06	-8.5821
-5.5e+06	-8.5785
-5e+06	-8.576
-4.5e+06	-8.5751
-4e+06	-8.5745
-3.5e+06	-8.5735
-3e+06	-8.5845
-2.5e+06	-8.5861
-2e+06	-8.589
-1.5e+06	-8.5912
-1e+06	-8.5931
-5e+05	-8.5994
0	-8.9243
5e+05	-8.604
1e+06	-8.5809
1.5e+06	-8.5631
2e+06	-8.5473
2.5e+06	-8.5309
3e+06	-8.5164
3.5e+06	-8.5129
4e+06	-8.4998
4.5e+06	-8.4874
5e+06	-8.4758
5.5e+06	-8.4654
6e+06	-8.4564
6.5e+06	-8.4479
7e+06	-8.4377
7.5e+06	-8.4265
8e+06	-8.4138
8.5e+06	-8.3995
9e+06	-8.372
9.5e+06	-8.308
1e+07	-8.1266
1.05e+07	-7.7503
1.1e+07	-7.0788
1.15e+07	-6.0079
1.2e+07	-4.438
