-1.2e+07	-5.0377
-1.15e+07	-6.6068
-1.1e+07	-7.6735
-1.05e+07	-8.3385
-1e+07	-8.7085
-9.5e+06	-8.8623
-9e+06	-8.9296
-8.5e+06	-8.9504
-8e+06	-8.9585
-7.5e+06	-8.9645
-7e+06	-8.969
-6.5e+06	-8.9722
-6e+06	-8.9744
-5.5e+06	-8.9667
-5e+06	-8.9712
-4.5e+06	-8.9766
-4e+06	-8.9821
-3.5e+06	-8.9875
-3e+06	-8.9941
-2.5e+06	-9.0018
-2e+06	-9.0114
-1.5e+06	-9.0204
-1e+06	-9.0282
-5e+05	-9.0412
0	-9.6331
5e+05	-9.057
1e+06	-9.0401
1.5e+06	-9.0296
2e+06	-9.0208
2.5e+06	-9.0126
3e+06	-9.0047
3.5e+06	-8.997
4e+06	-8.9911
4.5e+06	-8.9859
5e+06	-8.9794
5.5e+06	-8.9753
6e+06	-8.9727
6.5e+06	-8.9708
7e+06	-8.9685
7.5e+06	-8.9637
8e+06	-8.9574
8.5e+06	-8.9602
9e+06	-8.9392
9.5e+06	-8.8701
1e+07	-8.6935
1.05e+07	-8.3236
1.1e+07	-7.6571
1.15e+07	-6.5884
1.2e+07	-5.0182
