-1.2e+07	-26.796
-1.15e+07	-25.22
-1.1e+07	-24.15
-1.05e+07	-23.484
-1e+07	-23.116
-9.5e+06	-22.942
-9e+06	-22.888
-8.5e+06	-22.869
-8e+06	-22.864
-7.5e+06	-22.86
-7e+06	-22.858
-6.5e+06	-22.859
-6e+06	-22.859
-5.5e+06	-22.859
-5e+06	-22.857
-4.5e+06	-22.854
-4e+06	-22.851
-3.5e+06	-22.848
-3e+06	-22.844
-2.5e+06	-22.838
-2e+06	-22.832
-1.5e+06	-22.826
-1e+06	-22.82
-5e+05	-22.81
0	-23.017
5e+05	-22.801
1e+06	-22.819
1.5e+06	-22.831
2e+06	-22.842
2.5e+06	-22.853
3e+06	-22.864
3.5e+06	-22.873
4e+06	-22.88
4.5e+06	-22.889
5e+06	-22.895
5.5e+06	-22.903
6e+06	-22.907
6.5e+06	-22.91
7e+06	-22.915
7.5e+06	-22.922
8e+06	-22.929
8.5e+06	-22.939
9e+06	-22.962
9.5e+06	-23.032
1e+07	-23.21
1.05e+07	-23.584
1.1e+07	-24.255
1.15e+07	-25.33
1.2e+07	-26.909
