-1.2e+07	-2.8343
-1.15e+07	-4.3735
-1.1e+07	-5.4211
-1.05e+07	-6.0719
-1e+07	-6.4311
-9.5e+06	-6.5977
-9e+06	-6.6583
-8.5e+06	-6.6723
-8e+06	-6.673
-7.5e+06	-6.6722
-7e+06	-6.6708
-6.5e+06	-6.6672
-6e+06	-6.6623
-5.5e+06	-6.6587
-5e+06	-6.6469
-4.5e+06	-6.6471
-4e+06	-6.6469
-3.5e+06	-6.6473
-3e+06	-6.6475
-2.5e+06	-6.6505
-2e+06	-6.6526
-1.5e+06	-6.6556
-1e+06	-6.659
-5e+05	-6.6656
0	-7.4772
5e+05	-6.6728
1e+06	-6.649
1.5e+06	-6.6331
2e+06	-6.6186
2.5e+06	-6.6033
3e+06	-6.5907
3.5e+06	-6.5785
4e+06	-6.5673
4.5e+06	-6.5563
5e+06	-6.5456
5.5e+06	-6.5462
6e+06	-6.5384
6.5e+06	-6.5316
7e+06	-6.5239
7.5e+06	-6.5145
8e+06	-6.5026
8.5e+06	-6.4894
9e+06	-6.463
9.5e+06	-6.3906
1e+07	-6.2116
1.05e+07	-5.8402
1.1e+07	-5.177
1.15e+07	-4.1187
1.2e+07	-2.5696
