-1.2e+07	-5.7582
-1.15e+07	-7.3295
-1.1e+07	-8.3968
-1.05e+07	-9.062
-1e+07	-9.4302
-9.5e+06	-9.6038
-9e+06	-9.68
-8.5e+06	-9.6992
-8e+06	-9.7046
-7.5e+06	-9.7076
-7e+06	-9.711
-6.5e+06	-9.7111
-6e+06	-9.7117
-5.5e+06	-9.7227
-5e+06	-9.7258
-4.5e+06	-9.7295
-4e+06	-9.7334
-3.5e+06	-9.7373
-3e+06	-9.753
-2.5e+06	-9.7594
-2e+06	-9.7664
-1.5e+06	-9.7746
-1e+06	-9.7819
-5e+05	-9.793
0	-9.9133
5e+05	-9.8057
1e+06	-9.7869
1.5e+06	-9.7756
2e+06	-9.7651
2.5e+06	-9.7554
3e+06	-9.7457
3.5e+06	-9.7374
4e+06	-9.7304
4.5e+06	-9.7238
5e+06	-9.7186
5.5e+06	-9.7126
6e+06	-9.7087
6.5e+06	-9.6959
7e+06	-9.6921
7.5e+06	-9.6868
8e+06	-9.679
8.5e+06	-9.6703
9e+06	-9.6479
9.5e+06	-9.5783
1e+07	-9.3903
1.05e+07	-9.0185
1.1e+07	-8.3505
1.15e+07	-7.2785
1.2e+07	-5.7037
