-1.2e+07	-36.256
-1.15e+07	-34.655
-1.1e+07	-33.572
-1.05e+07	-32.9
-1e+07	-32.531
-9.5e+06	-32.359
-9e+06	-32.298
-8.5e+06	-32.284
-8e+06	-32.274
-7.5e+06	-32.276
-7e+06	-32.279
-6.5e+06	-32.286
-6e+06	-32.292
-5.5e+06	-32.298
-5e+06	-32.303
-4.5e+06	-32.305
-4e+06	-32.308
-3.5e+06	-32.312
-3e+06	-32.314
-2.5e+06	-32.315
-2e+06	-32.314
-1.5e+06	-32.314
-1e+06	-32.314
-5e+05	-32.311
0	-32.142
5e+05	-32.324
1e+06	-32.345
1.5e+06	-32.361
2e+06	-32.378
2.5e+06	-32.395
3e+06	-32.41
3.5e+06	-32.425
4e+06	-32.438
4.5e+06	-32.45
5e+06	-32.463
5.5e+06	-32.473
6e+06	-32.482
6.5e+06	-32.49
7e+06	-32.498
7.5e+06	-32.507
8e+06	-32.52
8.5e+06	-32.533
9e+06	-32.559
9.5e+06	-32.633
1e+07	-32.816
1.05e+07	-33.196
1.1e+07	-33.877
1.15e+07	-34.97
1.2e+07	-36.58
