-1.2e+07	-14.985
-1.15e+07	-16.596
-1.1e+07	-17.687
-1.05e+07	-18.363
-1e+07	-18.735
-9.5e+06	-18.912
-9e+06	-18.976
-8.5e+06	-18.994
-8e+06	-18.999
-7.5e+06	-19.001
-7e+06	-19.001
-6.5e+06	-19.001
-6e+06	-19
-5.5e+06	-18.999
-5e+06	-19
-4.5e+06	-19.018
-4e+06	-19.02
-3.5e+06	-19.024
-3e+06	-19.027
-2.5e+06	-19.033
-2e+06	-19.037
-1.5e+06	-19.044
-1e+06	-19.05
-5e+05	-19.058
0	-19.785
5e+05	-19.053
1e+06	-19.041
1.5e+06	-19.033
2e+06	-19.024
2.5e+06	-19.014
3e+06	-19.004
3.5e+06	-18.996
4e+06	-18.99
4.5e+06	-18.983
5e+06	-18.976
5.5e+06	-18.971
6e+06	-18.968
6.5e+06	-18.978
7e+06	-18.975
7.5e+06	-18.969
8e+06	-18.962
8.5e+06	-18.954
9e+06	-18.932
9.5e+06	-18.865
1e+07	-18.683
1.05e+07	-18.306
1.1e+07	-17.625
1.15e+07	-16.531
1.2e+07	-14.914
