-1.2e+07	-0.79808
-1.15e+07	-2.4121
-1.1e+07	-3.5035
-1.05e+07	-4.1828
-1e+07	-4.5592
-9.5e+06	-4.7357
-9e+06	-4.8008
-8.5e+06	-4.8196
-8e+06	-4.8245
-7.5e+06	-4.827
-7e+06	-4.8283
-6.5e+06	-4.8279
-6e+06	-4.8275
-5.5e+06	-4.8273
-5e+06	-4.8304
-4.5e+06	-4.8453
-4e+06	-4.8482
-3.5e+06	-4.8515
-3e+06	-4.8564
-2.5e+06	-4.8635
-2e+06	-4.8698
-1.5e+06	-4.8768
-1e+06	-4.8834
-5e+05	-4.8941
0	-5.5389
5e+05	-4.8908
1e+06	-4.8798
1.5e+06	-4.8725
2e+06	-4.8628
2.5e+06	-4.8543
3e+06	-4.8467
3.5e+06	-4.8412
4e+06	-4.8349
4.5e+06	-4.8299
5e+06	-4.8258
5.5e+06	-4.8212
6e+06	-4.8188
6.5e+06	-4.8296
7e+06	-4.8289
7.5e+06	-4.8247
8e+06	-4.8202
8.5e+06	-4.814
9e+06	-4.794
9.5e+06	-4.7258
1e+07	-4.5495
1.05e+07	-4.1721
1.1e+07	-3.4921
1.15e+07	-2.3989
1.2e+07	-0.783
