-1.2e+07	-14.585
-1.15e+07	-16.2
-1.1e+07	-17.294
-1.05e+07	-17.975
-1e+07	-18.354
-9.5e+06	-18.533
-9e+06	-18.607
-8.5e+06	-18.63
-8e+06	-18.639
-7.5e+06	-18.647
-7e+06	-18.652
-6.5e+06	-18.658
-6e+06	-18.674
-5.5e+06	-18.678
-5e+06	-18.684
-4.5e+06	-18.691
-4e+06	-18.699
-3.5e+06	-18.706
-3e+06	-18.719
-2.5e+06	-18.73
-2e+06	-18.74
-1.5e+06	-18.749
-1e+06	-18.759
-5e+05	-18.772
0	-19.014
5e+05	-18.775
1e+06	-18.767
1.5e+06	-18.761
2e+06	-18.754
2.5e+06	-18.748
3e+06	-18.741
3.5e+06	-18.74
4e+06	-18.748
4.5e+06	-18.744
5e+06	-18.741
5.5e+06	-18.738
6e+06	-18.735
6.5e+06	-18.735
7e+06	-18.732
7.5e+06	-18.727
8e+06	-18.722
8.5e+06	-18.714
9e+06	-18.692
9.5e+06	-18.628
1e+07	-18.448
1.05e+07	-18.07
1.1e+07	-17.401
1.15e+07	-16.306
1.2e+07	-14.689
