-1.2e+07	0.52155
-1.15e+07	-1.0841
-1.1e+07	-2.1812
-1.05e+07	-2.8527
-1e+07	-3.2223
-9.5e+06	-3.3923
-9e+06	-3.4538
-8.5e+06	-3.4667
-8e+06	-3.4673
-7.5e+06	-3.4661
-7e+06	-3.4626
-6.5e+06	-3.4584
-6e+06	-3.4538
-5.5e+06	-3.4489
-5e+06	-3.4465
-4.5e+06	-3.4449
-4e+06	-3.4442
-3.5e+06	-3.4433
-3e+06	-3.4442
-2.5e+06	-3.446
-2e+06	-3.4613
-1.5e+06	-3.4646
-1e+06	-3.4676
-5e+05	-3.4747
0	-3.8246
5e+05	-3.4619
1e+06	-3.4457
1.5e+06	-3.4343
2e+06	-3.4226
2.5e+06	-3.4104
3e+06	-3.3989
3.5e+06	-3.4012
4e+06	-3.3929
4.5e+06	-3.3852
5e+06	-3.3774
5.5e+06	-3.371
6e+06	-3.3668
6.5e+06	-3.3621
7e+06	-3.3575
7.5e+06	-3.3516
8e+06	-3.3441
8.5e+06	-3.3355
9e+06	-3.3122
9.5e+06	-3.2534
1e+07	-3.074
1.05e+07	-2.6956
1.1e+07	-2.014
1.15e+07	-0.92015
1.2e+07	0.69565
