-1.2e+07	13.558
-1.15e+07	12.021
-1.1e+07	10.981
-1.05e+07	10.335
-1e+07	9.9788
-9.5e+06	9.813
-9e+06	9.7547
-8.5e+06	9.7428
-8e+06	9.7329
-7.5e+06	9.7368
-7e+06	9.7405
-6.5e+06	9.7466
-6e+06	9.7543
-5.5e+06	9.7609
-5e+06	9.7655
-4.5e+06	9.7601
-4e+06	9.7633
-3.5e+06	9.7667
-3e+06	9.7695
-2.5e+06	9.7711
-2e+06	9.7723
-1.5e+06	9.7629
-1e+06	9.7644
-5e+05	9.7625
0	10.204
5e+05	9.7637
1e+06	9.7923
1.5e+06	9.8027
2e+06	9.822
2.5e+06	9.8406
3e+06	9.8594
3.5e+06	9.8763
4e+06	9.8917
4.5e+06	9.8973
5e+06	9.9135
5.5e+06	9.9261
6e+06	9.9381
6.5e+06	9.9491
7e+06	9.9618
7.5e+06	9.9746
8e+06	9.99
8.5e+06	10.016
9e+06	10.046
9.5e+06	10.12
1e+07	10.302
1.05e+07	10.664
1.1e+07	11.325
1.15e+07	12.377
1.2e+07	13.914
