-1.2e+07	-18.756
-1.15e+07	-17.144
-1.1e+07	-16.054
-1.05e+07	-15.377
-1e+07	-15.003
-9.5e+06	-14.828
-9e+06	-14.765
-8.5e+06	-14.748
-8e+06	-14.733
-7.5e+06	-14.732
-7e+06	-14.733
-6.5e+06	-14.737
-6e+06	-14.741
-5.5e+06	-14.745
-5e+06	-14.746
-4.5e+06	-14.747
-4e+06	-14.747
-3.5e+06	-14.748
-3e+06	-14.749
-2.5e+06	-14.748
-2e+06	-14.746
-1.5e+06	-14.743
-1e+06	-14.742
-5e+05	-14.736
0	-14.438
5e+05	-14.755
1e+06	-14.773
1.5e+06	-14.788
2e+06	-14.803
2.5e+06	-14.819
3e+06	-14.834
3.5e+06	-14.848
4e+06	-14.861
4.5e+06	-14.873
5e+06	-14.885
5.5e+06	-14.896
6e+06	-14.905
6.5e+06	-14.901
7e+06	-14.911
7.5e+06	-14.922
8e+06	-14.934
8.5e+06	-14.947
9e+06	-14.975
9.5e+06	-15.05
1e+07	-15.235
1.05e+07	-15.619
1.1e+07	-16.306
1.15e+07	-17.406
1.2e+07	-19.026
