-1.2e+07	-29.672
-1.15e+07	-28.127
-1.1e+07	-27.077
-1.05e+07	-26.424
-1e+07	-26.063
-9.5e+06	-25.896
-9e+06	-25.835
-8.5e+06	-25.822
-8e+06	-25.821
-7.5e+06	-25.821
-7e+06	-25.824
-6.5e+06	-25.827
-6e+06	-25.832
-5.5e+06	-25.836
-5e+06	-25.839
-4.5e+06	-25.839
-4e+06	-25.839
-3.5e+06	-25.841
-3e+06	-25.841
-2.5e+06	-25.839
-2e+06	-25.836
-1.5e+06	-25.834
-1e+06	-25.831
-5e+05	-25.824
0	-25.677
5e+05	-25.818
1e+06	-25.841
1.5e+06	-25.857
2e+06	-25.873
2.5e+06	-25.887
3e+06	-25.901
3.5e+06	-25.912
4e+06	-25.923
4.5e+06	-25.933
5e+06	-25.943
5.5e+06	-25.953
6e+06	-25.96
6.5e+06	-25.966
7e+06	-25.973
7.5e+06	-25.981
8e+06	-25.991
8.5e+06	-26.003
9e+06	-26.027
9.5e+06	-26.097
1e+07	-26.275
1.05e+07	-26.646
1.1e+07	-27.309
1.15e+07	-28.367
1.2e+07	-29.92
