-1.2e+07	-39.101
-1.15e+07	-37.506
-1.1e+07	-36.424
-1.05e+07	-35.74
-1e+07	-35.367
-9.5e+06	-35.188
-9e+06	-35.119
-8.5e+06	-35.098
-8e+06	-35.09
-7.5e+06	-35.086
-7e+06	-35.081
-6.5e+06	-35.078
-6e+06	-35.075
-5.5e+06	-35.073
-5e+06	-35.068
-4.5e+06	-35.071
-4e+06	-35.065
-3.5e+06	-35.05
-3e+06	-35.044
-2.5e+06	-35.035
-2e+06	-35.027
-1.5e+06	-35.018
-1e+06	-35.008
-5e+05	-34.996
0	-34.52
5e+05	-34.988
1e+06	-35.003
1.5e+06	-35.012
2e+06	-35.021
2.5e+06	-35.03
3e+06	-35.038
3.5e+06	-35.054
4e+06	-35.059
4.5e+06	-35.065
5e+06	-35.07
5.5e+06	-35.075
6e+06	-35.079
6.5e+06	-35.09
7e+06	-35.093
7.5e+06	-35.098
8e+06	-35.105
8.5e+06	-35.114
9e+06	-35.135
9.5e+06	-35.205
1e+07	-35.402
1.05e+07	-35.777
1.1e+07	-36.453
1.15e+07	-37.537
1.2e+07	-39.134
