-1.2e+07	-24.185
-1.15e+07	-22.588
-1.1e+07	-21.501
-1.05e+07	-20.824
-1e+07	-20.449
-9.5e+06	-20.276
-9e+06	-20.204
-8.5e+06	-20.18
-8e+06	-20.161
-7.5e+06	-20.152
-7e+06	-20.144
-6.5e+06	-20.148
-6e+06	-20.145
-5.5e+06	-20.14
-5e+06	-20.134
-4.5e+06	-20.126
-4e+06	-20.127
-3.5e+06	-20.12
-3e+06	-20.112
-2.5e+06	-20.102
-2e+06	-20.093
-1.5e+06	-20.082
-1e+06	-20.082
-5e+05	-20.069
0	-19.78
5e+05	-20.058
1e+06	-20.072
1.5e+06	-20.082
2e+06	-20.09
2.5e+06	-20.1
3e+06	-20.107
3.5e+06	-20.114
4e+06	-20.119
4.5e+06	-20.127
5e+06	-20.134
5.5e+06	-20.139
6e+06	-20.142
6.5e+06	-20.145
7e+06	-20.149
7.5e+06	-20.156
8e+06	-20.163
8.5e+06	-20.173
9e+06	-20.196
9.5e+06	-20.268
1e+07	-20.448
1.05e+07	-20.826
1.1e+07	-21.504
1.15e+07	-22.589
1.2e+07	-24.187
