-1.2e+07	-9.216
-1.15e+07	-10.824
-1.1e+07	-11.911
-1.05e+07	-12.589
-1e+07	-12.968
-9.5e+06	-13.14
-9e+06	-13.212
-8.5e+06	-13.237
-8e+06	-13.248
-7.5e+06	-13.258
-7e+06	-13.266
-6.5e+06	-13.263
-6e+06	-13.27
-5.5e+06	-13.276
-5e+06	-13.283
-4.5e+06	-13.293
-4e+06	-13.292
-3.5e+06	-13.311
-3e+06	-13.321
-2.5e+06	-13.332
-2e+06	-13.343
-1.5e+06	-13.355
-1e+06	-13.357
-5e+05	-13.371
0	-13.5
5e+05	-13.386
1e+06	-13.374
1.5e+06	-13.366
2e+06	-13.359
2.5e+06	-13.352
3e+06	-13.346
3.5e+06	-13.341
4e+06	-13.336
4.5e+06	-13.332
5e+06	-13.326
5.5e+06	-13.325
6e+06	-13.323
6.5e+06	-13.321
7e+06	-13.318
7.5e+06	-13.315
8e+06	-13.309
8.5e+06	-13.291
9e+06	-13.27
9.5e+06	-13.2
1e+07	-13.022
1.05e+07	-12.646
1.1e+07	-11.971
1.15e+07	-10.887
1.2e+07	-9.2888
