-1.2e+07	-24.17
-1.15e+07	-22.576
-1.1e+07	-21.494
-1.05e+07	-20.821
-1e+07	-20.448
-9.5e+06	-20.27
-9e+06	-20.202
-8.5e+06	-20.182
-8e+06	-20.176
-7.5e+06	-20.17
-7e+06	-20.168
-6.5e+06	-20.166
-6e+06	-20.167
-5.5e+06	-20.166
-5e+06	-20.155
-4.5e+06	-20.15
-4e+06	-20.146
-3.5e+06	-20.142
-3e+06	-20.137
-2.5e+06	-20.131
-2e+06	-20.123
-1.5e+06	-20.116
-1e+06	-20.11
-5e+05	-20.1
0	-20.265
5e+05	-20.094
1e+06	-20.111
1.5e+06	-20.122
2e+06	-20.134
2.5e+06	-20.145
3e+06	-20.155
3.5e+06	-20.153
4e+06	-20.161
4.5e+06	-20.169
5e+06	-20.175
5.5e+06	-20.182
6e+06	-20.187
6.5e+06	-20.191
7e+06	-20.195
7.5e+06	-20.201
8e+06	-20.21
8.5e+06	-20.22
9e+06	-20.242
9.5e+06	-20.306
1e+07	-20.495
1.05e+07	-20.871
1.1e+07	-21.547
1.15e+07	-22.631
1.2e+07	-24.228
