-1.2e+07	10.09
-1.15e+07	8.5214
-1.1e+07	7.4541
-1.05e+07	6.7878
-1e+07	6.4171
-9.5e+06	6.2516
-9e+06	6.1835
-8.5e+06	6.1614
-8e+06	6.1524
-7.5e+06	6.1445
-7e+06	6.1394
-6.5e+06	6.1345
-6e+06	6.1319
-5.5e+06	6.1498
-5e+06	6.1441
-4.5e+06	6.1378
-4e+06	6.1311
-3.5e+06	6.1243
-3e+06	6.1164
-2.5e+06	6.1074
-2e+06	6.0985
-1.5e+06	6.0993
-1e+06	6.0899
-5e+05	6.077
0	5.3638
5e+05	6.0606
1e+06	6.0772
1.5e+06	6.0878
2e+06	6.0972
2.5e+06	6.1076
3e+06	6.1153
3.5e+06	6.1226
4e+06	6.1299
4.5e+06	6.1361
5e+06	6.1425
5.5e+06	6.1489
6e+06	6.1524
6.5e+06	6.156
7e+06	6.1609
7.5e+06	6.1679
8e+06	6.175
8.5e+06	6.1652
9e+06	6.1886
9.5e+06	6.2586
1e+07	6.4386
1.05e+07	6.8114
1.1e+07	7.4799
1.15e+07	8.5496
1.2e+07	10.122
