-1.2e+07	-21.722
-1.15e+07	-20.123
-1.1e+07	-19.04
-1.05e+07	-18.368
-1e+07	-17.997
-9.5e+06	-17.825
-9e+06	-17.762
-8.5e+06	-17.748
-8e+06	-17.747
-7.5e+06	-17.748
-7e+06	-17.749
-6.5e+06	-17.753
-6e+06	-17.757
-5.5e+06	-17.751
-5e+06	-17.753
-4.5e+06	-17.753
-4e+06	-17.754
-3.5e+06	-17.754
-3e+06	-17.752
-2.5e+06	-17.751
-2e+06	-17.749
-1.5e+06	-17.746
-1e+06	-17.742
-5e+05	-17.736
0	-17.855
5e+05	-17.742
1e+06	-17.759
1.5e+06	-17.773
2e+06	-17.786
2.5e+06	-17.8
3e+06	-17.8
3.5e+06	-17.811
4e+06	-17.821
4.5e+06	-17.829
5e+06	-17.826
5.5e+06	-17.834
6e+06	-17.839
6.5e+06	-17.843
7e+06	-17.849
7.5e+06	-17.855
8e+06	-17.852
8.5e+06	-17.861
9e+06	-17.884
9.5e+06	-17.953
1e+07	-18.132
1.05e+07	-18.508
1.1e+07	-19.186
1.15e+07	-20.275
1.2e+07	-21.881
