-1.2e+07	-35.994
-1.15e+07	-34.392
-1.1e+07	-33.308
-1.05e+07	-32.635
-1e+07	-32.262
-9.5e+06	-32.09
-9e+06	-32.026
-8.5e+06	-32.01
-8e+06	-32.007
-7.5e+06	-32.006
-7e+06	-32.005
-6.5e+06	-32.007
-6e+06	-31.998
-5.5e+06	-31.999
-5e+06	-31.998
-4.5e+06	-31.995
-4e+06	-31.992
-3.5e+06	-31.989
-3e+06	-31.984
-2.5e+06	-31.979
-2e+06	-31.972
-1.5e+06	-31.965
-1e+06	-31.958
-5e+05	-31.948
0	-31.595
5e+05	-31.943
1e+06	-31.956
1.5e+06	-31.964
2e+06	-31.972
2.5e+06	-31.969
3e+06	-31.976
3.5e+06	-31.981
4e+06	-31.984
4.5e+06	-31.989
5e+06	-31.993
5.5e+06	-31.996
6e+06	-31.996
6.5e+06	-31.995
7e+06	-31.985
7.5e+06	-31.986
8e+06	-31.99
8.5e+06	-31.995
9e+06	-32.013
9.5e+06	-32.079
1e+07	-32.254
1.05e+07	-32.629
1.1e+07	-33.304
1.15e+07	-34.392
1.2e+07	-36
