-1.2e+07	-46.014
-1.15e+07	-44.474
-1.1e+07	-43.431
-1.05e+07	-42.782
-1e+07	-42.425
-9.5e+06	-42.259
-9e+06	-42.199
-8.5e+06	-42.186
-8e+06	-42.176
-7.5e+06	-42.177
-7e+06	-42.18
-6.5e+06	-42.185
-6e+06	-42.192
-5.5e+06	-42.198
-5e+06	-42.202
-4.5e+06	-42.196
-4e+06	-42.199
-3.5e+06	-42.201
-3e+06	-42.203
-2.5e+06	-42.204
-2e+06	-42.204
-1.5e+06	-42.195
-1e+06	-42.195
-5e+05	-42.192
0	-42.737
5e+05	-42.194
1e+06	-42.221
1.5e+06	-42.231
2e+06	-42.252
2.5e+06	-42.27
3e+06	-42.288
3.5e+06	-42.305
4e+06	-42.33
4.5e+06	-42.337
5e+06	-42.352
5.5e+06	-42.366
6e+06	-42.378
6.5e+06	-42.39
7e+06	-42.402
7.5e+06	-42.417
8e+06	-42.432
8.5e+06	-42.449
9e+06	-42.479
9.5e+06	-42.555
1e+07	-42.738
1.05e+07	-43.1
1.1e+07	-43.764
1.15e+07	-44.817
1.2e+07	-46.369
