-1.2e+07	-22.862
-1.15e+07	-21.264
-1.1e+07	-20.182
-1.05e+07	-19.5
-1e+07	-19.128
-9.5e+06	-18.953
-9e+06	-18.888
-8.5e+06	-18.87
-8e+06	-18.875
-7.5e+06	-18.863
-7e+06	-18.863
-6.5e+06	-18.862
-6e+06	-18.865
-5.5e+06	-18.865
-5e+06	-18.865
-4.5e+06	-18.853
-4e+06	-18.85
-3.5e+06	-18.847
-3e+06	-18.844
-2.5e+06	-18.839
-2e+06	-18.834
-1.5e+06	-18.818
-1e+06	-18.812
-5e+05	-18.803
0	-18.547
5e+05	-18.803
1e+06	-18.819
1.5e+06	-18.83
2e+06	-18.841
2.5e+06	-18.843
3e+06	-18.852
3.5e+06	-18.861
4e+06	-18.869
4.5e+06	-18.876
5e+06	-18.883
5.5e+06	-18.889
6e+06	-18.893
6.5e+06	-18.896
7e+06	-18.892
7.5e+06	-18.897
8e+06	-18.905
8.5e+06	-18.913
9e+06	-18.936
9.5e+06	-19.005
1e+07	-19.173
1.05e+07	-19.55
1.1e+07	-20.228
1.15e+07	-21.305
1.2e+07	-22.906
