-1.2e+07	9.53
-1.15e+07	7.9605
-1.1e+07	6.8948
-1.05e+07	6.2309
-1e+07	5.8625
-9.5e+06	5.6887
-9e+06	5.6127
-8.5e+06	5.5936
-8e+06	5.588
-7.5e+06	5.5849
-7e+06	5.5804
-6.5e+06	5.5792
-6e+06	5.5685
-5.5e+06	5.5666
-5e+06	5.565
-4.5e+06	5.5607
-4e+06	5.5563
-3.5e+06	5.5511
-3e+06	5.5353
-2.5e+06	5.5279
-2e+06	5.5198
-1.5e+06	5.5116
-1e+06	5.504
-5e+05	5.4919
0	4.9702
5e+05	5.4783
1e+06	5.4951
1.5e+06	5.5053
2e+06	5.5159
2.5e+06	5.5247
3e+06	5.5338
3.5e+06	5.541
4e+06	5.5476
4.5e+06	5.5529
5e+06	5.5589
5.5e+06	5.5634
6e+06	5.5765
6.5e+06	5.5891
7e+06	5.5918
7.5e+06	5.5967
8e+06	5.6027
8.5e+06	5.6105
9e+06	5.6321
9.5e+06	5.7003
1e+07	5.8757
1.05e+07	6.2476
1.1e+07	6.9153
1.15e+07	7.9845
1.2e+07	9.557
