-1.2e+07	-25.617
-1.15e+07	-24.034
-1.1e+07	-22.96
-1.05e+07	-22.291
-1e+07	-21.92
-9.5e+06	-21.747
-9e+06	-21.68
-8.5e+06	-21.661
-8e+06	-21.654
-7.5e+06	-21.649
-7e+06	-21.646
-6.5e+06	-21.643
-6e+06	-21.641
-5.5e+06	-21.639
-5e+06	-21.635
-4.5e+06	-21.63
-4e+06	-21.625
-3.5e+06	-21.619
-3e+06	-21.612
-2.5e+06	-21.605
-2e+06	-21.594
-1.5e+06	-21.585
-1e+06	-21.575
-5e+05	-21.562
0	-21.075
5e+05	-21.548
1e+06	-21.562
1.5e+06	-21.561
2e+06	-21.569
2.5e+06	-21.576
3e+06	-21.582
3.5e+06	-21.587
4e+06	-21.582
4.5e+06	-21.586
5e+06	-21.591
5.5e+06	-21.595
6e+06	-21.597
6.5e+06	-21.597
7e+06	-21.589
7.5e+06	-21.594
8e+06	-21.599
8.5e+06	-21.606
9e+06	-21.626
9.5e+06	-21.685
1e+07	-21.862
1.05e+07	-22.235
1.1e+07	-22.907
1.15e+07	-23.986
1.2e+07	-25.564
