-1.2e+07	-24.069
-1.15e+07	-22.474
-1.1e+07	-21.392
-1.05e+07	-20.718
-1e+07	-20.343
-9.5e+06	-20.166
-9e+06	-20.098
-8.5e+06	-20.077
-8e+06	-20.069
-7.5e+06	-20.063
-7e+06	-20.059
-6.5e+06	-20.056
-6e+06	-20.054
-5.5e+06	-20.033
-5e+06	-20.029
-4.5e+06	-20.023
-4e+06	-20.017
-3.5e+06	-20.011
-3e+06	-20.004
-2.5e+06	-19.996
-2e+06	-19.987
-1.5e+06	-19.969
-1e+06	-19.96
-5e+05	-19.948
0	-19.7
5e+05	-19.939
1e+06	-19.953
1.5e+06	-19.964
2e+06	-19.972
2.5e+06	-19.98
3e+06	-19.988
3.5e+06	-19.995
4e+06	-20.001
4.5e+06	-20.006
5e+06	-20.003
5.5e+06	-20.006
6e+06	-20.008
6.5e+06	-20.01
7e+06	-20.013
7.5e+06	-20.008
8e+06	-20.014
8.5e+06	-20.021
9e+06	-20.043
9.5e+06	-20.111
1e+07	-20.289
1.05e+07	-20.663
1.1e+07	-21.338
1.15e+07	-22.421
1.2e+07	-24.016
