-1.2e+07	3.0859
-1.15e+07	1.4722
-1.1e+07	0.365
-1.05e+07	-0.32106
-1e+07	-0.7058
-9.5e+06	-0.89232
-9e+06	-0.96903
-8.5e+06	-0.99859
-8e+06	-1.0147
-7.5e+06	-1.0282
-7e+06	-1.042
-6.5e+06	-1.0637
-6e+06	-1.0744
-5.5e+06	-1.0858
-5e+06	-1.0994
-4.5e+06	-1.1226
-4e+06	-1.1372
-3.5e+06	-1.1513
-3e+06	-1.1666
-2.5e+06	-1.182
-2e+06	-1.2095
-1.5e+06	-1.2262
-1e+06	-1.2425
-5e+05	-1.2616
0	-1.175
5e+05	-1.2801
1e+06	-1.2738
1.5e+06	-1.2718
2e+06	-1.2696
2.5e+06	-1.2667
3e+06	-1.2642
3.5e+06	-1.2624
4e+06	-1.2624
4.5e+06	-1.2621
5e+06	-1.2603
5.5e+06	-1.2609
6e+06	-1.262
6.5e+06	-1.2735
7e+06	-1.2629
7.5e+06	-1.2601
8e+06	-1.256
8.5e+06	-1.2502
9e+06	-1.2296
9.5e+06	-1.1612
1e+07	-0.98233
1.05e+07	-0.61652
1.1e+07	0.063317
1.15e+07	1.1642
1.2e+07	2.7724
