-1.2e+07	-11.799
-1.15e+07	-13.414
-1.1e+07	-14.521
-1.05e+07	-15.208
-1e+07	-15.592
-9.5e+06	-15.779
-9e+06	-15.856
-8.5e+06	-15.887
-8e+06	-15.902
-7.5e+06	-15.916
-7e+06	-15.928
-6.5e+06	-15.949
-6e+06	-15.96
-5.5e+06	-15.97
-5e+06	-15.982
-4.5e+06	-15.996
-4e+06	-16.01
-3.5e+06	-16.023
-3e+06	-16.037
-2.5e+06	-16.052
-2e+06	-16.079
-1.5e+06	-16.095
-1e+06	-16.11
-5e+05	-16.128
0	-16.615
5e+05	-16.146
1e+06	-16.138
1.5e+06	-16.135
2e+06	-16.132
2.5e+06	-16.14
3e+06	-16.137
3.5e+06	-16.135
4e+06	-16.133
4.5e+06	-16.131
5e+06	-16.129
5.5e+06	-16.129
6e+06	-16.129
6.5e+06	-16.14
7e+06	-16.139
7.5e+06	-16.137
8e+06	-16.131
8.5e+06	-16.125
9e+06	-16.104
9.5e+06	-16.035
1e+07	-15.856
1.05e+07	-15.49
1.1e+07	-14.81
1.15e+07	-13.719
1.2e+07	-12.11
