-1.2e+07	-20.806
-1.15e+07	-19.204
-1.1e+07	-18.12
-1.05e+07	-17.448
-1e+07	-17.078
-9.5e+06	-16.905
-9e+06	-16.842
-8.5e+06	-16.816
-8e+06	-16.816
-7.5e+06	-16.816
-7e+06	-16.816
-6.5e+06	-16.819
-6e+06	-16.822
-5.5e+06	-16.824
-5e+06	-16.815
-4.5e+06	-16.813
-4e+06	-16.812
-3.5e+06	-16.809
-3e+06	-16.807
-2.5e+06	-16.802
-2e+06	-16.797
-1.5e+06	-16.78
-1e+06	-16.774
-5e+05	-16.764
0	-16.858
5e+05	-16.764
1e+06	-16.778
1.5e+06	-16.787
2e+06	-16.796
2.5e+06	-16.804
3e+06	-16.813
3.5e+06	-16.82
4e+06	-16.826
4.5e+06	-16.83
5e+06	-16.834
5.5e+06	-16.838
6e+06	-16.84
6.5e+06	-16.839
7e+06	-16.83
7.5e+06	-16.843
8e+06	-16.846
8.5e+06	-16.852
9e+06	-16.871
9.5e+06	-16.938
1e+07	-17.113
1.05e+07	-17.487
1.1e+07	-18.163
1.15e+07	-19.241
1.2e+07	-20.858
