-1.2e+07	3.1187
-1.15e+07	1.5136
-1.1e+07	0.42485
-1.05e+07	-0.26148
-1e+07	-0.63785
-9.5e+06	-0.8258
-9e+06	-0.89378
-8.5e+06	-0.91471
-8e+06	-0.92168
-7.5e+06	-0.93759
-7e+06	-0.94146
-6.5e+06	-0.9437
-6e+06	-0.94494
-5.5e+06	-0.95723
-5e+06	-0.9611
-4.5e+06	-0.97592
-4e+06	-0.98135
-3.5e+06	-0.98682
-3e+06	-0.99329
-2.5e+06	-1.0013
-2e+06	-1.0091
-1.5e+06	-1.0367
-1e+06	-1.0451
-5e+05	-1.0555
0	-1.2098
5e+05	-1.0585
1e+06	-1.0434
1.5e+06	-1.0329
2e+06	-1.0224
2.5e+06	-1.0125
3e+06	-0.99379
3.5e+06	-0.98513
4e+06	-0.98814
4.5e+06	-0.98063
5e+06	-0.97332
5.5e+06	-0.96659
6e+06	-0.96183
6.5e+06	-0.95766
7e+06	-0.95253
7.5e+06	-0.94423
8e+06	-0.92634
8.5e+06	-0.91576
9e+06	-0.89179
9.5e+06	-0.82009
1e+07	-0.63772
1.05e+07	-0.25821
1.1e+07	0.41437
1.15e+07	1.5069
1.2e+07	3.1163
