-1.2e+07	-42.144
-1.15e+07	-40.562
-1.1e+07	-39.484
-1.05e+07	-38.811
-1e+07	-38.434
-9.5e+06	-38.252
-9e+06	-38.178
-8.5e+06	-38.151
-8e+06	-38.138
-7.5e+06	-38.127
-7e+06	-38.118
-6.5e+06	-38.11
-6e+06	-38.093
-5.5e+06	-38.085
-5e+06	-38.078
-4.5e+06	-38.067
-4e+06	-38.058
-3.5e+06	-38.049
-3e+06	-38.038
-2.5e+06	-38.027
-2e+06	-38.015
-1.5e+06	-38.004
-1e+06	-37.993
-5e+05	-37.979
0	-38.079
5e+05	-37.962
1e+06	-37.978
1.5e+06	-37.987
2e+06	-37.996
2.5e+06	-38.005
3e+06	-38.013
3.5e+06	-38.021
4e+06	-38.028
4.5e+06	-38.035
5e+06	-38.041
5.5e+06	-38.048
6e+06	-38.052
6.5e+06	-38.056
7e+06	-38.062
7.5e+06	-38.069
8e+06	-38.08
8.5e+06	-38.101
9e+06	-38.128
9.5e+06	-38.2
1e+07	-38.38
1.05e+07	-38.758
1.1e+07	-39.432
1.15e+07	-40.509
1.2e+07	-42.091
