-1.2e+07	-37.845
-1.15e+07	-36.247
-1.1e+07	-35.164
-1.05e+07	-34.481
-1e+07	-34.11
-9.5e+06	-33.935
-9e+06	-33.87
-8.5e+06	-33.853
-8e+06	-33.848
-7.5e+06	-33.836
-7e+06	-33.835
-6.5e+06	-33.835
-6e+06	-33.837
-5.5e+06	-33.838
-5e+06	-33.837
-4.5e+06	-33.826
-4e+06	-33.823
-3.5e+06	-33.822
-3e+06	-33.819
-2.5e+06	-33.815
-2e+06	-33.81
-1.5e+06	-33.795
-1e+06	-33.79
-5e+05	-33.782
0	-33.637
5e+05	-33.783
1e+06	-33.8
1.5e+06	-33.813
2e+06	-33.825
2.5e+06	-33.816
3e+06	-33.828
3.5e+06	-33.838
4e+06	-33.848
4.5e+06	-33.847
5e+06	-33.856
5.5e+06	-33.864
6e+06	-33.87
6.5e+06	-33.874
7e+06	-33.87
7.5e+06	-33.878
8e+06	-33.887
8.5e+06	-33.898
9e+06	-33.921
9.5e+06	-33.993
1e+07	-34.174
1.05e+07	-34.552
1.1e+07	-35.23
1.15e+07	-36.309
1.2e+07	-37.913
