-1.2e+07	-34.65
-1.15e+07	-33.045
-1.1e+07	-31.949
-1.05e+07	-31.276
-1e+07	-30.907
-9.5e+06	-30.736
-9e+06	-30.674
-8.5e+06	-30.66
-8e+06	-30.66
-7.5e+06	-30.66
-7e+06	-30.664
-6.5e+06	-30.654
-6e+06	-30.659
-5.5e+06	-30.662
-5e+06	-30.666
-4.5e+06	-30.666
-4e+06	-30.667
-3.5e+06	-30.667
-3e+06	-30.665
-2.5e+06	-30.662
-2e+06	-30.646
-1.5e+06	-30.642
-1e+06	-30.638
-5e+05	-30.63
0	-30.41
5e+05	-30.642
1e+06	-30.657
1.5e+06	-30.668
2e+06	-30.679
2.5e+06	-30.692
3e+06	-30.703
3.5e+06	-30.713
4e+06	-30.721
4.5e+06	-30.73
5e+06	-30.737
5.5e+06	-30.744
6e+06	-30.749
6.5e+06	-30.753
7e+06	-30.758
7.5e+06	-30.764
8e+06	-30.771
8.5e+06	-30.781
9e+06	-30.804
9.5e+06	-30.862
1e+07	-31.043
1.05e+07	-31.422
1.1e+07	-32.104
1.15e+07	-33.198
1.2e+07	-34.813
