-1.2e+07	9.1566
-1.15e+07	7.5828
-1.1e+07	6.5138
-1.05e+07	5.8473
-1e+07	5.478
-9.5e+06	5.3013
-9e+06	5.2231
-8.5e+06	5.2011
-8e+06	5.1937
-7.5e+06	5.1868
-7e+06	5.1816
-6.5e+06	5.1781
-6e+06	5.175
-5.5e+06	5.1702
-5e+06	5.1653
-4.5e+06	5.1579
-4e+06	5.1504
-3.5e+06	5.1426
-3e+06	5.1227
-2.5e+06	5.1122
-2e+06	5.1014
-1.5e+06	5.0896
-1e+06	5.0783
-5e+05	5.0638
0	4.7237
5e+05	5.0431
1e+06	5.0564
1.5e+06	5.0628
2e+06	5.0684
2.5e+06	5.0733
3e+06	5.0785
3.5e+06	5.071
4e+06	5.0729
4.5e+06	5.0747
5e+06	5.0769
5.5e+06	5.0768
6e+06	5.0753
6.5e+06	5.0735
7e+06	5.0727
7.5e+06	5.0731
8e+06	5.0751
8.5e+06	5.0786
9e+06	5.0967
9.5e+06	5.1505
1e+07	5.312
1.05e+07	5.6805
1.1e+07	6.3469
1.15e+07	7.4154
1.2e+07	8.9892
