-1.2e+07	-10.252
-1.15e+07	-11.851
-1.1e+07	-12.934
-1.05e+07	-13.608
-1e+07	-13.98
-9.5e+06	-14.156
-9e+06	-14.223
-8.5e+06	-14.241
-8e+06	-14.247
-7.5e+06	-14.252
-7e+06	-14.254
-6.5e+06	-14.255
-6e+06	-14.255
-5.5e+06	-14.256
-5e+06	-14.259
-4.5e+06	-14.254
-4e+06	-14.269
-3.5e+06	-14.274
-3e+06	-14.28
-2.5e+06	-14.288
-2e+06	-14.296
-1.5e+06	-14.305
-1e+06	-14.313
-5e+05	-14.325
0	-14.651
5e+05	-14.334
1e+06	-14.32
1.5e+06	-14.311
2e+06	-14.303
2.5e+06	-14.295
3e+06	-14.296
3.5e+06	-14.29
4e+06	-14.275
4.5e+06	-14.269
5e+06	-14.263
5.5e+06	-14.259
6e+06	-14.255
6.5e+06	-14.254
7e+06	-14.252
7.5e+06	-14.247
8e+06	-14.24
8.5e+06	-14.242
9e+06	-14.22
9.5e+06	-14.151
1e+07	-13.972
1.05e+07	-13.595
1.1e+07	-12.918
1.15e+07	-11.833
1.2e+07	-10.221
