-1.2e+07	-39.239
-1.15e+07	-37.648
-1.1e+07	-36.57
-1.05e+07	-35.9
-1e+07	-35.53
-9.5e+06	-35.366
-9e+06	-35.301
-8.5e+06	-35.284
-8e+06	-35.281
-7.5e+06	-35.279
-7e+06	-35.278
-6.5e+06	-35.281
-6e+06	-35.283
-5.5e+06	-35.284
-5e+06	-35.284
-4.5e+06	-35.283
-4e+06	-35.282
-3.5e+06	-35.281
-3e+06	-35.289
-2.5e+06	-35.284
-2e+06	-35.28
-1.5e+06	-35.276
-1e+06	-35.271
-5e+05	-35.263
0	-34.876
5e+05	-35.264
1e+06	-35.282
1.5e+06	-35.296
2e+06	-35.308
2.5e+06	-35.32
3e+06	-35.342
3.5e+06	-35.353
4e+06	-35.363
4.5e+06	-35.372
5e+06	-35.38
5.5e+06	-35.389
6e+06	-35.394
6.5e+06	-35.4
7e+06	-35.406
7.5e+06	-35.415
8e+06	-35.424
8.5e+06	-35.444
9e+06	-35.468
9.5e+06	-35.539
1e+07	-35.719
1.05e+07	-36.097
1.1e+07	-36.774
1.15e+07	-37.858
1.2e+07	-39.455
