-1.2e+07	-34.341
-1.15e+07	-32.715
-1.1e+07	-31.624
-1.05e+07	-30.944
-1e+07	-30.567
-9.5e+06	-30.389
-9e+06	-30.321
-8.5e+06	-30.3
-8e+06	-30.293
-7.5e+06	-30.288
-7e+06	-30.284
-6.5e+06	-30.269
-6e+06	-30.268
-5.5e+06	-30.267
-5e+06	-30.262
-4.5e+06	-30.258
-4e+06	-30.253
-3.5e+06	-30.234
-3e+06	-30.228
-2.5e+06	-30.219
-2e+06	-30.212
-1.5e+06	-30.203
-1e+06	-30.182
-5e+05	-30.17
0	-30.323
5e+05	-30.173
1e+06	-30.185
1.5e+06	-30.193
2e+06	-30.201
2.5e+06	-30.209
3e+06	-30.217
3.5e+06	-30.225
4e+06	-30.23
4.5e+06	-30.224
5e+06	-30.231
5.5e+06	-30.235
6e+06	-30.237
6.5e+06	-30.239
7e+06	-30.241
7.5e+06	-30.233
8e+06	-30.24
8.5e+06	-30.249
9e+06	-30.27
9.5e+06	-30.34
1e+07	-30.519
1.05e+07	-30.885
1.1e+07	-31.567
1.15e+07	-32.66
1.2e+07	-34.276
