-1.2e+07	-20.443
-1.15e+07	-18.831
-1.1e+07	-17.726
-1.05e+07	-17.044
-1e+07	-16.665
-9.5e+06	-16.485
-9e+06	-16.414
-8.5e+06	-16.391
-8e+06	-16.382
-7.5e+06	-16.375
-7e+06	-16.369
-6.5e+06	-16.365
-6e+06	-16.362
-5.5e+06	-16.358
-5e+06	-16.351
-4.5e+06	-16.346
-4e+06	-16.34
-3.5e+06	-16.322
-3e+06	-16.316
-2.5e+06	-16.309
-2e+06	-16.311
-1.5e+06	-16.303
-1e+06	-16.283
-5e+05	-16.272
0	-16.039
5e+05	-16.274
1e+06	-16.286
1.5e+06	-16.295
2e+06	-16.282
2.5e+06	-16.292
3e+06	-16.301
3.5e+06	-16.31
4e+06	-16.318
4.5e+06	-16.327
5e+06	-16.334
5.5e+06	-16.329
6e+06	-16.323
6.5e+06	-16.327
7e+06	-16.333
7.5e+06	-16.341
8e+06	-16.35
8.5e+06	-16.361
9e+06	-16.375
9.5e+06	-16.448
1e+07	-16.632
1.05e+07	-17.013
1.1e+07	-17.696
1.15e+07	-18.793
1.2e+07	-20.409
