-1.2e+07	-25.85
-1.15e+07	-24.273
-1.1e+07	-23.204
-1.05e+07	-22.541
-1e+07	-22.167
-9.5e+06	-21.998
-9e+06	-21.938
-8.5e+06	-21.925
-8e+06	-21.927
-7.5e+06	-21.921
-7e+06	-21.924
-6.5e+06	-21.93
-6e+06	-21.938
-5.5e+06	-21.936
-5e+06	-21.94
-4.5e+06	-21.944
-4e+06	-21.948
-3.5e+06	-21.952
-3e+06	-21.947
-2.5e+06	-21.949
-2e+06	-21.949
-1.5e+06	-21.95
-1e+06	-21.943
-5e+05	-21.94
0	-21.473
5e+05	-21.995
1e+06	-22.018
1.5e+06	-22.036
2e+06	-22.054
2.5e+06	-22.069
3e+06	-22.087
3.5e+06	-22.101
4e+06	-22.114
4.5e+06	-22.128
5e+06	-22.14
5.5e+06	-22.153
6e+06	-22.164
6.5e+06	-22.173
7e+06	-22.183
7.5e+06	-22.195
8e+06	-22.209
8.5e+06	-22.224
9e+06	-22.253
9.5e+06	-22.328
1e+07	-22.514
1.05e+07	-22.893
1.1e+07	-23.571
1.15e+07	-24.654
1.2e+07	-26.244
