-1.2e+07	-36.714
-1.15e+07	-35.111
-1.1e+07	-34.024
-1.05e+07	-33.339
-1e+07	-32.965
-9.5e+06	-32.789
-9e+06	-32.723
-8.5e+06	-32.703
-8e+06	-32.698
-7.5e+06	-32.685
-7e+06	-32.682
-6.5e+06	-32.681
-6e+06	-32.681
-5.5e+06	-32.68
-5e+06	-32.678
-4.5e+06	-32.664
-4e+06	-32.661
-3.5e+06	-32.658
-3e+06	-32.653
-2.5e+06	-32.647
-2e+06	-32.64
-1.5e+06	-32.622
-1e+06	-32.616
-5e+05	-32.606
0	-32.635
5e+05	-32.607
1e+06	-32.622
1.5e+06	-32.634
2e+06	-32.646
2.5e+06	-32.656
3e+06	-32.666
3.5e+06	-32.676
4e+06	-32.673
4.5e+06	-32.682
5e+06	-32.69
5.5e+06	-32.698
6e+06	-32.703
6.5e+06	-32.708
7e+06	-32.714
7.5e+06	-32.721
8e+06	-32.731
8.5e+06	-32.743
9e+06	-32.768
9.5e+06	-32.841
1e+07	-33.025
1.05e+07	-33.405
1.1e+07	-34.078
1.15e+07	-35.171
1.2e+07	-36.782
