-1.2e+07	-41.583
-1.15e+07	-40.007
-1.1e+07	-38.935
-1.05e+07	-38.268
-1e+07	-37.9
-9.5e+06	-37.726
-9e+06	-37.672
-8.5e+06	-37.654
-8e+06	-37.649
-7.5e+06	-37.646
-7e+06	-37.634
-6.5e+06	-37.633
-6e+06	-37.635
-5.5e+06	-37.635
-5e+06	-37.633
-4.5e+06	-37.631
-4e+06	-37.628
-3.5e+06	-37.625
-3e+06	-37.631
-2.5e+06	-37.627
-2e+06	-37.62
-1.5e+06	-37.615
-1e+06	-37.609
-5e+05	-37.6
0	-37.127
5e+05	-37.591
1e+06	-37.611
1.5e+06	-37.624
2e+06	-37.636
2.5e+06	-37.647
3e+06	-37.657
3.5e+06	-37.668
4e+06	-37.676
4.5e+06	-37.684
5e+06	-37.693
5.5e+06	-37.7
6e+06	-37.704
6.5e+06	-37.709
7e+06	-37.714
7.5e+06	-37.721
8e+06	-37.729
8.5e+06	-37.739
9e+06	-37.763
9.5e+06	-37.833
1e+07	-38.013
1.05e+07	-38.386
1.1e+07	-39.058
1.15e+07	-40.134
1.2e+07	-41.716
