-1.2e+07	4.3511
-1.15e+07	2.7527
-1.1e+07	1.6682
-1.05e+07	0.99485
-1e+07	0.6217
-9.5e+06	0.43614
-9e+06	0.36878
-8.5e+06	0.34827
-8e+06	0.34242
-7.5e+06	0.3369
-7e+06	0.33314
-6.5e+06	0.33093
-6e+06	0.3202
-5.5e+06	0.30766
-5e+06	0.3028
-4.5e+06	0.29721
-4e+06	0.29008
-3.5e+06	0.28192
-3e+06	0.27431
-2.5e+06	0.2652
-2e+06	0.25453
-1.5e+06	0.23321
-1e+06	0.22298
-5e+05	0.20752
0	-0.28492
5e+05	0.19786
1e+06	0.20771
1.5e+06	0.21322
2e+06	0.21888
2.5e+06	0.22396
3e+06	0.22787
3.5e+06	0.2305
4e+06	0.22236
4.5e+06	0.22388
5e+06	0.22471
5.5e+06	0.2244
6e+06	0.2226
6.5e+06	0.21953
7e+06	0.21731
7.5e+06	0.21644
8e+06	0.21841
8.5e+06	0.23163
9e+06	0.24709
9.5e+06	0.31093
1e+07	0.48482
1.05e+07	0.85556
1.1e+07	1.5177
1.15e+07	2.6008
1.2e+07	4.1982
