-1.2e+07	-5.8278
-1.15e+07	-7.4026
-1.1e+07	-8.4732
-1.05e+07	-9.141
-1e+07	-9.5102
-9.5e+06	-9.6869
-9e+06	-9.755
-8.5e+06	-9.7751
-8e+06	-9.7825
-7.5e+06	-9.7876
-7e+06	-9.7917
-6.5e+06	-9.794
-6e+06	-9.7952
-5.5e+06	-9.7972
-5e+06	-9.8
-4.5e+06	-9.805
-4e+06	-9.8104
-3.5e+06	-9.8151
-3e+06	-9.8205
-2.5e+06	-9.8266
-2e+06	-9.8351
-1.5e+06	-9.843
-1e+06	-9.8507
-5e+05	-9.8623
0	-9.9067
5e+05	-9.8739
1e+06	-9.8563
1.5e+06	-9.8452
2e+06	-9.8344
2.5e+06	-9.8239
3e+06	-9.825
3.5e+06	-9.8172
4e+06	-9.8108
4.5e+06	-9.8036
5e+06	-9.7973
5.5e+06	-9.7922
6e+06	-9.7984
6.5e+06	-9.7952
7e+06	-9.7918
7.5e+06	-9.7857
8e+06	-9.7796
8.5e+06	-9.7813
9e+06	-9.7589
9.5e+06	-9.6897
1e+07	-9.5123
1.05e+07	-9.141
1.1e+07	-8.4715
1.15e+07	-7.3994
1.2e+07	-5.8235
