-1.2e+07	9.2718
-1.15e+07	7.6984
-1.1e+07	6.6294
-1.05e+07	5.962
-1e+07	5.5923
-9.5e+06	5.4164
-9e+06	5.3494
-8.5e+06	5.3295
-8e+06	5.3229
-7.5e+06	5.3181
-7e+06	5.3139
-6.5e+06	5.3122
-6e+06	5.3113
-5.5e+06	5.31
-5e+06	5.3063
-4.5e+06	5.3029
-4e+06	5.2989
-3.5e+06	5.2937
-3e+06	5.2891
-2.5e+06	5.2825
-2e+06	5.2751
-1.5e+06	5.2679
-1e+06	5.2601
-5e+05	5.2499
0	4.725
5e+05	5.239
1e+06	5.2571
1.5e+06	5.2692
2e+06	5.2799
2.5e+06	5.2904
3e+06	5.2896
3.5e+06	5.2978
4e+06	5.3048
4.5e+06	5.3122
5e+06	5.3196
5.5e+06	5.3251
6e+06	5.3292
6.5e+06	5.3219
7e+06	5.3259
7.5e+06	5.3318
8e+06	5.3383
8.5e+06	5.3366
9e+06	5.3587
9.5e+06	5.4272
1e+07	5.6039
1.05e+07	5.9772
1.1e+07	6.6457
1.15e+07	7.718
1.2e+07	9.293
