-1.2e+07	-39.697
-1.15e+07	-38.113
-1.1e+07	-37.042
-1.05e+07	-36.375
-1e+07	-36.009
-9.5e+06	-35.839
-9e+06	-35.779
-8.5e+06	-35.765
-8e+06	-35.765
-7.5e+06	-35.765
-7e+06	-35.768
-6.5e+06	-35.772
-6e+06	-35.777
-5.5e+06	-35.781
-5e+06	-35.784
-4.5e+06	-35.785
-4e+06	-35.787
-3.5e+06	-35.787
-3e+06	-35.787
-2.5e+06	-35.785
-2e+06	-35.784
-1.5e+06	-35.78
-1e+06	-35.778
-5e+05	-35.772
0	-35.367
5e+05	-35.775
1e+06	-35.794
1.5e+06	-35.809
2e+06	-35.823
2.5e+06	-35.837
3e+06	-35.84
3.5e+06	-35.852
4e+06	-35.863
4.5e+06	-35.864
5e+06	-35.874
5.5e+06	-35.882
6e+06	-35.888
6.5e+06	-35.893
7e+06	-35.899
7.5e+06	-35.907
8e+06	-35.915
8.5e+06	-35.916
9e+06	-35.94
9.5e+06	-36.011
1e+07	-36.191
1.05e+07	-36.568
1.1e+07	-37.243
1.15e+07	-38.325
1.2e+07	-39.917
