-1.2e+07	5.3891
-1.15e+07	3.7955
-1.1e+07	2.7152
-1.05e+07	2.0427
-1e+07	1.6525
-9.5e+06	1.4769
-9e+06	1.4107
-8.5e+06	1.3924
-8e+06	1.387
-7.5e+06	1.3845
-7e+06	1.3727
-6.5e+06	1.3725
-6e+06	1.3827
-5.5e+06	1.3828
-5e+06	1.3811
-4.5e+06	1.3784
-4e+06	1.3662
-3.5e+06	1.3625
-3e+06	1.3574
-2.5e+06	1.3518
-2e+06	1.3458
-1.5e+06	1.34
-1e+06	1.3244
-5e+05	1.3155
0	0.95742
5e+05	1.3118
1e+06	1.3285
1.5e+06	1.3409
2e+06	1.3517
2.5e+06	1.3629
3e+06	1.372
3.5e+06	1.382
4e+06	1.4003
4.5e+06	1.4089
5e+06	1.4165
5.5e+06	1.424
6e+06	1.4288
6.5e+06	1.4326
7e+06	1.438
7.5e+06	1.4456
8e+06	1.4536
8.5e+06	1.4541
9e+06	1.4788
9.5e+06	1.5493
1e+07	1.7293
1.05e+07	2.1077
1.1e+07	2.7951
1.15e+07	3.8811
1.2e+07	5.4793
