-1.2e+07	-5.9939
-1.15e+07	-7.5688
-1.1e+07	-8.6395
-1.05e+07	-9.3072
-1e+07	-9.6782
-9.5e+06	-9.8538
-9e+06	-9.9322
-8.5e+06	-9.9533
-8e+06	-9.9618
-7.5e+06	-9.9672
-7e+06	-9.9738
-6.5e+06	-9.9779
-6e+06	-9.9806
-5.5e+06	-9.9843
-5e+06	-9.99
-4.5e+06	-9.9969
-4e+06	-10.004
-3.5e+06	-10.012
-3e+06	-10.032
-2.5e+06	-10.041
-2e+06	-10.052
-1.5e+06	-10.064
-1e+06	-10.075
-5e+05	-10.091
0	-10.051
5e+05	-10.111
1e+06	-10.098
1.5e+06	-10.092
2e+06	-10.086
2.5e+06	-10.081
3e+06	-10.076
3.5e+06	-10.084
4e+06	-10.082
4.5e+06	-10.08
5e+06	-10.078
5.5e+06	-10.078
6e+06	-10.079
6.5e+06	-10.091
7e+06	-10.092
7.5e+06	-10.092
8e+06	-10.089
8.5e+06	-10.086
9e+06	-10.067
9.5e+06	-10.014
1e+07	-9.8404
1.05e+07	-9.4727
1.1e+07	-8.8066
1.15e+07	-7.7373
1.2e+07	-6.1623
