-1.2e+07	10.568
-1.15e+07	9.0106
-1.1e+07	7.9533
-1.05e+07	7.2958
-1e+07	6.9334
-9.5e+06	6.7648
-9e+06	6.6924
-8.5e+06	6.678
-8e+06	6.6669
-7.5e+06	6.6679
-7e+06	6.6698
-6.5e+06	6.6742
-6e+06	6.6784
-5.5e+06	6.6828
-5e+06	6.684
-4.5e+06	6.6861
-4e+06	6.6873
-3.5e+06	6.6881
-3e+06	6.6784
-2.5e+06	6.677
-2e+06	6.6752
-1.5e+06	6.6742
-1e+06	6.6726
-5e+05	6.6672
0	6.8133
5e+05	6.6648
1e+06	6.6897
1.5e+06	6.7077
2e+06	6.7236
2.5e+06	6.7396
3e+06	6.7557
3.5e+06	6.7593
4e+06	6.7724
4.5e+06	6.7855
5e+06	6.7982
5.5e+06	6.8101
6e+06	6.8302
6.5e+06	6.8393
7e+06	6.8492
7.5e+06	6.8609
8e+06	6.8741
8.5e+06	6.8897
9e+06	6.9183
9.5e+06	6.9827
1e+07	7.165
1.05e+07	7.5417
1.1e+07	8.2129
1.15e+07	9.283
1.2e+07	10.85
