-1.2e+07	-30.624
-1.15e+07	-29.088
-1.1e+07	-28.043
-1.05e+07	-27.392
-1e+07	-27.033
-9.5e+06	-26.865
-9e+06	-26.805
-8.5e+06	-26.79
-8e+06	-26.789
-7.5e+06	-26.79
-7e+06	-26.791
-6.5e+06	-26.794
-6e+06	-26.798
-5.5e+06	-26.801
-5e+06	-26.813
-4.5e+06	-26.812
-4e+06	-26.811
-3.5e+06	-26.811
-3e+06	-26.811
-2.5e+06	-26.808
-2e+06	-26.804
-1.5e+06	-26.8
-1e+06	-26.796
-5e+05	-26.788
0	-27.143
5e+05	-26.78
1e+06	-26.803
1.5e+06	-26.818
2e+06	-26.832
2.5e+06	-26.847
3e+06	-26.86
3.5e+06	-26.871
4e+06	-26.882
4.5e+06	-26.893
5e+06	-26.903
5.5e+06	-26.902
6e+06	-26.909
6.5e+06	-26.916
7e+06	-26.923
7.5e+06	-26.932
8e+06	-26.943
8.5e+06	-26.955
9e+06	-26.981
9.5e+06	-27.053
1e+07	-27.232
1.05e+07	-27.602
1.1e+07	-28.265
1.15e+07	-29.321
1.2e+07	-30.867
