-1.2e+07	-13.081
-1.15e+07	-14.69
-1.1e+07	-15.782
-1.05e+07	-16.463
-1e+07	-16.84
-9.5e+06	-17.02
-9e+06	-17.089
-8.5e+06	-17.111
-8e+06	-17.118
-7.5e+06	-17.126
-7e+06	-17.131
-6.5e+06	-17.133
-6e+06	-17.147
-5.5e+06	-17.15
-5e+06	-17.154
-4.5e+06	-17.159
-4e+06	-17.165
-3.5e+06	-17.183
-3e+06	-17.189
-2.5e+06	-17.197
-2e+06	-17.205
-1.5e+06	-17.213
-1e+06	-17.232
-5e+05	-17.243
0	-17.453
5e+05	-17.24
1e+06	-17.228
1.5e+06	-17.219
2e+06	-17.221
2.5e+06	-17.21
3e+06	-17.201
3.5e+06	-17.192
4e+06	-17.186
4.5e+06	-17.178
5e+06	-17.169
5.5e+06	-17.162
6e+06	-17.169
6.5e+06	-17.177
7e+06	-17.171
7.5e+06	-17.164
8e+06	-17.154
8.5e+06	-17.144
9e+06	-17.119
9.5e+06	-17.046
1e+07	-16.863
1.05e+07	-16.483
1.1e+07	-15.799
1.15e+07	-14.704
1.2e+07	-13.089
