-2.4e+07	-43.551
-2.3e+07	-40.769
-2.2e+07	-38.219
-2.1e+07	-36.074
-2e+07	-34.467
-1.9e+07	-33.374
-1.8e+07	-32.665
-1.7e+07	-32.181
-1.6e+07	-31.815
-1.5e+07	-31.501
-1.4e+07	-31.25
-1.3e+07	-31.044
-1.2e+07	-30.888
-1.1e+07	-30.766
-1e+07	-30.701
-9e+06	-30.669
-8e+06	-30.66
-7e+06	-30.664
-6e+06	-30.659
-5e+06	-30.664
-4e+06	-30.666
-3e+06	-30.662
-2e+06	-30.643
-1e+06	-30.637
0	-30.369
1e+06	-30.655
2e+06	-30.678
3e+06	-30.699
4e+06	-30.719
5e+06	-30.734
6e+06	-30.744
7e+06	-30.754
8e+06	-30.767
9e+06	-30.792
1e+07	-30.828
1.1e+07	-30.912
1.2e+07	-31.039
1.3e+07	-31.214
1.4e+07	-31.438
1.5e+07	-31.71
1.6e+07	-32.017
1.7e+07	-32.403
1.8e+07	-32.907
1.9e+07	-33.636
2e+07	-34.747
2.1e+07	-36.376
2.2e+07	-38.527
2.3e+07	-41.095
2.4e+07	-43.886
