-2.4e+07	9.416
-2.3e+07	6.6323
-2.2e+07	4.0788
-2.1e+07	1.9313
-2e+07	0.30724
-1.9e+07	-0.78174
-1.8e+07	-1.4892
-1.7e+07	-1.9722
-1.6e+07	-2.3376
-1.5e+07	-2.6495
-1.4e+07	-2.8986
-1.3e+07	-3.1038
-1.2e+07	-3.2476
-1.1e+07	-3.3681
-1e+07	-3.433
-9e+06	-3.4629
-8e+06	-3.4701
-7e+06	-3.4659
-6e+06	-3.4579
-5e+06	-3.4517
-4e+06	-3.4491
-3e+06	-3.4524
-2e+06	-3.4691
-1e+06	-3.4754
0	-3.4851
1e+06	-3.4555
2e+06	-3.4313
3e+06	-3.4094
4e+06	-3.4018
5e+06	-3.3872
6e+06	-3.3768
7e+06	-3.3681
8e+06	-3.3561
9e+06	-3.3311
1e+07	-3.2965
1.1e+07	-3.2144
1.2e+07	-3.0887
1.3e+07	-2.9151
1.4e+07	-2.6922
1.5e+07	-2.4233
1.6e+07	-2.1175
1.7e+07	-1.7325
1.8e+07	-1.23
1.9e+07	-0.50195
2e+07	0.60773
2.1e+07	2.2375
2.2e+07	4.3934
2.3e+07	6.9615
2.4e+07	9.7601
