-2.4e+07	-29.251
-2.3e+07	-26.475
-2.2e+07	-23.924
-2.1e+07	-21.776
-2e+07	-20.162
-1.9e+07	-19.067
-1.8e+07	-18.353
-1.7e+07	-17.863
-1.6e+07	-17.49
-1.5e+07	-17.184
-1.4e+07	-16.913
-1.3e+07	-16.703
-1.2e+07	-16.539
-1.1e+07	-16.425
-1e+07	-16.353
-9e+06	-16.317
-8e+06	-16.305
-7e+06	-16.305
-6e+06	-16.309
-5e+06	-16.311
-4e+06	-16.298
-3e+06	-16.294
-2e+06	-16.288
-1e+06	-16.28
0	-16.227
1e+06	-16.303
2e+06	-16.329
3e+06	-16.354
4e+06	-16.364
5e+06	-16.372
6e+06	-16.388
7e+06	-16.404
8e+06	-16.423
9e+06	-16.454
1e+07	-16.508
1.1e+07	-16.586
1.2e+07	-16.718
1.3e+07	-16.9
1.4e+07	-17.129
1.5e+07	-17.405
1.6e+07	-17.728
1.7e+07	-18.117
1.8e+07	-18.612
1.9e+07	-19.342
2e+07	-20.45
2.1e+07	-22.08
2.2e+07	-24.241
2.3e+07	-26.8
2.4e+07	-29.583
