-2.4e+07	-4.316
-2.3e+07	-7.0902
-2.2e+07	-9.6358
-2.1e+07	-11.782
-2e+07	-13.395
-1.9e+07	-14.491
-1.8e+07	-15.207
-1.7e+07	-15.698
-1.6e+07	-16.071
-1.5e+07	-16.38
-1.4e+07	-16.637
-1.3e+07	-16.85
-1.2e+07	-17.013
-1.1e+07	-17.129
-1e+07	-17.2
-9e+06	-17.236
-8e+06	-17.25
-7e+06	-17.25
-6e+06	-17.245
-5e+06	-17.242
-4e+06	-17.256
-3e+06	-17.26
-2e+06	-17.265
-1e+06	-17.273
0	-17.26
1e+06	-17.25
2e+06	-17.224
3e+06	-17.199
4e+06	-17.187
5e+06	-17.168
6e+06	-17.151
7e+06	-17.136
8e+06	-17.117
9e+06	-17.085
1e+07	-17.028
1.1e+07	-16.953
1.2e+07	-16.821
1.3e+07	-16.64
1.4e+07	-16.409
1.5e+07	-16.133
1.6e+07	-15.81
1.7e+07	-15.432
1.8e+07	-14.925
1.9e+07	-14.196
2e+07	-13.085
2.1e+07	-11.459
2.2e+07	-9.3005
2.3e+07	-6.7453
2.4e+07	-3.9623
