-2.4e+07	-4.0458
-2.3e+07	-6.8131
-2.2e+07	-9.3534
-2.1e+07	-11.493
-2e+07	-13.101
-1.9e+07	-14.188
-1.8e+07	-14.91
-1.7e+07	-15.395
-1.6e+07	-15.776
-1.5e+07	-16.077
-1.4e+07	-16.332
-1.3e+07	-16.541
-1.2e+07	-16.701
-1.1e+07	-16.813
-1e+07	-16.884
-9e+06	-16.92
-8e+06	-16.935
-7e+06	-16.938
-6e+06	-16.949
-5e+06	-16.951
-4e+06	-16.958
-3e+06	-16.97
-2e+06	-16.985
-1e+06	-17.002
0	-17.289
1e+06	-17.01
2e+06	-16.999
3e+06	-16.99
4e+06	-16.986
5e+06	-16.985
6e+06	-16.989
7e+06	-16.995
8e+06	-16.999
9e+06	-16.99
1e+07	-16.971
1.1e+07	-16.894
1.2e+07	-16.787
1.3e+07	-16.63
1.4e+07	-16.425
1.5e+07	-16.174
1.6e+07	-15.888
1.7e+07	-15.523
1.8e+07	-15.041
1.9e+07	-14.333
2e+07	-13.245
2.1e+07	-11.639
2.2e+07	-9.5126
2.3e+07	-6.9727
2.4e+07	-4.2049
