-2.4e+07	10.71
-2.3e+07	7.9435
-2.2e+07	5.4004
-2.1e+07	3.258
-2e+07	1.6486
-1.9e+07	0.55866
-1.8e+07	-0.16333
-1.7e+07	-0.64943
-1.6e+07	-1.0181
-1.5e+07	-1.3216
-1.4e+07	-1.5881
-1.3e+07	-1.7973
-1.2e+07	-1.9586
-1.1e+07	-2.0713
-1e+07	-2.141
-9e+06	-2.1785
-8e+06	-2.1928
-7e+06	-2.1955
-6e+06	-2.2064
-5e+06	-2.207
-4e+06	-2.226
-3e+06	-2.2366
-2e+06	-2.2513
-1e+06	-2.2669
0	-2.5129
1e+06	-2.2718
2e+06	-2.2595
3e+06	-2.2381
4e+06	-2.2423
5e+06	-2.2392
6e+06	-2.2412
7e+06	-2.2453
8e+06	-2.2342
9e+06	-2.2239
1e+07	-2.203
1.1e+07	-2.1341
1.2e+07	-2.0236
1.3e+07	-1.8534
1.4e+07	-1.6468
1.5e+07	-1.3939
1.6e+07	-1.1047
1.7e+07	-0.73908
1.8e+07	-0.24233
1.9e+07	0.46656
2e+07	1.5558
2.1e+07	3.1644
2.2e+07	5.292
2.3e+07	7.8472
2.4e+07	10.611
