-2.4e+07	-44.728
-2.3e+07	-41.938
-2.2e+07	-39.384
-2.1e+07	-37.218
-2e+07	-35.593
-1.9e+07	-34.489
-1.8e+07	-33.751
-1.7e+07	-33.249
-1.6e+07	-32.853
-1.5e+07	-32.533
-1.4e+07	-32.264
-1.3e+07	-32.028
-1.2e+07	-31.853
-1.1e+07	-31.726
-1e+07	-31.643
-9e+06	-31.595
-8e+06	-31.57
-7e+06	-31.559
-6e+06	-31.54
-5e+06	-31.532
-4e+06	-31.522
-3e+06	-31.497
-2e+06	-31.481
-1e+06	-31.453
0	-31.598
1e+06	-31.458
2e+06	-31.465
3e+06	-31.483
4e+06	-31.5
5e+06	-31.514
6e+06	-31.514
7e+06	-31.513
8e+06	-31.529
9e+06	-31.558
1e+07	-31.612
1.1e+07	-31.699
1.2e+07	-31.832
1.3e+07	-32.013
1.4e+07	-32.232
1.5e+07	-32.509
1.6e+07	-32.836
1.7e+07	-33.229
1.8e+07	-33.728
1.9e+07	-34.452
2e+07	-35.567
2.1e+07	-37.2
2.2e+07	-39.354
2.3e+07	-41.917
2.4e+07	-44.704
