-2.4e+07	-29.563
-2.3e+07	-26.77
-2.2e+07	-24.223
-2.1e+07	-22.052
-2e+07	-20.423
-1.9e+07	-19.315
-1.8e+07	-18.574
-1.7e+07	-18.08
-1.6e+07	-17.682
-1.5e+07	-17.36
-1.4e+07	-17.087
-1.3e+07	-16.848
-1.2e+07	-16.682
-1.1e+07	-16.541
-1e+07	-16.455
-9e+06	-16.405
-8e+06	-16.378
-7e+06	-16.365
-6e+06	-16.357
-5e+06	-16.349
-4e+06	-16.336
-3e+06	-16.31
-2e+06	-16.306
-1e+06	-16.278
0	-16.331
1e+06	-16.281
2e+06	-16.277
3e+06	-16.295
4e+06	-16.312
5e+06	-16.327
6e+06	-16.316
7e+06	-16.327
8e+06	-16.342
9e+06	-16.36
1e+07	-16.414
1.1e+07	-16.504
1.2e+07	-16.637
1.3e+07	-16.807
1.4e+07	-17.027
1.5e+07	-17.305
1.6e+07	-17.62
1.7e+07	-18.013
1.8e+07	-18.513
1.9e+07	-19.237
2e+07	-20.353
2.1e+07	-21.989
2.2e+07	-24.146
2.3e+07	-26.711
2.4e+07	-29.499
