-2.4e+07	11.001
-2.3e+07	8.2331
-2.2e+07	5.6924
-2.1e+07	3.5517
-2e+07	1.9446
-1.9e+07	0.85201
-1.8e+07	0.13036
-1.7e+07	-0.35532
-1.6e+07	-0.72295
-1.5e+07	-1.0363
-1.4e+07	-1.2899
-1.3e+07	-1.4977
-1.2e+07	-1.6788
-1.1e+07	-1.7901
-1e+07	-1.8578
-9e+06	-1.8915
-8e+06	-1.9133
-7e+06	-1.913
-6e+06	-1.9076
-5e+06	-1.9166
-4e+06	-1.9183
-3e+06	-1.9248
-2e+06	-1.9345
-1e+06	-1.9564
0	-1.7297
1e+06	-1.9533
2e+06	-1.9352
3e+06	-1.9196
4e+06	-1.9059
5e+06	-1.8982
6e+06	-1.8933
7e+06	-1.9024
8e+06	-1.8864
9e+06	-1.8698
1e+07	-1.829
1.1e+07	-1.7551
1.2e+07	-1.6378
1.3e+07	-1.4721
1.4e+07	-1.2579
1.5e+07	-0.99751
1.6e+07	-0.69843
1.7e+07	-0.31163
1.8e+07	0.1816
1.9e+07	0.90046
2e+07	1.9989
2.1e+07	3.6074
2.2e+07	5.7691
2.3e+07	8.319
2.4e+07	11.098
