-2.4e+07	-44.888
-2.3e+07	-42.126
-2.2e+07	-39.587
-2.1e+07	-37.45
-2e+07	-35.844
-1.9e+07	-34.753
-1.8e+07	-34.031
-1.7e+07	-33.544
-1.6e+07	-33.176
-1.5e+07	-32.872
-1.4e+07	-32.619
-1.3e+07	-32.41
-1.2e+07	-32.238
-1.1e+07	-32.125
-1e+07	-32.056
-9e+06	-32.019
-8e+06	-32.005
-7e+06	-32.004
-6e+06	-31.995
-5e+06	-31.994
-4e+06	-31.989
-3e+06	-31.98
-2e+06	-31.968
-1e+06	-31.953
0	-32.144
1e+06	-31.951
2e+06	-31.967
3e+06	-31.97
4e+06	-31.981
5e+06	-31.987
6e+06	-31.99
7e+06	-31.979
8e+06	-31.984
9e+06	-32
1e+07	-32.039
1.1e+07	-32.114
1.2e+07	-32.232
1.3e+07	-32.399
1.4e+07	-32.615
1.5e+07	-32.878
1.6e+07	-33.177
1.7e+07	-33.566
1.8e+07	-34.062
1.9e+07	-34.783
2e+07	-35.884
2.1e+07	-37.493
2.2e+07	-39.645
2.3e+07	-42.198
2.4e+07	-44.977
