-2.4e+07	11.842
-2.3e+07	9.0591
-2.2e+07	6.5006
-2.1e+07	4.3517
-2e+07	2.7184
-1.9e+07	1.5915
-1.8e+07	0.85314
-1.7e+07	0.33941
-1.6e+07	-0.056447
-1.5e+07	-0.388
-1.4e+07	-0.66926
-1.3e+07	-0.90461
-1.2e+07	-1.1022
-1.1e+07	-1.2285
-1e+07	-1.319
-9e+06	-1.3764
-8e+06	-1.4207
-7e+06	-1.4288
-6e+06	-1.4417
-5e+06	-1.4668
-4e+06	-1.4821
-3e+06	-1.4992
-2e+06	-1.505
-1e+06	-1.5339
0	-1.7332
1e+06	-1.5682
2e+06	-1.5464
3e+06	-1.525
4e+06	-1.5034
5e+06	-1.4844
6e+06	-1.4763
7e+06	-1.4575
8e+06	-1.4336
9e+06	-1.3941
1e+07	-1.3294
1.1e+07	-1.2288
1.2e+07	-1.0826
1.3e+07	-0.88698
1.4e+07	-0.64124
1.5e+07	-0.34824
1.6e+07	-0.0055276
1.7e+07	0.39139
1.8e+07	0.91874
1.9e+07	1.6711
2e+07	2.8035
2.1e+07	4.4511
2.2e+07	6.627
2.3e+07	9.1994
2.4e+07	11.986
