-2.4e+07	-45.705
-2.3e+07	-42.924
-2.2e+07	-40.37
-2.1e+07	-38.214
-2e+07	-36.585
-1.9e+07	-35.463
-1.8e+07	-34.728
-1.7e+07	-34.216
-1.6e+07	-33.821
-1.5e+07	-33.492
-1.4e+07	-33.211
-1.3e+07	-32.977
-1.2e+07	-32.781
-1.1e+07	-32.646
-1e+07	-32.553
-9e+06	-32.496
-8e+06	-32.453
-7e+06	-32.434
-6e+06	-32.421
-5e+06	-32.408
-4e+06	-32.392
-3e+06	-32.374
-2e+06	-32.355
-1e+06	-32.327
0	-32.241
1e+06	-32.291
2e+06	-32.311
3e+06	-32.333
4e+06	-32.354
5e+06	-32.373
6e+06	-32.391
7e+06	-32.409
8e+06	-32.434
9e+06	-32.472
1e+07	-32.536
1.1e+07	-32.636
1.2e+07	-32.781
1.3e+07	-32.977
1.4e+07	-33.221
1.5e+07	-33.515
1.6e+07	-33.855
1.7e+07	-34.252
1.8e+07	-34.779
1.9e+07	-35.529
2e+07	-36.659
2.1e+07	-38.304
2.2e+07	-40.476
2.3e+07	-43.046
2.4e+07	-45.831
