-2.4e+07	-30.693
-2.3e+07	-27.934
-2.2e+07	-25.39
-2.1e+07	-23.243
-2e+07	-21.628
-1.9e+07	-20.526
-1.8e+07	-19.807
-1.7e+07	-19.312
-1.6e+07	-18.926
-1.5e+07	-18.617
-1.4e+07	-18.357
-1.3e+07	-18.145
-1.2e+07	-17.971
-1.1e+07	-17.858
-1e+07	-17.789
-9e+06	-17.754
-8e+06	-17.744
-7e+06	-17.747
-6e+06	-17.754
-5e+06	-17.749
-4e+06	-17.75
-3e+06	-17.748
-2e+06	-17.744
-1e+06	-17.739
0	-17.197
1e+06	-17.755
2e+06	-17.781
3e+06	-17.793
4e+06	-17.814
5e+06	-17.821
6e+06	-17.832
7e+06	-17.842
8e+06	-17.844
9e+06	-17.868
1e+07	-17.916
1.1e+07	-17.996
1.2e+07	-18.12
1.3e+07	-18.28
1.4e+07	-18.488
1.5e+07	-18.753
1.6e+07	-19.064
1.7e+07	-19.441
1.8e+07	-19.925
1.9e+07	-20.643
2e+07	-21.737
2.1e+07	-23.349
2.2e+07	-25.487
2.3e+07	-28.001
2.4e+07	-30.757
