-2.4e+07	-2.8355
-2.3e+07	-5.6012
-2.2e+07	-8.143
-2.1e+07	-10.29
-2e+07	-11.906
-1.9e+07	-13.004
-1.8e+07	-13.723
-1.7e+07	-14.218
-1.6e+07	-14.603
-1.5e+07	-14.913
-1.4e+07	-15.172
-1.3e+07	-15.384
-1.2e+07	-15.559
-1.1e+07	-15.672
-1e+07	-15.741
-9e+06	-15.776
-8e+06	-15.787
-7e+06	-15.785
-6e+06	-15.778
-5e+06	-15.774
-4e+06	-15.772
-3e+06	-15.775
-2e+06	-15.779
-1e+06	-15.786
0	-15.71
1e+06	-15.77
2e+06	-15.745
3e+06	-15.733
4e+06	-15.714
5e+06	-15.699
6e+06	-15.687
7e+06	-15.678
8e+06	-15.676
9e+06	-15.653
1e+07	-15.606
1.1e+07	-15.526
1.2e+07	-15.403
1.3e+07	-15.243
1.4e+07	-15.024
1.5e+07	-14.759
1.6e+07	-14.449
1.7e+07	-14.071
1.8e+07	-13.577
1.9e+07	-12.86
2e+07	-11.762
2.1e+07	-10.155
2.2e+07	-8.0181
2.3e+07	-5.4954
2.4e+07	-2.7477
