-2.4e+07	-45.89
-2.3e+07	-43.13
-2.2e+07	-40.583
-2.1e+07	-38.428
-2e+07	-36.792
-1.9e+07	-35.678
-1.8e+07	-34.942
-1.7e+07	-34.43
-1.6e+07	-34.033
-1.5e+07	-33.693
-1.4e+07	-33.41
-1.3e+07	-33.173
-1.2e+07	-32.984
-1.1e+07	-32.832
-1e+07	-32.736
-9e+06	-32.671
-8e+06	-32.631
-7e+06	-32.604
-6e+06	-32.571
-5e+06	-32.549
-4e+06	-32.522
-3e+06	-32.492
-2e+06	-32.452
-1e+06	-32.42
0	-32.478
1e+06	-32.391
2e+06	-32.397
3e+06	-32.392
4e+06	-32.396
5e+06	-32.399
6e+06	-32.399
7e+06	-32.389
8e+06	-32.395
9e+06	-32.416
1e+07	-32.461
1.1e+07	-32.532
1.2e+07	-32.66
1.3e+07	-32.837
1.4e+07	-33.064
1.5e+07	-33.33
1.6e+07	-33.654
1.7e+07	-34.047
1.8e+07	-34.557
1.9e+07	-35.283
2e+07	-36.401
2.1e+07	-38.031
2.2e+07	-40.193
2.3e+07	-42.74
2.4e+07	-45.519
