-2.4e+07	-30.844
-2.3e+07	-28.08
-2.2e+07	-25.522
-2.1e+07	-23.37
-2e+07	-21.734
-1.9e+07	-20.624
-1.8e+07	-19.89
-1.7e+07	-19.38
-1.6e+07	-18.986
-1.5e+07	-18.647
-1.4e+07	-18.365
-1.3e+07	-18.118
-1.2e+07	-17.931
-1.1e+07	-17.78
-1e+07	-17.683
-9e+06	-17.62
-8e+06	-17.579
-7e+06	-17.552
-6e+06	-17.518
-5e+06	-17.493
-4e+06	-17.455
-3e+06	-17.424
-2e+06	-17.381
-1e+06	-17.348
0	-16.864
1e+06	-17.316
2e+06	-17.32
3e+06	-17.323
4e+06	-17.326
5e+06	-17.327
6e+06	-17.326
7e+06	-17.325
8e+06	-17.33
9e+06	-17.35
1e+07	-17.395
1.1e+07	-17.465
1.2e+07	-17.602
1.3e+07	-17.779
1.4e+07	-18.006
1.5e+07	-18.271
1.6e+07	-18.605
1.7e+07	-18.998
1.8e+07	-19.509
1.9e+07	-20.235
2e+07	-21.352
2.1e+07	-22.995
2.2e+07	-25.155
2.3e+07	-27.706
2.4e+07	-30.482
