-2.4e+07	-30.142
-2.3e+07	-27.368
-2.2e+07	-24.813
-2.1e+07	-22.658
-2e+07	-21.045
-1.9e+07	-19.941
-1.8e+07	-19.217
-1.7e+07	-18.719
-1.6e+07	-18.341
-1.5e+07	-18.041
-1.4e+07	-17.781
-1.3e+07	-17.569
-1.2e+07	-17.406
-1.1e+07	-17.304
-1e+07	-17.236
-9e+06	-17.204
-8e+06	-17.186
-7e+06	-17.191
-6e+06	-17.213
-5e+06	-17.223
-4e+06	-17.231
-3e+06	-17.235
-2e+06	-17.248
-1e+06	-17.249
0	-17.054
1e+06	-17.283
2e+06	-17.308
3e+06	-17.341
4e+06	-17.372
5e+06	-17.398
6e+06	-17.411
7e+06	-17.432
8e+06	-17.456
9e+06	-17.492
1e+07	-17.54
1.1e+07	-17.632
1.2e+07	-17.768
1.3e+07	-17.95
1.4e+07	-18.17
1.5e+07	-18.445
1.6e+07	-18.769
1.7e+07	-19.156
1.8e+07	-19.65
1.9e+07	-20.367
2e+07	-21.47
2.1e+07	-23.092
2.2e+07	-25.228
2.3e+07	-27.772
2.4e+07	-30.535
