-2.4e+07	-45.234
-2.3e+07	-42.464
-2.2e+07	-39.911
-2.1e+07	-37.76
-2e+07	-36.139
-1.9e+07	-35.038
-1.8e+07	-34.317
-1.7e+07	-33.821
-1.6e+07	-33.444
-1.5e+07	-33.134
-1.4e+07	-32.875
-1.3e+07	-32.664
-1.2e+07	-32.502
-1.1e+07	-32.39
-1e+07	-32.323
-9e+06	-32.291
-8e+06	-32.273
-7e+06	-32.28
-6e+06	-32.29
-5e+06	-32.299
-4e+06	-32.306
-3e+06	-32.31
-2e+06	-32.311
-1e+06	-32.311
0	-32.214
1e+06	-32.341
2e+06	-32.374
3e+06	-32.405
4e+06	-32.432
5e+06	-32.456
6e+06	-32.475
7e+06	-32.492
8e+06	-32.512
9e+06	-32.544
1e+07	-32.6
1.1e+07	-32.686
1.2e+07	-32.818
1.3e+07	-32.996
1.4e+07	-33.222
1.5e+07	-33.493
1.6e+07	-33.811
1.7e+07	-34.194
1.8e+07	-34.694
1.9e+07	-35.406
2e+07	-36.504
2.1e+07	-38.121
2.2e+07	-40.263
2.3e+07	-42.802
2.4e+07	-45.559
