-2.4e+07	-45.685
-2.3e+07	-42.919
-2.2e+07	-40.384
-2.1e+07	-38.245
-2e+07	-36.624
-1.9e+07	-35.53
-1.8e+07	-34.814
-1.7e+07	-34.311
-1.6e+07	-33.934
-1.5e+07	-33.623
-1.4e+07	-33.35
-1.3e+07	-33.133
-1.2e+07	-32.965
-1.1e+07	-32.845
-1e+07	-32.758
-9e+06	-32.716
-8e+06	-32.697
-7e+06	-32.68
-6e+06	-32.677
-5e+06	-32.675
-4e+06	-32.657
-3e+06	-32.647
-2e+06	-32.635
-1e+06	-32.611
0	-32.522
1e+06	-32.617
2e+06	-32.638
3e+06	-32.658
4e+06	-32.667
5e+06	-32.682
6e+06	-32.695
7e+06	-32.707
8e+06	-32.724
9e+06	-32.753
1e+07	-32.808
1.1e+07	-32.886
1.2e+07	-33.019
1.3e+07	-33.202
1.4e+07	-33.433
1.5e+07	-33.711
1.6e+07	-34.039
1.7e+07	-34.422
1.8e+07	-34.924
1.9e+07	-35.658
2e+07	-36.774
2.1e+07	-38.402
2.2e+07	-40.56
2.3e+07	-43.112
2.4e+07	-45.88
