-2.4e+07	-30.748
-2.3e+07	-27.985
-2.2e+07	-25.449
-2.1e+07	-23.3
-2e+07	-21.678
-1.9e+07	-20.581
-1.8e+07	-19.863
-1.7e+07	-19.347
-1.6e+07	-18.968
-1.5e+07	-18.654
-1.4e+07	-18.379
-1.3e+07	-18.15
-1.2e+07	-17.978
-1.1e+07	-17.855
-1e+07	-17.765
-9e+06	-17.708
-8e+06	-17.686
-7e+06	-17.666
-6e+06	-17.661
-5e+06	-17.645
-4e+06	-17.624
-3e+06	-17.61
-2e+06	-17.596
-1e+06	-17.56
0	-17.461
1e+06	-17.561
2e+06	-17.58
3e+06	-17.608
4e+06	-17.615
5e+06	-17.629
6e+06	-17.64
7e+06	-17.65
8e+06	-17.675
9e+06	-17.703
1e+07	-17.755
1.1e+07	-17.832
1.2e+07	-17.964
1.3e+07	-18.155
1.4e+07	-18.384
1.5e+07	-18.661
1.6e+07	-18.986
1.7e+07	-19.377
1.8e+07	-19.887
1.9e+07	-20.62
2e+07	-21.731
2.1e+07	-23.358
2.2e+07	-25.513
2.3e+07	-28.074
2.4e+07	-30.84
