-2.4e+07	-30.844
-2.3e+07	-28.092
-2.2e+07	-25.572
-2.1e+07	-23.441
-2e+07	-21.839
-1.9e+07	-20.757
-1.8e+07	-20.053
-1.7e+07	-19.584
-1.6e+07	-19.224
-1.5e+07	-18.931
-1.4e+07	-18.697
-1.3e+07	-18.501
-1.2e+07	-18.363
-1.1e+07	-18.266
-1e+07	-18.212
-9e+06	-18.194
-8e+06	-18.199
-7e+06	-18.227
-6e+06	-18.25
-5e+06	-18.27
-4e+06	-18.298
-3e+06	-18.31
-2e+06	-18.331
-1e+06	-18.34
0	-18.383
1e+06	-18.386
2e+06	-18.426
3e+06	-18.453
4e+06	-18.487
5e+06	-18.516
6e+06	-18.541
7e+06	-18.552
8e+06	-18.576
9e+06	-18.601
1e+07	-18.659
1.1e+07	-18.748
1.2e+07	-18.88
1.3e+07	-19.058
1.4e+07	-19.273
1.5e+07	-19.542
1.6e+07	-19.86
1.7e+07	-20.24
1.8e+07	-20.737
1.9e+07	-21.445
2e+07	-22.528
2.1e+07	-24.134
2.2e+07	-26.265
2.3e+07	-28.79
2.4e+07	-31.53
