-2.4e+07	-2.4362
-2.3e+07	-5.1798
-2.2e+07	-7.7066
-2.1e+07	-9.8372
-2e+07	-11.436
-1.9e+07	-12.521
-1.8e+07	-13.226
-1.7e+07	-13.706
-1.6e+07	-14.077
-1.5e+07	-14.373
-1.4e+07	-14.608
-1.3e+07	-14.806
-1.2e+07	-14.956
-1.1e+07	-15.056
-1e+07	-15.113
-9e+06	-15.134
-8e+06	-15.132
-7e+06	-15.118
-6e+06	-15.099
-5e+06	-15.081
-4e+06	-15.058
-3e+06	-15.049
-2e+06	-15.043
-1e+06	-15.039
0	-15.382
1e+06	-15
2e+06	-14.965
3e+06	-14.942
4e+06	-14.912
5e+06	-14.887
6e+06	-14.867
7e+06	-14.851
8e+06	-14.83
9e+06	-14.809
1e+07	-14.755
1.1e+07	-14.669
1.2e+07	-14.54
1.3e+07	-14.365
1.4e+07	-14.153
1.5e+07	-13.885
1.6e+07	-13.571
1.7e+07	-13.193
1.8e+07	-12.698
1.9e+07	-11.981
2e+07	-10.901
2.1e+07	-9.2961
2.2e+07	-7.166
2.3e+07	-4.6427
2.4e+07	-1.903
