-2.4e+07	-46.667
-2.3e+07	-43.937
-2.2e+07	-41.425
-2.1e+07	-39.295
-2e+07	-37.7
-1.9e+07	-36.619
-1.8e+07	-35.912
-1.7e+07	-35.419
-1.6e+07	-35.052
-1.5e+07	-34.748
-1.4e+07	-34.493
-1.3e+07	-34.283
-1.2e+07	-34.119
-1.1e+07	-34.003
-1e+07	-33.93
-9e+06	-33.878
-8e+06	-33.86
-7e+06	-33.852
-6e+06	-33.849
-5e+06	-33.833
-4e+06	-33.822
-3e+06	-33.806
-2e+06	-33.787
-1e+06	-33.756
0	-33.89
1e+06	-33.742
2e+06	-33.754
3e+06	-33.762
4e+06	-33.758
5e+06	-33.76
6e+06	-33.756
7e+06	-33.752
8e+06	-33.752
9e+06	-33.764
1e+07	-33.8
1.1e+07	-33.861
1.2e+07	-33.974
1.3e+07	-34.146
1.4e+07	-34.359
1.5e+07	-34.617
1.6e+07	-34.924
1.7e+07	-35.298
1.8e+07	-35.78
1.9e+07	-36.495
2e+07	-37.59
2.1e+07	-39.195
2.2e+07	-41.329
2.3e+07	-43.857
2.4e+07	-46.604
