-2.4e+07	-31.709
-2.3e+07	-28.98
-2.2e+07	-26.465
-2.1e+07	-24.333
-2e+07	-22.735
-1.9e+07	-21.651
-1.8e+07	-20.933
-1.7e+07	-20.436
-1.6e+07	-20.066
-1.5e+07	-19.761
-1.4e+07	-19.502
-1.3e+07	-19.279
-1.2e+07	-19.113
-1.1e+07	-18.993
-1e+07	-18.918
-9e+06	-18.865
-8e+06	-18.844
-7e+06	-18.835
-6e+06	-18.82
-5e+06	-18.803
-4e+06	-18.789
-3e+06	-18.772
-2e+06	-18.751
-1e+06	-18.72
0	-18.835
1e+06	-18.705
2e+06	-18.715
3e+06	-18.722
4e+06	-18.717
5e+06	-18.72
6e+06	-18.717
7e+06	-18.713
8e+06	-18.712
9e+06	-18.734
1e+07	-18.769
1.1e+07	-18.83
1.2e+07	-18.943
1.3e+07	-19.107
1.4e+07	-19.318
1.5e+07	-19.577
1.6e+07	-19.883
1.7e+07	-20.256
1.8e+07	-20.738
1.9e+07	-21.453
2e+07	-22.55
2.1e+07	-24.156
2.2e+07	-26.291
2.3e+07	-28.821
2.4e+07	-31.565
