-2.4e+07	13.413
-2.3e+07	10.667
-2.2e+07	8.1394
-2.1e+07	6.0074
-2e+07	4.3795
-1.9e+07	3.2868
-1.8e+07	2.5704
-1.7e+07	2.0681
-1.6e+07	1.6928
-1.5e+07	1.382
-1.4e+07	1.111
-1.3e+07	0.89526
-1.2e+07	0.72913
-1.1e+07	0.61157
-1e+07	0.52852
-9e+06	0.48818
-8e+06	0.48154
-7e+06	0.4686
-6e+06	0.46928
-5e+06	0.4683
-4e+06	0.45463
-3e+06	0.44656
-2e+06	0.4366
-1e+06	0.415
0	0.059519
1e+06	0.42092
2e+06	0.44261
3e+06	0.45299
4e+06	0.47047
5e+06	0.4842
6e+06	0.49382
7e+06	0.49201
8e+06	0.50436
9e+06	0.52903
1e+07	0.56686
1.1e+07	0.64761
1.2e+07	0.76265
1.3e+07	0.93571
1.4e+07	1.1563
1.5e+07	1.4231
1.6e+07	1.7296
1.7e+07	2.1095
1.8e+07	2.6075
1.9e+07	3.327
2e+07	4.4242
2.1e+07	6.0247
2.2e+07	8.1588
2.3e+07	10.686
2.4e+07	13.425
