-2.4e+07	-1.6232
-2.3e+07	-4.369
-2.2e+07	-6.8975
-2.1e+07	-9.0314
-2e+07	-10.647
-1.9e+07	-11.743
-1.8e+07	-12.461
-1.7e+07	-12.965
-1.6e+07	-13.342
-1.5e+07	-13.653
-1.4e+07	-13.924
-1.3e+07	-14.139
-1.2e+07	-14.297
-1.1e+07	-14.416
-1e+07	-14.5
-9e+06	-14.54
-8e+06	-14.556
-7e+06	-14.569
-6e+06	-14.568
-5e+06	-14.567
-4e+06	-14.58
-3e+06	-14.587
-2e+06	-14.595
-1e+06	-14.615
0	-14.812
1e+06	-14.604
2e+06	-14.58
3e+06	-14.578
4e+06	-14.558
5e+06	-14.551
6e+06	-14.539
7e+06	-14.538
8e+06	-14.523
9e+06	-14.494
1e+07	-14.443
1.1e+07	-14.358
1.2e+07	-14.239
1.3e+07	-14.072
1.4e+07	-13.847
1.5e+07	-13.575
1.6e+07	-13.266
1.7e+07	-12.881
1.8e+07	-12.379
1.9e+07	-11.654
2e+07	-10.557
2.1e+07	-8.9608
2.2e+07	-6.8229
2.3e+07	-4.2934
2.4e+07	-1.5516
