-2.4e+07	-47.086
-2.3e+07	-44.354
-2.2e+07	-41.835
-2.1e+07	-39.704
-2e+07	-38.091
-1.9e+07	-36.999
-1.8e+07	-36.283
-1.7e+07	-35.789
-1.6e+07	-35.412
-1.5e+07	-35.1
-1.4e+07	-34.845
-1.3e+07	-34.627
-1.2e+07	-34.449
-1.1e+07	-34.328
-1e+07	-34.252
-9e+06	-34.209
-8e+06	-34.19
-7e+06	-34.184
-6e+06	-34.181
-5e+06	-34.176
-4e+06	-34.167
-3e+06	-34.154
-2e+06	-34.139
-1e+06	-34.122
0	-33.903
1e+06	-34.115
2e+06	-34.132
3e+06	-34.137
4e+06	-34.16
5e+06	-34.17
6e+06	-34.176
7e+06	-34.181
8e+06	-34.191
9e+06	-34.205
1e+07	-34.25
1.1e+07	-34.333
1.2e+07	-34.469
1.3e+07	-34.644
1.4e+07	-34.859
1.5e+07	-35.129
1.6e+07	-35.45
1.7e+07	-35.836
1.8e+07	-36.339
1.9e+07	-37.066
2e+07	-38.173
2.1e+07	-39.787
2.2e+07	-41.929
2.3e+07	-44.462
2.4e+07	-47.204
