-2.4e+07	13.588
-2.3e+07	10.854
-2.2e+07	8.3318
-2.1e+07	6.2027
-2e+07	4.5981
-1.9e+07	3.5067
-1.8e+07	2.7921
-1.7e+07	2.2997
-1.6e+07	1.9245
-1.5e+07	1.615
-1.4e+07	1.3633
-1.3e+07	1.149
-1.2e+07	0.98455
-1.1e+07	0.86971
-1e+07	0.79987
-9e+06	0.75483
-8e+06	0.74463
-7e+06	0.74657
-6e+06	0.75289
-5e+06	0.75572
-4e+06	0.76252
-3e+06	0.75449
-2e+06	0.74337
-1e+06	0.72994
0	0.5095
1e+06	0.72986
2e+06	0.74985
3e+06	0.75781
4e+06	0.77354
5e+06	0.78658
6e+06	0.79538
7e+06	0.81311
8e+06	0.82648
9e+06	0.84397
1e+07	0.89545
1.1e+07	0.98007
1.2e+07	1.1096
1.3e+07	1.2884
1.4e+07	1.5077
1.5e+07	1.7823
1.6e+07	2.1061
1.7e+07	2.4957
1.8e+07	3.0034
1.9e+07	3.7429
2e+07	4.8433
2.1e+07	6.4597
2.2e+07	8.6036
2.3e+07	11.138
2.4e+07	13.88
