-2.4e+07	-0.8263
-2.3e+07	-3.5496
-2.2e+07	-6.0725
-2.1e+07	-8.1955
-2e+07	-9.7981
-1.9e+07	-10.886
-1.8e+07	-11.598
-1.7e+07	-12.086
-1.6e+07	-12.468
-1.5e+07	-12.776
-1.4e+07	-13.034
-1.3e+07	-13.255
-1.2e+07	-13.418
-1.1e+07	-13.524
-1e+07	-13.604
-9e+06	-13.64
-8e+06	-13.653
-7e+06	-13.662
-6e+06	-13.657
-5e+06	-13.654
-4e+06	-13.664
-3e+06	-13.658
-2e+06	-13.663
-1e+06	-13.68
0	-13.519
1e+06	-13.667
2e+06	-13.639
3e+06	-13.614
4e+06	-13.59
5e+06	-13.569
6e+06	-13.555
7e+06	-13.54
8e+06	-13.522
9e+06	-13.491
1e+07	-13.436
1.1e+07	-13.339
1.2e+07	-13.216
1.3e+07	-13.036
1.4e+07	-12.808
1.5e+07	-12.532
1.6e+07	-12.21
1.7e+07	-11.823
1.8e+07	-11.31
1.9e+07	-10.583
2e+07	-9.4922
2.1e+07	-7.8797
2.2e+07	-5.745
2.3e+07	-3.2254
2.4e+07	-0.49748
