-2.4e+07	-32.676
-2.3e+07	-29.954
-2.2e+07	-27.431
-2.1e+07	-25.305
-2e+07	-23.705
-1.9e+07	-22.603
-1.8e+07	-21.898
-1.7e+07	-21.405
-1.6e+07	-21.02
-1.5e+07	-20.71
-1.4e+07	-20.447
-1.3e+07	-20.221
-1.2e+07	-20.053
-1.1e+07	-19.934
-1e+07	-19.84
-9e+06	-19.798
-8e+06	-19.781
-7e+06	-19.766
-6e+06	-19.775
-5e+06	-19.773
-4e+06	-19.757
-3e+06	-19.748
-2e+06	-19.737
-1e+06	-19.715
0	-19.341
1e+06	-19.719
2e+06	-19.741
3e+06	-19.761
4e+06	-19.789
5e+06	-19.804
6e+06	-19.815
7e+06	-19.825
8e+06	-19.84
9e+06	-19.857
1e+07	-19.907
1.1e+07	-20.002
1.2e+07	-20.13
1.3e+07	-20.306
1.4e+07	-20.532
1.5e+07	-20.803
1.6e+07	-21.123
1.7e+07	-21.508
1.8e+07	-22.018
1.9e+07	-22.743
2e+07	-23.845
2.1e+07	-25.452
2.2e+07	-27.585
2.3e+07	-30.104
2.4e+07	-32.831
