-2.4e+07	-33.102
-2.3e+07	-30.386
-2.2e+07	-27.87
-2.1e+07	-25.74
-2e+07	-24.139
-1.9e+07	-23.041
-1.8e+07	-22.326
-1.7e+07	-21.824
-1.6e+07	-21.438
-1.5e+07	-21.126
-1.4e+07	-20.853
-1.3e+07	-20.626
-1.2e+07	-20.457
-1.1e+07	-20.328
-1e+07	-20.24
-9e+06	-20.199
-8e+06	-20.16
-7e+06	-20.145
-6e+06	-20.143
-5e+06	-20.132
-4e+06	-20.126
-3e+06	-20.109
-2e+06	-20.09
-1e+06	-20.078
0	-20.048
1e+06	-20.068
2e+06	-20.086
3e+06	-20.102
4e+06	-20.116
5e+06	-20.127
6e+06	-20.136
7e+06	-20.145
8e+06	-20.158
9e+06	-20.183
1e+07	-20.233
1.1e+07	-20.319
1.2e+07	-20.449
1.3e+07	-20.627
1.4e+07	-20.855
1.5e+07	-21.13
1.6e+07	-21.451
1.7e+07	-21.841
1.8e+07	-22.346
1.9e+07	-23.074
2e+07	-24.178
2.1e+07	-25.79
2.2e+07	-27.925
2.3e+07	-30.444
2.4e+07	-33.17
