-2.4e+07	-48.097
-2.3e+07	-45.381
-2.2e+07	-42.863
-2.1e+07	-40.73
-2e+07	-39.126
-1.9e+07	-38.017
-1.8e+07	-37.3
-1.7e+07	-36.795
-1.6e+07	-36.407
-1.5e+07	-36.095
-1.4e+07	-35.82
-1.3e+07	-35.591
-1.2e+07	-35.419
-1.1e+07	-35.279
-1e+07	-35.19
-9e+06	-35.145
-8e+06	-35.114
-7e+06	-35.097
-6e+06	-35.093
-5e+06	-35.079
-4e+06	-35.07
-3e+06	-35.04
-2e+06	-35.018
-1e+06	-35.004
0	-35.103
1e+06	-34.988
2e+06	-35.001
3e+06	-35.013
4e+06	-35.024
5e+06	-35.031
6e+06	-35.036
7e+06	-35.04
8e+06	-35.049
9e+06	-35.082
1e+07	-35.129
1.1e+07	-35.211
1.2e+07	-35.337
1.3e+07	-35.512
1.4e+07	-35.736
1.5e+07	-36.006
1.6e+07	-36.327
1.7e+07	-36.711
1.8e+07	-37.214
1.9e+07	-37.94
2e+07	-39.038
2.1e+07	-40.653
2.2e+07	-42.786
2.3e+07	-45.306
2.4e+07	-48.034
