-2.4e+07	-0.29464
-2.3e+07	-3.0236
-2.2e+07	-5.5432
-2.1e+07	-7.6737
-2e+07	-9.2804
-1.9e+07	-10.381
-1.8e+07	-11.103
-1.7e+07	-11.602
-1.6e+07	-11.983
-1.5e+07	-12.308
-1.4e+07	-12.576
-1.3e+07	-12.797
-1.2e+07	-12.967
-1.1e+07	-13.09
-1e+07	-13.169
-9e+06	-13.213
-8e+06	-13.223
-7e+06	-13.23
-6e+06	-13.232
-5e+06	-13.245
-4e+06	-13.252
-3e+06	-13.262
-2e+06	-13.273
-1e+06	-13.286
0	-13.651
1e+06	-13.284
2e+06	-13.26
3e+06	-13.241
4e+06	-13.232
5e+06	-13.218
6e+06	-13.208
7e+06	-13.199
8e+06	-13.195
9e+06	-13.17
1e+07	-13.131
1.1e+07	-13.047
1.2e+07	-12.921
1.3e+07	-12.747
1.4e+07	-12.525
1.5e+07	-12.257
1.6e+07	-11.95
1.7e+07	-11.569
1.8e+07	-11.072
1.9e+07	-10.352
2e+07	-9.2572
2.1e+07	-7.654
2.2e+07	-5.5468
2.3e+07	-3.0357
2.4e+07	-0.31604
