-2.4e+07	14.757
-2.3e+07	12.028
-2.2e+07	9.5113
-2.1e+07	7.3774
-2e+07	5.7657
-1.9e+07	4.67
-1.8e+07	3.9482
-1.7e+07	3.4488
-1.6e+07	3.0675
-1.5e+07	2.7422
-1.4e+07	2.475
-1.3e+07	2.2539
-1.2e+07	2.0826
-1.1e+07	1.9595
-1e+07	1.8814
-9e+06	1.8361
-8e+06	1.8151
-7e+06	1.8078
-6e+06	1.8049
-5e+06	1.7922
-4e+06	1.7845
-3e+06	1.7735
-2e+06	1.7618
-1e+06	1.7485
0	1.6083
1e+06	1.7493
2e+06	1.7714
3e+06	1.7904
4e+06	1.7985
5e+06	1.813
6e+06	1.8228
7e+06	1.8313
8e+06	1.8441
9e+06	1.8686
1e+07	1.9182
1.1e+07	1.9998
1.2e+07	2.1257
1.3e+07	2.2992
1.4e+07	2.5212
1.5e+07	2.7896
1.6e+07	3.0941
1.7e+07	3.4752
1.8e+07	3.9729
1.9e+07	4.6915
2e+07	5.7865
2.1e+07	7.3899
2.2e+07	9.5057
2.3e+07	12.017
2.4e+07	14.736
