-2.4e+07	14.758
-2.3e+07	12.033
-2.2e+07	9.5187
-2.1e+07	7.3833
-2e+07	5.7826
-1.9e+07	4.685
-1.8e+07	3.9671
-1.7e+07	3.4613
-1.6e+07	3.0819
-1.5e+07	2.7682
-1.4e+07	2.5016
-1.3e+07	2.2713
-1.2e+07	2.0997
-1.1e+07	1.9763
-1e+07	1.8954
-9e+06	1.8498
-8e+06	1.8267
-7e+06	1.8167
-6e+06	1.8111
-5e+06	1.7849
-4e+06	1.7745
-3e+06	1.7604
-2e+06	1.7434
-1e+06	1.7171
0	1.4742
1e+06	1.71
2e+06	1.7276
3e+06	1.7431
4e+06	1.7569
5e+06	1.7568
6e+06	1.7635
7e+06	1.7675
8e+06	1.7676
9e+06	1.7899
1e+07	1.8348
1.1e+07	1.9157
1.2e+07	2.0391
1.3e+07	2.2119
1.4e+07	2.4325
1.5e+07	2.6904
1.6e+07	3.0054
1.7e+07	3.3862
1.8e+07	3.8839
1.9e+07	4.6039
2e+07	5.6999
2.1e+07	7.3059
2.2e+07	9.4267
2.3e+07	11.943
2.4e+07	14.67
