-2.4e+07	-47.861
-2.3e+07	-45.136
-2.2e+07	-42.625
-2.1e+07	-40.481
-2e+07	-38.877
-1.9e+07	-37.786
-1.8e+07	-37.069
-1.7e+07	-36.565
-1.6e+07	-36.187
-1.5e+07	-35.876
-1.4e+07	-35.611
-1.3e+07	-35.384
-1.2e+07	-35.213
-1.1e+07	-35.092
-1e+07	-35.014
-9e+06	-34.961
-8e+06	-34.939
-7e+06	-34.922
-6e+06	-34.918
-5e+06	-34.904
-4e+06	-34.895
-3e+06	-34.883
-2e+06	-34.868
-1e+06	-34.842
0	-34.64
1e+06	-34.838
2e+06	-34.858
3e+06	-34.875
4e+06	-34.89
5e+06	-34.892
6e+06	-34.9
7e+06	-34.915
8e+06	-34.925
9e+06	-34.949
1e+07	-34.997
1.1e+07	-35.077
1.2e+07	-35.202
1.3e+07	-35.374
1.4e+07	-35.596
1.5e+07	-35.855
1.6e+07	-36.171
1.7e+07	-36.554
1.8e+07	-37.053
1.9e+07	-37.783
2e+07	-38.881
2.1e+07	-40.487
2.2e+07	-42.617
2.3e+07	-45.134
2.4e+07	-47.862
