-2.4e+07	-0.2533
-2.3e+07	-2.9784
-2.2e+07	-5.4895
-2.1e+07	-7.617
-2e+07	-9.2307
-1.9e+07	-10.323
-1.8e+07	-11.032
-1.7e+07	-11.527
-1.6e+07	-11.906
-1.5e+07	-12.221
-1.4e+07	-12.487
-1.3e+07	-12.707
-1.2e+07	-12.888
-1.1e+07	-13.012
-1e+07	-13.093
-9e+06	-13.14
-8e+06	-13.164
-7e+06	-13.175
-6e+06	-13.174
-5e+06	-13.182
-4e+06	-13.204
-3e+06	-13.221
-2e+06	-13.24
-1e+06	-13.26
0	-13.708
1e+06	-13.273
2e+06	-13.259
3e+06	-13.248
4e+06	-13.266
5e+06	-13.26
6e+06	-13.259
7e+06	-13.258
8e+06	-13.254
9e+06	-13.237
1e+07	-13.197
1.1e+07	-13.141
1.2e+07	-13.022
1.3e+07	-12.856
1.4e+07	-12.641
1.5e+07	-12.38
1.6e+07	-12.07
1.7e+07	-11.694
1.8e+07	-11.219
1.9e+07	-10.504
2e+07	-9.4143
2.1e+07	-7.8112
2.2e+07	-5.6855
2.3e+07	-3.1723
2.4e+07	-0.44522
