-2.4e+07	14.815
-2.3e+07	12.093
-2.2e+07	9.5832
-2.1e+07	7.451
-2e+07	5.8321
-1.9e+07	4.744
-1.8e+07	4.03
-1.7e+07	3.5381
-1.6e+07	3.1624
-1.5e+07	2.852
-1.4e+07	2.589
-1.3e+07	2.3724
-1.2e+07	2.1951
-1.1e+07	2.0742
-1e+07	1.9971
-9e+06	1.9536
-8e+06	1.9332
-7e+06	1.9154
-6e+06	1.9118
-5e+06	1.9064
-4e+06	1.8866
-3e+06	1.8723
-2e+06	1.8568
-1e+06	1.8391
0	1.7853
1e+06	1.8314
2e+06	1.8478
3e+06	1.8618
4e+06	1.8644
5e+06	1.8732
6e+06	1.8762
7e+06	1.8784
8e+06	1.8852
9e+06	1.9031
1e+07	1.9453
1.1e+07	2.0133
1.2e+07	2.1337
1.3e+07	2.3017
1.4e+07	2.5188
1.5e+07	2.783
1.6e+07	3.0939
1.7e+07	3.4795
1.8e+07	3.9645
1.9e+07	4.6805
2e+07	5.7696
2.1e+07	7.3753
2.2e+07	9.5007
2.3e+07	12.014
2.4e+07	14.74
