-2.4e+07	-48.01
-2.3e+07	-45.283
-2.2e+07	-42.771
-2.1e+07	-40.644
-2e+07	-39.038
-1.9e+07	-37.947
-1.8e+07	-37.227
-1.7e+07	-36.722
-1.6e+07	-36.343
-1.5e+07	-36.027
-1.4e+07	-35.77
-1.3e+07	-35.549
-1.2e+07	-35.376
-1.1e+07	-35.251
-1e+07	-35.16
-9e+06	-35.113
-8e+06	-35.09
-7e+06	-35.079
-6e+06	-35.072
-5e+06	-35.065
-4e+06	-35.063
-3e+06	-35.04
-2e+06	-35.023
-1e+06	-35.005
0	-34.518
1e+06	-34.998
2e+06	-35.017
3e+06	-35.033
4e+06	-35.055
5e+06	-35.066
6e+06	-35.073
7e+06	-35.088
8e+06	-35.097
9e+06	-35.12
1e+07	-35.187
1.1e+07	-35.267
1.2e+07	-35.393
1.3e+07	-35.567
1.4e+07	-35.79
1.5e+07	-36.058
1.6e+07	-36.376
1.7e+07	-36.767
1.8e+07	-37.266
1.9e+07	-37.996
2e+07	-39.09
2.1e+07	-40.7
2.2e+07	-42.828
2.3e+07	-45.342
2.4e+07	-48.08
