-2.4e+07	-33.198
-2.3e+07	-30.47
-2.2e+07	-27.955
-2.1e+07	-25.824
-2e+07	-24.213
-1.9e+07	-23.117
-1.8e+07	-22.393
-1.7e+07	-21.891
-1.6e+07	-21.513
-1.5e+07	-21.191
-1.4e+07	-20.927
-1.3e+07	-20.7
-1.2e+07	-20.521
-1.1e+07	-20.39
-1e+07	-20.303
-9e+06	-20.251
-8e+06	-20.222
-7e+06	-20.207
-6e+06	-20.196
-5e+06	-20.183
-4e+06	-20.177
-3e+06	-20.16
-2e+06	-20.141
-1e+06	-20.12
0	-19.707
1e+06	-20.111
2e+06	-20.129
3e+06	-20.144
4e+06	-20.157
5e+06	-20.167
6e+06	-20.174
7e+06	-20.189
8e+06	-20.198
9e+06	-20.222
1e+07	-20.27
1.1e+07	-20.35
1.2e+07	-20.474
1.3e+07	-20.648
1.4e+07	-20.871
1.5e+07	-21.139
1.6e+07	-21.457
1.7e+07	-21.839
1.8e+07	-22.338
1.9e+07	-23.069
2e+07	-24.166
2.1e+07	-25.772
2.2e+07	-27.901
2.3e+07	-30.415
2.4e+07	-33.139
