-2.4e+07	-48.053
-2.3e+07	-45.354
-2.2e+07	-42.845
-2.1e+07	-40.723
-2e+07	-39.125
-1.9e+07	-38.033
-1.8e+07	-37.32
-1.7e+07	-36.828
-1.6e+07	-36.462
-1.5e+07	-36.154
-1.4e+07	-35.893
-1.3e+07	-35.678
-1.2e+07	-35.513
-1.1e+07	-35.396
-1e+07	-35.324
-9e+06	-35.294
-8e+06	-35.279
-7e+06	-35.277
-6e+06	-35.28
-5e+06	-35.281
-4e+06	-35.279
-3e+06	-35.283
-2e+06	-35.276
-1e+06	-35.266
0	-35.097
1e+06	-35.278
2e+06	-35.303
3e+06	-35.336
4e+06	-35.358
5e+06	-35.374
6e+06	-35.388
7e+06	-35.4
8e+06	-35.416
9e+06	-35.454
1e+07	-35.505
1.1e+07	-35.59
1.2e+07	-35.719
1.3e+07	-35.886
1.4e+07	-36.119
1.5e+07	-36.389
1.6e+07	-36.708
1.7e+07	-37.09
1.8e+07	-37.589
1.9e+07	-38.31
2e+07	-39.416
2.1e+07	-41.015
2.2e+07	-43.138
2.3e+07	-45.643
2.4e+07	-48.355
