-2.4e+07	-33.187
-2.3e+07	-30.477
-2.2e+07	-27.973
-2.1e+07	-25.854
-2e+07	-24.259
-1.9e+07	-23.17
-1.8e+07	-22.459
-1.7e+07	-21.97
-1.6e+07	-21.598
-1.5e+07	-21.29
-1.4e+07	-21.032
-1.3e+07	-20.819
-1.2e+07	-20.654
-1.1e+07	-20.539
-1e+07	-20.467
-9e+06	-20.428
-8e+06	-20.414
-7e+06	-20.412
-6e+06	-20.415
-5e+06	-20.415
-4e+06	-20.412
-3e+06	-20.406
-2e+06	-20.398
-1e+06	-20.389
0	-20.514
1e+06	-20.397
2e+06	-20.423
3e+06	-20.454
4e+06	-20.474
5e+06	-20.49
6e+06	-20.503
7e+06	-20.514
8e+06	-20.528
9e+06	-20.566
1e+07	-20.616
1.1e+07	-20.7
1.2e+07	-20.828
1.3e+07	-21.005
1.4e+07	-21.238
1.5e+07	-21.506
1.6e+07	-21.825
1.7e+07	-22.206
1.8e+07	-22.705
1.9e+07	-23.423
2e+07	-24.524
2.1e+07	-26.127
2.2e+07	-28.25
2.3e+07	-30.753
2.4e+07	-33.462
