-2.4e+07	15.346
-2.3e+07	12.656
-2.2e+07	10.167
-2.1e+07	8.0578
-2e+07	6.4711
-1.9e+07	5.3898
-1.8e+07	4.6858
-1.7e+07	4.2038
-1.6e+07	3.8389
-1.5e+07	3.5386
-1.4e+07	3.2869
-1.3e+07	3.0815
-1.2e+07	2.9253
-1.1e+07	2.8169
-1e+07	2.7512
-9e+06	2.7211
-8e+06	2.714
-7e+06	2.7188
-6e+06	2.7281
-5e+06	2.7365
-4e+06	2.7406
-3e+06	2.7414
-2e+06	2.7397
-1e+06	2.7362
0	2.4841
1e+06	2.7563
2e+06	2.7876
3e+06	2.8057
4e+06	2.832
5e+06	2.853
6e+06	2.87
7e+06	2.8849
8e+06	2.9033
9e+06	2.9258
1e+07	2.9787
1.1e+07	3.0663
1.2e+07	3.1966
1.3e+07	3.3746
1.4e+07	3.5911
1.5e+07	3.8623
1.6e+07	4.1801
1.7e+07	4.553
1.8e+07	5.0512
1.9e+07	5.7704
2e+07	6.8545
2.1e+07	8.4532
2.2e+07	10.569
2.3e+07	13.063
2.4e+07	15.755
