-2.4e+07	0.29454
-2.3e+07	-2.3972
-2.2e+07	-4.8858
-2.1e+07	-6.994
-2e+07	-8.5847
-1.9e+07	-9.6615
-1.8e+07	-10.365
-1.7e+07	-10.848
-1.6e+07	-11.214
-1.5e+07	-11.514
-1.4e+07	-11.766
-1.3e+07	-11.972
-1.2e+07	-12.138
-1.1e+07	-12.247
-1e+07	-12.313
-9e+06	-12.345
-8e+06	-12.353
-7e+06	-12.349
-6e+06	-12.341
-5e+06	-12.335
-4e+06	-12.332
-3e+06	-12.333
-2e+06	-12.337
-1e+06	-12.342
0	-12.182
1e+06	-12.327
2e+06	-12.298
3e+06	-12.283
4e+06	-12.26
5e+06	-12.251
6e+06	-12.237
7e+06	-12.225
8e+06	-12.209
9e+06	-12.19
1e+07	-12.138
1.1e+07	-12.055
1.2e+07	-11.928
1.3e+07	-11.762
1.4e+07	-11.549
1.5e+07	-11.282
1.6e+07	-10.966
1.7e+07	-10.586
1.8e+07	-10.091
1.9e+07	-9.3744
2e+07	-8.2966
2.1e+07	-6.7056
2.2e+07	-4.5921
2.3e+07	-2.0991
2.4e+07	0.5947
