-2.4e+07	0.76049
-2.3e+07	-1.9134
-2.2e+07	-4.3873
-2.1e+07	-6.4847
-2e+07	-8.0743
-1.9e+07	-9.1498
-1.8e+07	-9.8529
-1.7e+07	-10.336
-1.6e+07	-10.702
-1.5e+07	-11.003
-1.4e+07	-11.258
-1.3e+07	-11.468
-1.2e+07	-11.639
-1.1e+07	-11.753
-1e+07	-11.824
-9e+06	-11.862
-8e+06	-11.877
-7e+06	-11.881
-6e+06	-11.881
-5e+06	-11.883
-4e+06	-11.907
-3e+06	-11.917
-2e+06	-11.929
-1e+06	-11.943
0	-11.689
1e+06	-11.946
2e+06	-11.935
3e+06	-11.918
4e+06	-11.912
5e+06	-11.9
6e+06	-11.884
7e+06	-11.886
8e+06	-11.875
9e+06	-11.851
1e+07	-11.813
1.1e+07	-11.732
1.2e+07	-11.615
1.3e+07	-11.441
1.4e+07	-11.218
1.5e+07	-10.958
1.6e+07	-10.633
1.7e+07	-10.25
1.8e+07	-9.7585
1.9e+07	-9.0371
2e+07	-7.9506
2.1e+07	-6.3492
2.2e+07	-4.2329
2.3e+07	-1.7488
2.4e+07	0.94072
