-2.4e+07	16.073
-2.3e+07	13.403
-2.2e+07	10.929
-2.1e+07	8.8337
-2e+07	7.25
-1.9e+07	6.1747
-1.8e+07	5.4704
-1.7e+07	4.9859
-1.6e+07	4.6068
-1.5e+07	4.3021
-1.4e+07	4.0437
-1.3e+07	3.8309
-1.2e+07	3.6647
-1.1e+07	3.5457
-1e+07	3.4695
-9e+06	3.4275
-8e+06	3.4073
-7e+06	3.398
-6e+06	3.3935
-5e+06	3.3866
-4e+06	3.3758
-3e+06	3.3603
-2e+06	3.3426
-1e+06	3.3225
0	3.2712
1e+06	3.3097
2e+06	3.3163
3e+06	3.3287
4e+06	3.3307
5e+06	3.3374
6e+06	3.3419
7e+06	3.3357
8e+06	3.3429
9e+06	3.3633
1e+07	3.3978
1.1e+07	3.4775
1.2e+07	3.5922
1.3e+07	3.7639
1.4e+07	3.9848
1.5e+07	4.2431
1.6e+07	4.5592
1.7e+07	4.9409
1.8e+07	5.43
1.9e+07	6.1499
2e+07	7.2346
2.1e+07	8.8359
2.2e+07	10.952
2.3e+07	13.435
2.4e+07	16.125
