-2.4e+07	-34.618
-2.3e+07	-31.932
-2.2e+07	-29.456
-2.1e+07	-27.346
-2e+07	-25.759
-1.9e+07	-24.669
-1.8e+07	-23.962
-1.7e+07	-23.46
-1.6e+07	-23.09
-1.5e+07	-22.787
-1.4e+07	-22.522
-1.3e+07	-22.314
-1.2e+07	-22.146
-1.1e+07	-22.035
-1e+07	-21.962
-9e+06	-21.93
-8e+06	-21.923
-7e+06	-21.921
-6e+06	-21.933
-5e+06	-21.935
-4e+06	-21.943
-3e+06	-21.94
-2e+06	-21.944
-1e+06	-21.938
0	-21.556
1e+06	-22.014
2e+06	-22.049
3e+06	-22.081
4e+06	-22.11
5e+06	-22.135
6e+06	-22.157
7e+06	-22.178
8e+06	-22.202
9e+06	-22.24
1e+07	-22.301
1.1e+07	-22.395
1.2e+07	-22.533
1.3e+07	-22.72
1.4e+07	-22.953
1.5e+07	-23.233
1.6e+07	-23.559
1.7e+07	-23.951
1.8e+07	-24.458
1.9e+07	-25.184
2e+07	-26.285
2.1e+07	-27.882
2.2e+07	-29.991
2.3e+07	-32.473
2.4e+07	-35.154
