-2.4e+07	1.3632
-2.3e+07	-1.3378
-2.2e+07	-3.8247
-2.1e+07	-5.9418
-2e+07	-7.5351
-1.9e+07	-8.6308
-1.8e+07	-9.3432
-1.7e+07	-9.8435
-1.6e+07	-10.218
-1.5e+07	-10.517
-1.4e+07	-10.785
-1.3e+07	-10.998
-1.2e+07	-11.17
-1.1e+07	-11.285
-1e+07	-11.373
-9e+06	-11.407
-8e+06	-11.418
-7e+06	-11.424
-6e+06	-11.417
-5e+06	-11.41
-4e+06	-11.404
-3e+06	-11.411
-2e+06	-11.41
-1e+06	-11.418
0	-11.427
1e+06	-11.231
2e+06	-11.195
3e+06	-11.161
4e+06	-11.13
5e+06	-11.103
6e+06	-11.079
7e+06	-11.056
8e+06	-11.029
9e+06	-10.988
1e+07	-10.926
1.1e+07	-10.828
1.2e+07	-10.688
1.3e+07	-10.499
1.4e+07	-10.262
1.5e+07	-9.9801
1.6e+07	-9.6501
1.7e+07	-9.2458
1.8e+07	-8.7363
1.9e+07	-8.0071
2e+07	-6.9047
2.1e+07	-5.3038
2.2e+07	-3.1907
2.3e+07	-0.70273
2.4e+07	1.987
