-2.4e+07	-35.036
-2.3e+07	-32.382
-2.2e+07	-29.92
-2.1e+07	-27.831
-2e+07	-26.254
-1.9e+07	-25.18
-1.8e+07	-24.479
-1.7e+07	-23.989
-1.6e+07	-23.625
-1.5e+07	-23.326
-1.4e+07	-23.076
-1.3e+07	-22.871
-1.2e+07	-22.715
-1.1e+07	-22.606
-1e+07	-22.53
-9e+06	-22.5
-8e+06	-22.492
-7e+06	-22.496
-6e+06	-22.505
-5e+06	-22.511
-4e+06	-22.514
-3e+06	-22.513
-2e+06	-22.509
-1e+06	-22.503
0	-22.019
1e+06	-22.515
2e+06	-22.543
3e+06	-22.568
4e+06	-22.59
5e+06	-22.607
6e+06	-22.621
7e+06	-22.631
8e+06	-22.646
9e+06	-22.671
1e+07	-22.721
1.1e+07	-22.803
1.2e+07	-22.929
1.3e+07	-23.101
1.4e+07	-23.32
1.5e+07	-23.596
1.6e+07	-23.908
1.7e+07	-24.285
1.8e+07	-24.777
1.9e+07	-25.489
2e+07	-26.576
2.1e+07	-28.155
2.2e+07	-30.248
2.3e+07	-32.709
2.4e+07	-35.358
