-2.4e+07	1.7469
-2.3e+07	-0.91213
-2.2e+07	-3.3774
-2.1e+07	-5.4693
-2e+07	-7.0463
-1.9e+07	-8.1269
-1.8e+07	-8.8305
-1.7e+07	-9.324
-1.6e+07	-9.6792
-1.5e+07	-9.9807
-1.4e+07	-10.233
-1.3e+07	-10.44
-1.2e+07	-10.599
-1.1e+07	-10.709
-1e+07	-10.787
-9e+06	-10.82
-8e+06	-10.829
-7e+06	-10.827
-6e+06	-10.82
-5e+06	-10.815
-4e+06	-10.814
-3e+06	-10.817
-2e+06	-10.822
-1e+06	-10.829
0	-10.82
1e+06	-10.819
2e+06	-10.792
3e+06	-10.768
4e+06	-10.747
5e+06	-10.73
6e+06	-10.717
7e+06	-10.707
8e+06	-10.694
9e+06	-10.668
1e+07	-10.62
1.1e+07	-10.537
1.2e+07	-10.412
1.3e+07	-10.24
1.4e+07	-10.021
1.5e+07	-9.7567
1.6e+07	-9.4428
1.7e+07	-9.0663
1.8e+07	-8.5742
1.9e+07	-7.8624
2e+07	-6.7778
2.1e+07	-5.1952
2.2e+07	-3.1032
2.3e+07	-0.63685
2.4e+07	2.0133
