-2.4e+07	2.0739
-2.3e+07	-0.57833
-2.2e+07	-3.0396
-2.1e+07	-5.1324
-2e+07	-6.7158
-1.9e+07	-7.7963
-1.8e+07	-8.5056
-1.7e+07	-8.9947
-1.6e+07	-9.3674
-1.5e+07	-9.6649
-1.4e+07	-9.9249
-1.3e+07	-10.14
-1.2e+07	-10.306
-1.1e+07	-10.424
-1e+07	-10.498
-9e+06	-10.528
-8e+06	-10.546
-7e+06	-10.562
-6e+06	-10.561
-5e+06	-10.563
-4e+06	-10.568
-3e+06	-10.566
-2e+06	-10.576
-1e+06	-10.588
0	-10.842
1e+06	-10.588
2e+06	-10.563
3e+06	-10.541
4e+06	-10.523
5e+06	-10.507
6e+06	-10.496
7e+06	-10.486
8e+06	-10.472
9e+06	-10.445
1e+07	-10.394
1.1e+07	-10.31
1.2e+07	-10.183
1.3e+07	-9.986
1.4e+07	-9.7632
1.5e+07	-9.4939
1.6e+07	-9.1784
1.7e+07	-8.7978
1.8e+07	-8.3011
1.9e+07	-7.5854
2e+07	-6.4988
2.1e+07	-4.9123
2.2e+07	-2.8175
2.3e+07	-0.35297
2.4e+07	2.2932
