-2.4e+07	-35.464
-2.3e+07	-32.814
-2.2e+07	-30.353
-2.1e+07	-28.273
-2e+07	-26.689
-1.9e+07	-25.611
-1.8e+07	-24.903
-1.7e+07	-24.414
-1.6e+07	-24.041
-1.5e+07	-23.744
-1.4e+07	-23.483
-1.3e+07	-23.268
-1.2e+07	-23.101
-1.1e+07	-22.983
-1e+07	-22.908
-9e+06	-22.878
-8e+06	-22.86
-7e+06	-22.856
-6e+06	-22.855
-5e+06	-22.853
-4e+06	-22.848
-3e+06	-22.839
-2e+06	-22.829
-1e+06	-22.816
0	-22.318
1e+06	-22.815
2e+06	-22.839
3e+06	-22.859
4e+06	-22.877
5e+06	-22.891
6e+06	-22.902
7e+06	-22.911
8e+06	-22.924
9e+06	-22.95
1e+07	-22.999
1.1e+07	-23.081
1.2e+07	-23.207
1.3e+07	-23.392
1.4e+07	-23.614
1.5e+07	-23.88
1.6e+07	-24.196
1.7e+07	-24.575
1.8e+07	-25.07
1.9e+07	-25.784
2e+07	-26.867
2.1e+07	-28.453
2.2e+07	-30.545
2.3e+07	-33.004
2.4e+07	-35.648
