-2.4e+07	-50.765
-2.3e+07	-48.133
-2.2e+07	-45.684
-2.1e+07	-43.594
-2e+07	-42.018
-1.9e+07	-40.945
-1.8e+07	-40.24
-1.7e+07	-39.753
-1.6e+07	-39.382
-1.5e+07	-39.062
-1.4e+07	-38.802
-1.3e+07	-38.586
-1.2e+07	-38.428
-1.1e+07	-38.306
-1e+07	-38.227
-9e+06	-38.171
-8e+06	-38.147
-7e+06	-38.135
-6e+06	-38.126
-5e+06	-38.116
-4e+06	-38.101
-3e+06	-38.072
-2e+06	-38.051
-1e+06	-38.028
0	-38.171
1e+06	-38.005
2e+06	-38.018
3e+06	-38.026
4e+06	-38.022
5e+06	-38.025
6e+06	-38.023
7e+06	-38.01
8e+06	-38.012
9e+06	-38.027
1e+07	-38.055
1.1e+07	-38.127
1.2e+07	-38.243
1.3e+07	-38.409
1.4e+07	-38.623
1.5e+07	-38.882
1.6e+07	-39.191
1.7e+07	-39.565
1.8e+07	-40.056
1.9e+07	-40.756
2e+07	-41.837
2.1e+07	-43.421
2.2e+07	-45.503
2.3e+07	-47.964
2.4e+07	-50.608
