-2.4e+07	-35.959
-2.3e+07	-33.329
-2.2e+07	-30.882
-2.1e+07	-28.794
-2e+07	-27.225
-1.9e+07	-26.148
-1.8e+07	-25.444
-1.7e+07	-24.96
-1.6e+07	-24.589
-1.5e+07	-24.272
-1.4e+07	-24.011
-1.3e+07	-23.796
-1.2e+07	-23.628
-1.1e+07	-23.507
-1e+07	-23.429
-9e+06	-23.373
-8e+06	-23.349
-7e+06	-23.337
-6e+06	-23.329
-5e+06	-23.32
-4e+06	-23.305
-3e+06	-23.276
-2e+06	-23.255
-1e+06	-23.233
0	-23.067
1e+06	-23.209
2e+06	-23.221
3e+06	-23.231
4e+06	-23.226
5e+06	-23.229
6e+06	-23.228
7e+06	-23.225
8e+06	-23.227
9e+06	-23.242
1e+07	-23.258
1.1e+07	-23.331
1.2e+07	-23.448
1.3e+07	-23.613
1.4e+07	-23.827
1.5e+07	-24.088
1.6e+07	-24.397
1.7e+07	-24.771
1.8e+07	-25.262
1.9e+07	-25.973
2e+07	-27.055
2.1e+07	-28.639
2.2e+07	-30.721
2.3e+07	-33.18
2.4e+07	-35.826
