-2.4e+07	18.269
-2.3e+07	15.631
-2.2e+07	13.174
-2.1e+07	11.076
-2e+07	9.4809
-1.9e+07	8.3887
-1.8e+07	7.6629
-1.7e+07	7.1557
-1.6e+07	6.7633
-1.5e+07	6.436
-1.4e+07	6.1543
-1.3e+07	5.9197
-1.2e+07	5.7331
-1.1e+07	5.5955
-1e+07	5.5024
-9e+06	5.4315
-8e+06	5.3967
-7e+06	5.3738
-6e+06	5.3578
-5e+06	5.3405
-4e+06	5.3212
-3e+06	5.2998
-2e+06	5.2772
-1e+06	5.2549
0	4.7383
1e+06	5.2393
2e+06	5.2577
3e+06	5.2739
4e+06	5.2898
5e+06	5.3036
6e+06	5.3134
7e+06	5.3242
8e+06	5.3407
9e+06	5.3813
1e+07	5.4359
1.1e+07	5.5252
1.2e+07	5.6586
1.3e+07	5.8409
1.4e+07	6.0714
1.5e+07	6.3484
1.6e+07	6.6737
1.7e+07	7.0744
1.8e+07	7.5798
1.9e+07	8.3047
2e+07	9.3977
2.1e+07	10.991
2.2e+07	13.088
2.3e+07	15.547
2.4e+07	18.186
