-2.4e+07	-50.998
-2.3e+07	-48.353
-2.2e+07	-45.892
-2.1e+07	-43.796
-2e+07	-42.206
-1.9e+07	-41.11
-1.8e+07	-40.376
-1.7e+07	-39.87
-1.6e+07	-39.479
-1.5e+07	-39.153
-1.4e+07	-38.875
-1.3e+07	-38.642
-1.2e+07	-38.457
-1.1e+07	-38.321
-1e+07	-38.228
-9e+06	-38.171
-8e+06	-38.136
-7e+06	-38.114
-6e+06	-38.088
-5e+06	-38.071
-4e+06	-38.053
-3e+06	-38.032
-2e+06	-38.009
-1e+06	-37.987
0	-38.08
1e+06	-37.971
2e+06	-37.988
3e+06	-38.004
4e+06	-38.019
5e+06	-38.032
6e+06	-38.043
7e+06	-38.053
8e+06	-38.069
9e+06	-38.11
1e+07	-38.164
1.1e+07	-38.253
1.2e+07	-38.386
1.3e+07	-38.569
1.4e+07	-38.8
1.5e+07	-39.076
1.6e+07	-39.404
1.7e+07	-39.805
1.8e+07	-40.313
1.9e+07	-41.04
2e+07	-42.136
2.1e+07	-43.731
2.2e+07	-45.833
2.3e+07	-48.299
2.4e+07	-50.949
