-2.4e+07	2.9015
-2.3e+07	0.27089
-2.2e+07	-2.1831
-2.1e+07	-4.273
-2e+07	-5.8572
-1.9e+07	-6.9448
-1.8e+07	-7.6614
-1.7e+07	-8.158
-1.6e+07	-8.527
-1.5e+07	-8.8423
-1.4e+07	-9.109
-1.3e+07	-9.33
-1.2e+07	-9.5131
-1.1e+07	-9.6366
-1e+07	-9.7165
-9e+06	-9.7626
-8e+06	-9.7852
-7e+06	-9.7952
-6e+06	-9.8002
-5e+06	-9.8064
-4e+06	-9.8153
-3e+06	-9.8278
-2e+06	-9.8417
-1e+06	-9.8575
0	-10.481
1e+06	-9.8636
2e+06	-9.8419
3e+06	-9.8337
4e+06	-9.8174
5e+06	-9.8053
6e+06	-9.8071
7e+06	-9.8006
8e+06	-9.7896
9e+06	-9.7761
1e+07	-9.7289
1.1e+07	-9.6481
1.2e+07	-9.5245
1.3e+07	-9.3532
1.4e+07	-9.1443
1.5e+07	-8.8792
1.6e+07	-8.5662
1.7e+07	-8.1898
1.8e+07	-7.6967
1.9e+07	-6.9862
2e+07	-5.9151
2.1e+07	-4.3364
2.2e+07	-2.2528
2.3e+07	0.19318
2.4e+07	2.814
