-2.4e+07	17.979
-2.3e+07	15.351
-2.2e+07	12.899
-2.1e+07	10.811
-2e+07	9.229
-1.9e+07	8.1419
-1.8e+07	7.4282
-1.7e+07	6.9339
-1.6e+07	6.5654
-1.5e+07	6.2515
-1.4e+07	5.9855
-1.3e+07	5.7659
-1.2e+07	5.5844
-1.1e+07	5.4617
-1e+07	5.3834
-9e+06	5.3387
-8e+06	5.318
-7e+06	5.3095
-6e+06	5.3057
-5e+06	5.3018
-4e+06	5.2934
-3e+06	5.2823
-2e+06	5.2691
-1e+06	5.2545
0	5.1638
1e+06	5.2504
2e+06	5.2728
3e+06	5.2815
4e+06	5.2982
5e+06	5.3112
6e+06	5.3206
7e+06	5.3173
8e+06	5.3294
9e+06	5.3425
1e+07	5.3894
1.1e+07	5.4715
1.2e+07	5.5959
1.3e+07	5.7677
1.4e+07	5.9764
1.5e+07	6.2425
1.6e+07	6.5545
1.7e+07	6.932
1.8e+07	7.4253
1.9e+07	8.1267
2e+07	9.1932
2.1e+07	10.776
2.2e+07	12.859
2.3e+07	15.303
2.4e+07	17.924
