-2.4e+07	-36.215
-2.3e+07	-33.609
-2.2e+07	-31.177
-2.1e+07	-29.093
-2e+07	-27.521
-1.9e+07	-26.449
-1.8e+07	-25.745
-1.7e+07	-25.26
-1.6e+07	-24.89
-1.5e+07	-24.573
-1.4e+07	-24.314
-1.3e+07	-24.101
-1.2e+07	-23.935
-1.1e+07	-23.817
-1e+07	-23.741
-9e+06	-23.689
-8e+06	-23.67
-7e+06	-23.663
-6e+06	-23.649
-5e+06	-23.644
-4e+06	-23.635
-3e+06	-23.612
-2e+06	-23.598
-1e+06	-23.582
0	-22.963
1e+06	-23.572
2e+06	-23.592
3e+06	-23.608
4e+06	-23.623
5e+06	-23.634
6e+06	-23.65
7e+06	-23.666
8e+06	-23.675
9e+06	-23.697
1e+07	-23.742
1.1e+07	-23.822
1.2e+07	-23.945
1.3e+07	-24.114
1.4e+07	-24.333
1.5e+07	-24.598
1.6e+07	-24.909
1.7e+07	-25.295
1.8e+07	-25.786
1.9e+07	-26.506
2e+07	-27.587
2.1e+07	-29.161
2.2e+07	-31.24
2.3e+07	-33.679
2.4e+07	-36.29
