-2.4e+07	-51.082
-2.3e+07	-48.472
-2.2e+07	-46.036
-2.1e+07	-43.95
-2e+07	-42.379
-1.9e+07	-41.303
-1.8e+07	-40.598
-1.7e+07	-40.112
-1.6e+07	-39.73
-1.5e+07	-39.412
-1.4e+07	-39.152
-1.3e+07	-38.938
-1.2e+07	-38.772
-1.1e+07	-38.653
-1e+07	-38.577
-9e+06	-38.525
-8e+06	-38.506
-7e+06	-38.5
-6e+06	-38.497
-5e+06	-38.483
-4e+06	-38.475
-3e+06	-38.453
-2e+06	-38.44
-1e+06	-38.425
0	-37.781
1e+06	-38.419
2e+06	-38.441
3e+06	-38.459
4e+06	-38.476
5e+06	-38.488
6e+06	-38.496
7e+06	-38.514
8e+06	-38.525
9e+06	-38.549
1e+07	-38.606
1.1e+07	-38.688
1.2e+07	-38.813
1.3e+07	-38.985
1.4e+07	-39.206
1.5e+07	-39.473
1.6e+07	-39.787
1.7e+07	-40.167
1.8e+07	-40.661
1.9e+07	-41.385
2e+07	-42.468
2.1e+07	-44.049
2.2e+07	-46.132
2.3e+07	-48.576
2.4e+07	-51.192
