-2.4e+07	3.5247
-2.3e+07	0.93548
-2.2e+07	-1.4921
-2.1e+07	-3.5518
-2e+07	-5.1231
-1.9e+07	-6.1985
-1.8e+07	-6.906
-1.7e+07	-7.3847
-1.6e+07	-7.7592
-1.5e+07	-8.0695
-1.4e+07	-8.333
-1.3e+07	-8.5404
-1.2e+07	-8.7107
-1.1e+07	-8.8334
-1e+07	-8.9125
-9e+06	-8.938
-8e+06	-8.9609
-7e+06	-8.9714
-6e+06	-8.9774
-5e+06	-8.9744
-4e+06	-8.9848
-3e+06	-8.9996
-2e+06	-9.0156
-1e+06	-9.0342
0	-8.8259
1e+06	-9.0466
2e+06	-9.0276
3e+06	-9.0116
4e+06	-8.9975
5e+06	-8.9872
6e+06	-8.9814
7e+06	-8.9758
8e+06	-8.9657
9e+06	-8.954
1e+07	-8.9075
1.1e+07	-8.829
1.2e+07	-8.706
1.3e+07	-8.5359
1.4e+07	-8.3178
1.5e+07	-8.0522
1.6e+07	-7.7412
1.7e+07	-7.3651
1.8e+07	-6.8727
1.9e+07	-6.1631
2e+07	-5.0861
2.1e+07	-3.5116
2.2e+07	-1.4481
2.3e+07	0.98004
2.4e+07	3.5742
