-2.4e+07	8.1881
-2.3e+07	5.3753
-2.2e+07	2.7998
-2.1e+07	0.6331
-2e+07	-0.99998
-1.9e+07	-2.0927
-1.8e+07	-2.8001
-1.7e+07	-3.283
-1.6e+07	-3.6503
-1.5e+07	-3.968
-1.4e+07	-4.2257
-1.3e+07	-4.4382
-1.2e+07	-4.6028
-1.1e+07	-4.7185
-1e+07	-4.7939
-9e+06	-4.8316
-8e+06	-4.8474
-7e+06	-4.8524
-6e+06	-4.8677
-5e+06	-4.8712
-4e+06	-4.88
-3e+06	-4.8923
-2e+06	-4.9216
-1e+06	-4.9392
0	-5.2053
1e+06	-4.939
2e+06	-4.9282
3e+06	-4.9177
4e+06	-4.9237
5e+06	-4.9213
6e+06	-4.9197
7e+06	-4.9219
8e+06	-4.9204
9e+06	-4.9059
1e+07	-4.8666
1.1e+07	-4.7968
1.2e+07	-4.6808
1.3e+07	-4.518
1.4e+07	-4.3064
1.5e+07	-4.0476
1.6e+07	-3.7429
1.7e+07	-3.3731
1.8e+07	-2.8998
1.9e+07	-2.1864
2e+07	-1.0913
2.1e+07	0.53718
2.2e+07	2.7095
2.3e+07	5.2939
2.4e+07	8.1119
