-2.4e+07	18.651
-2.3e+07	16.063
-2.2e+07	13.637
-2.1e+07	11.577
-2e+07	10.008
-1.9e+07	8.93
-1.8e+07	8.2222
-1.7e+07	7.7423
-1.6e+07	7.3779
-1.5e+07	7.0666
-1.4e+07	6.8012
-1.3e+07	6.5917
-1.2e+07	6.4203
-1.1e+07	6.2956
-1e+07	6.2137
-9e+06	6.1759
-8e+06	6.1503
-7e+06	6.1379
-6e+06	6.1294
-5e+06	6.1407
-4e+06	6.1278
-3e+06	6.1115
-2e+06	6.094
-1e+06	6.085
0	6.1373
1e+06	6.0719
2e+06	6.091
3e+06	6.1076
4e+06	6.123
5e+06	6.1348
6e+06	6.1436
7e+06	6.1525
8e+06	6.1658
9e+06	6.1711
1e+07	6.2227
1.1e+07	6.3078
1.2e+07	6.4363
1.3e+07	6.6127
1.4e+07	6.837
1.5e+07	7.1068
1.6e+07	7.4225
1.7e+07	7.8024
1.8e+07	8.2973
1.9e+07	9.0104
2e+07	10.093
2.1e+07	11.666
2.2e+07	13.739
2.3e+07	16.166
2.4e+07	18.755
