-2.4e+07	-42.923
-2.3e+07	-40.12
-2.2e+07	-37.557
-2.1e+07	-35.401
-2e+07	-33.766
-1.9e+07	-32.668
-1.8e+07	-31.951
-1.7e+07	-31.457
-1.6e+07	-31.081
-1.5e+07	-30.755
-1.4e+07	-30.495
-1.3e+07	-30.278
-1.2e+07	-30.11
-1.1e+07	-29.977
-1e+07	-29.901
-9e+06	-29.857
-8e+06	-29.837
-7e+06	-29.83
-6e+06	-29.826
-5e+06	-29.821
-4e+06	-29.81
-3e+06	-29.797
-2e+06	-29.768
-1e+06	-29.749
0	-29.375
1e+06	-29.751
2e+06	-29.764
3e+06	-29.776
4e+06	-29.774
5e+06	-29.779
6e+06	-29.784
7e+06	-29.785
8e+06	-29.791
9e+06	-29.811
1e+07	-29.853
1.1e+07	-29.919
1.2e+07	-30.04
1.3e+07	-30.211
1.4e+07	-30.43
1.5e+07	-30.699
1.6e+07	-31.013
1.7e+07	-31.396
1.8e+07	-31.896
1.9e+07	-32.622
2e+07	-33.73
2.1e+07	-35.361
2.2e+07	-37.528
2.3e+07	-40.103
2.4e+07	-42.911
