-2.4e+07	-37.129
-2.3e+07	-34.564
-2.2e+07	-32.161
-2.1e+07	-30.096
-2e+07	-28.539
-1.9e+07	-27.475
-1.8e+07	-26.779
-1.7e+07	-26.299
-1.6e+07	-25.936
-1.5e+07	-25.625
-1.4e+07	-25.373
-1.3e+07	-25.166
-1.2e+07	-25.008
-1.1e+07	-24.897
-1e+07	-24.83
-9e+06	-24.786
-8e+06	-24.766
-7e+06	-24.769
-6e+06	-24.776
-5e+06	-24.783
-4e+06	-24.786
-3e+06	-24.774
-2e+06	-24.773
-1e+06	-24.769
0	-24.078
1e+06	-24.785
2e+06	-24.82
3e+06	-24.85
4e+06	-24.869
5e+06	-24.894
6e+06	-24.925
7e+06	-24.945
8e+06	-24.969
9e+06	-25.006
1e+07	-25.056
1.1e+07	-25.149
1.2e+07	-25.286
1.3e+07	-25.469
1.4e+07	-25.701
1.5e+07	-25.978
1.6e+07	-26.292
1.7e+07	-26.689
1.8e+07	-27.192
1.9e+07	-27.91
2e+07	-28.993
2.1e+07	-30.568
2.2e+07	-32.626
2.3e+07	-35.039
2.4e+07	-37.596
