-2.4e+07	3.7813
-2.3e+07	1.2129
-2.2e+07	-1.1943
-2.1e+07	-3.2594
-2e+07	-4.8182
-1.9e+07	-5.8817
-1.8e+07	-6.5785
-1.7e+07	-7.0576
-1.6e+07	-7.4214
-1.5e+07	-7.7309
-1.4e+07	-7.9839
-1.3e+07	-8.1902
-1.2e+07	-8.3496
-1.1e+07	-8.46
-1e+07	-8.5275
-9e+06	-8.5723
-8e+06	-8.5828
-7e+06	-8.5911
-6e+06	-8.5852
-5e+06	-8.5808
-4e+06	-8.5791
-3e+06	-8.5909
-2e+06	-8.5942
-1e+06	-8.5987
0	-8.5874
1e+06	-8.5852
2e+06	-8.5528
3e+06	-8.5236
4e+06	-8.5067
5e+06	-8.4831
6e+06	-8.4638
7e+06	-8.445
8e+06	-8.4233
9e+06	-8.388
1e+07	-8.3385
1.1e+07	-8.2465
1.2e+07	-8.1106
1.3e+07	-7.9181
1.4e+07	-7.6869
1.5e+07	-7.4104
1.6e+07	-7.0977
1.7e+07	-6.7093
1.8e+07	-6.2078
1.9e+07	-5.4883
2e+07	-4.403
2.1e+07	-2.8278
2.2e+07	-0.76796
2.3e+07	1.6484
2.4e+07	4.2142
