-2.4e+07	-37.971
-2.3e+07	-35.453
-2.2e+07	-33.08
-2.1e+07	-31.05
-2e+07	-29.507
-1.9e+07	-28.455
-1.8e+07	-27.768
-1.7e+07	-27.295
-1.6e+07	-26.937
-1.5e+07	-26.643
-1.4e+07	-26.394
-1.3e+07	-26.191
-1.2e+07	-26.036
-1.1e+07	-25.927
-1e+07	-25.861
-9e+06	-25.83
-8e+06	-25.82
-7e+06	-25.823
-6e+06	-25.83
-5e+06	-25.836
-4e+06	-25.838
-3e+06	-25.836
-2e+06	-25.832
-1e+06	-25.827
0	-25.613
1e+06	-25.837
2e+06	-25.867
3e+06	-25.894
4e+06	-25.918
5e+06	-25.938
6e+06	-25.953
7e+06	-25.967
8e+06	-25.984
9e+06	-26.013
1e+07	-26.065
1.1e+07	-26.149
1.2e+07	-26.275
1.3e+07	-26.448
1.4e+07	-26.668
1.5e+07	-26.931
1.6e+07	-27.243
1.7e+07	-27.616
1.8e+07	-28.101
1.9e+07	-28.802
2e+07	-29.864
2.1e+07	-31.414
2.2e+07	-33.447
2.3e+07	-35.821
2.4e+07	-38.327
