-2.4e+07	4.8854
-2.3e+07	2.3623
-2.2e+07	-0.012774
-2.1e+07	-2.0458
-2e+07	-3.5992
-1.9e+07	-4.6504
-1.8e+07	-5.339
-1.7e+07	-5.8104
-1.6e+07	-6.1683
-1.5e+07	-6.4612
-1.4e+07	-6.7084
-1.3e+07	-6.9099
-1.2e+07	-7.0645
-1.1e+07	-7.1711
-1e+07	-7.235
-9e+06	-7.2655
-8e+06	-7.2732
-7e+06	-7.2678
-6e+06	-7.2588
-5e+06	-7.251
-4e+06	-7.2572
-3e+06	-7.2575
-2e+06	-7.2592
-1e+06	-7.2631
0	-7.9592
1e+06	-7.25
2e+06	-7.2173
3e+06	-7.1895
4e+06	-7.1651
5e+06	-7.1439
6e+06	-7.1274
7e+06	-7.1023
8e+06	-7.0845
9e+06	-7.054
1e+07	-7.0006
1.1e+07	-6.9148
1.2e+07	-6.7869
1.3e+07	-6.6132
1.4e+07	-6.3916
1.5e+07	-6.1264
1.6e+07	-5.8138
1.7e+07	-5.4389
1.8e+07	-4.9511
1.9e+07	-4.2387
2e+07	-3.1732
2.1e+07	-1.6203
2.2e+07	0.41725
2.3e+07	2.7942
2.4e+07	5.3072
