-2.4e+07	-53.592
-2.3e+07	-51.095
-2.2e+07	-48.742
-2.1e+07	-46.724
-2e+07	-45.191
-1.9e+07	-44.146
-1.8e+07	-43.461
-1.7e+07	-42.992
-1.6e+07	-42.635
-1.5e+07	-42.352
-1.4e+07	-42.105
-1.3e+07	-41.904
-1.2e+07	-41.749
-1.1e+07	-41.641
-1e+07	-41.576
-9e+06	-41.544
-8e+06	-41.535
-7e+06	-41.538
-6e+06	-41.545
-5e+06	-41.56
-4e+06	-41.561
-3e+06	-41.558
-2e+06	-41.554
-1e+06	-41.548
0	-41.925
1e+06	-41.556
2e+06	-41.587
3e+06	-41.614
4e+06	-41.638
5e+06	-41.659
6e+06	-41.665
7e+06	-41.681
8e+06	-41.7
9e+06	-41.733
1e+07	-41.789
1.1e+07	-41.877
1.2e+07	-42.008
1.3e+07	-42.186
1.4e+07	-42.413
1.5e+07	-42.685
1.6e+07	-42.993
1.7e+07	-43.364
1.8e+07	-43.859
1.9e+07	-44.568
2e+07	-45.634
2.1e+07	-47.189
2.2e+07	-49.223
2.3e+07	-51.588
2.4e+07	-54.084
