-2.4e+07	-38.815
-2.3e+07	-36.334
-2.2e+07	-33.989
-2.1e+07	-31.976
-2e+07	-30.45
-1.9e+07	-29.406
-1.8e+07	-28.723
-1.7e+07	-28.256
-1.6e+07	-27.9
-1.5e+07	-27.616
-1.4e+07	-27.371
-1.3e+07	-27.169
-1.2e+07	-27.004
-1.1e+07	-26.896
-1e+07	-26.829
-9e+06	-26.797
-8e+06	-26.785
-7e+06	-26.788
-6e+06	-26.793
-5e+06	-26.807
-4e+06	-26.807
-3e+06	-26.803
-2e+06	-26.797
-1e+06	-26.789
0	-26.485
1e+06	-26.794
2e+06	-26.824
3e+06	-26.85
4e+06	-26.873
5e+06	-26.892
6e+06	-26.897
7e+06	-26.913
8e+06	-26.932
9e+06	-26.963
1e+07	-27.017
1.1e+07	-27.106
1.2e+07	-27.236
1.3e+07	-27.426
1.4e+07	-27.652
1.5e+07	-27.924
1.6e+07	-28.232
1.7e+07	-28.613
1.8e+07	-29.106
1.9e+07	-29.814
2e+07	-30.882
2.1e+07	-32.432
2.2e+07	-34.46
2.3e+07	-36.818
2.4e+07	-39.301
