-2.4e+07	-39.45
-2.3e+07	-36.991
-2.2e+07	-34.663
-2.1e+07	-32.651
-2e+07	-31.126
-1.9e+07	-30.082
-1.8e+07	-29.388
-1.7e+07	-28.917
-1.6e+07	-28.558
-1.5e+07	-28.263
-1.4e+07	-28.006
-1.3e+07	-27.803
-1.2e+07	-27.659
-1.1e+07	-27.543
-1e+07	-27.479
-9e+06	-27.45
-8e+06	-27.435
-7e+06	-27.442
-6e+06	-27.453
-5e+06	-27.465
-4e+06	-27.463
-3e+06	-27.469
-2e+06	-27.471
-1e+06	-27.464
0	-27.407
1e+06	-27.491
2e+06	-27.52
3e+06	-27.557
4e+06	-27.59
5e+06	-27.61
6e+06	-27.636
7e+06	-27.66
8e+06	-27.687
9e+06	-27.736
1e+07	-27.798
1.1e+07	-27.883
1.2e+07	-28.019
1.3e+07	-28.201
1.4e+07	-28.419
1.5e+07	-28.691
1.6e+07	-29.008
1.7e+07	-29.377
1.8e+07	-29.865
1.9e+07	-30.565
2e+07	-31.604
2.1e+07	-33.141
2.2e+07	-35.14
2.3e+07	-37.464
2.4e+07	-39.903
