-2.4e+07	6.5449
-2.3e+07	4.0758
-2.2e+07	1.7428
-2.1e+07	-0.27462
-2e+07	-1.8032
-1.9e+07	-2.8506
-1.8e+07	-3.5486
-1.7e+07	-4.0234
-1.6e+07	-4.3946
-1.5e+07	-4.6927
-1.4e+07	-4.9527
-1.3e+07	-5.1571
-1.2e+07	-5.314
-1.1e+07	-5.4332
-1e+07	-5.4991
-9e+06	-5.5302
-8e+06	-5.5474
-7e+06	-5.5425
-6e+06	-5.5324
-5e+06	-5.5235
-4e+06	-5.5266
-3e+06	-5.5226
-2e+06	-5.5207
-1e+06	-5.5295
0	-6.5333
1e+06	-5.504
2e+06	-5.4744
3e+06	-5.4383
4e+06	-5.3949
5e+06	-5.3753
6e+06	-5.3481
7e+06	-5.3241
8e+06	-5.2957
9e+06	-5.2556
1e+07	-5.1929
1.1e+07	-5.1071
1.2e+07	-4.9602
1.3e+07	-4.7768
1.4e+07	-4.5565
1.5e+07	-4.2833
1.6e+07	-3.9629
1.7e+07	-3.5925
1.8e+07	-3.1006
1.9e+07	-2.3975
2e+07	-1.3439
2.1e+07	0.19486
2.2e+07	2.2001
2.3e+07	4.5235
2.4e+07	6.9753
