-2.4e+07	-43.096
-2.3e+07	-40.3
-2.2e+07	-37.733
-2.1e+07	-35.575
-2e+07	-33.95
-1.9e+07	-32.848
-1.8e+07	-32.126
-1.7e+07	-31.63
-1.6e+07	-31.253
-1.5e+07	-30.943
-1.4e+07	-30.678
-1.3e+07	-30.461
-1.2e+07	-30.292
-1.1e+07	-30.174
-1e+07	-30.101
-9e+06	-30.063
-8e+06	-30.048
-7e+06	-30.044
-6e+06	-30.045
-5e+06	-30.044
-4e+06	-30.025
-3e+06	-30.016
-2e+06	-30.006
-1e+06	-29.993
0	-29.878
1e+06	-30
2e+06	-30.018
3e+06	-30.036
4e+06	-30.053
5e+06	-30.065
6e+06	-30.073
7e+06	-30.066
8e+06	-30.078
9e+06	-30.101
1e+07	-30.149
1.1e+07	-30.229
1.2e+07	-30.355
1.3e+07	-30.528
1.4e+07	-30.751
1.5e+07	-31.021
1.6e+07	-31.336
1.7e+07	-31.72
1.8e+07	-32.223
1.9e+07	-32.951
2e+07	-34.058
2.1e+07	-35.688
2.2e+07	-37.852
2.3e+07	-40.422
2.4e+07	-43.226
