-2.4e+07	8.2625
-2.3e+07	5.4442
-2.2e+07	2.8628
-2.1e+07	0.69162
-2e+07	-0.93614
-1.9e+07	-2.0367
-1.8e+07	-2.7528
-1.7e+07	-3.2448
-1.6e+07	-3.6181
-1.5e+07	-3.9242
-1.4e+07	-4.186
-1.3e+07	-4.4008
-1.2e+07	-4.5676
-1.1e+07	-4.6857
-1e+07	-4.7628
-9e+06	-4.8017
-8e+06	-4.8189
-7e+06	-4.8237
-6e+06	-4.824
-5e+06	-4.8255
-4e+06	-4.8451
-3e+06	-4.8542
-2e+06	-4.8678
-1e+06	-4.8807
0	-4.9945
1e+06	-4.8776
2e+06	-4.8623
3e+06	-4.8473
4e+06	-4.8346
5e+06	-4.8248
6e+06	-4.8206
7e+06	-4.8314
8e+06	-4.8249
9e+06	-4.8066
1e+07	-4.7655
1.1e+07	-4.6882
1.2e+07	-4.5678
1.3e+07	-4.4
1.4e+07	-4.1836
1.5e+07	-3.9224
1.6e+07	-3.6113
1.7e+07	-3.2218
1.8e+07	-2.728
1.9e+07	-2.0237
2e+07	-0.92374
2.1e+07	0.70656
2.2e+07	2.8761
2.3e+07	5.4576
2.4e+07	8.2719
