-2.4e+07	-5.4859
-2.3e+07	-8.2808
-2.2e+07	-10.847
-2.1e+07	-13.012
-2e+07	-14.641
-1.9e+07	-15.748
-1.8e+07	-16.474
-1.7e+07	-16.976
-1.6e+07	-17.36
-1.5e+07	-17.683
-1.4e+07	-17.952
-1.3e+07	-18.176
-1.2e+07	-18.352
-1.1e+07	-18.479
-1e+07	-18.564
-9e+06	-18.615
-8e+06	-18.642
-7e+06	-18.655
-6e+06	-18.678
-5e+06	-18.688
-4e+06	-18.702
-3e+06	-18.725
-2e+06	-18.744
-1e+06	-18.764
0	-18.589
1e+06	-18.772
2e+06	-18.76
3e+06	-18.749
4e+06	-18.755
5e+06	-18.748
6e+06	-18.744
7e+06	-18.739
8e+06	-18.73
9e+06	-18.708
1e+07	-18.667
1.1e+07	-18.597
1.2e+07	-18.47
1.3e+07	-18.295
1.4e+07	-18.068
1.5e+07	-17.794
1.6e+07	-17.476
1.7e+07	-17.087
1.8e+07	-16.578
1.9e+07	-15.842
2e+07	-14.726
2.1e+07	-13.086
2.2e+07	-10.919
2.3e+07	-8.3374
2.4e+07	-5.5311
