-2.4e+07	-27.561
-2.3e+07	-24.752
-2.2e+07	-22.171
-2.1e+07	-19.997
-2e+07	-18.368
-1.9e+07	-17.26
-1.8e+07	-16.524
-1.7e+07	-16.026
-1.6e+07	-15.658
-1.5e+07	-15.337
-1.4e+07	-15.069
-1.3e+07	-14.846
-1.2e+07	-14.671
-1.1e+07	-14.543
-1e+07	-14.46
-9e+06	-14.407
-8e+06	-14.382
-7e+06	-14.368
-6e+06	-14.346
-5e+06	-14.336
-4e+06	-14.32
-3e+06	-14.298
-2e+06	-14.277
-1e+06	-14.256
0	-14.38
1e+06	-14.247
2e+06	-14.258
3e+06	-14.268
4e+06	-14.26
5e+06	-14.267
6e+06	-14.269
7e+06	-14.271
8e+06	-14.278
9e+06	-14.299
1e+07	-14.338
1.1e+07	-14.418
1.2e+07	-14.543
1.3e+07	-14.704
1.4e+07	-14.927
1.5e+07	-15.197
1.6e+07	-15.513
1.7e+07	-15.899
1.8e+07	-16.39
1.9e+07	-17.121
2e+07	-18.235
2.1e+07	-19.876
2.2e+07	-22.052
2.3e+07	-24.645
2.4e+07	-27.466
