-2.4e+07	-27.688
-2.3e+07	-24.872
-2.2e+07	-22.286
-2.1e+07	-20.111
-2e+07	-18.463
-1.9e+07	-17.351
-1.8e+07	-16.623
-1.7e+07	-16.114
-1.6e+07	-15.73
-1.5e+07	-15.413
-1.4e+07	-15.145
-1.3e+07	-14.923
-1.2e+07	-14.724
-1.1e+07	-14.602
-1e+07	-14.518
-9e+06	-14.475
-8e+06	-14.458
-7e+06	-14.454
-6e+06	-14.454
-5e+06	-14.455
-4e+06	-14.452
-3e+06	-14.439
-2e+06	-14.433
-1e+06	-14.426
0	-14.143
1e+06	-14.448
2e+06	-14.475
3e+06	-14.501
4e+06	-14.505
5e+06	-14.528
6e+06	-14.545
7e+06	-14.561
8e+06	-14.583
9e+06	-14.618
1e+07	-14.667
1.1e+07	-14.747
1.2e+07	-14.883
1.3e+07	-15.08
1.4e+07	-15.312
1.5e+07	-15.591
1.6e+07	-15.91
1.7e+07	-16.301
1.8e+07	-16.798
1.9e+07	-17.532
2e+07	-18.647
2.1e+07	-20.287
2.2e+07	-22.459
2.3e+07	-25.042
2.4e+07	-27.854
