-2.4e+07	-5.3304
-2.3e+07	-8.137
-2.2e+07	-10.713
-2.1e+07	-12.883
-2e+07	-14.53
-1.9e+07	-15.645
-1.8e+07	-16.378
-1.7e+07	-16.893
-1.6e+07	-17.28
-1.5e+07	-17.602
-1.4e+07	-17.874
-1.3e+07	-18.1
-1.2e+07	-18.288
-1.1e+07	-18.415
-1e+07	-18.504
-9e+06	-18.551
-8e+06	-18.572
-7e+06	-18.581
-6e+06	-18.585
-5e+06	-18.589
-4e+06	-18.596
-3e+06	-18.613
-2e+06	-18.625
-1e+06	-18.637
0	-18.498
1e+06	-18.625
2e+06	-18.603
3e+06	-18.581
4e+06	-18.583
5e+06	-18.565
6e+06	-18.551
7e+06	-18.538
8e+06	-18.521
9e+06	-18.491
1e+07	-18.444
1.1e+07	-18.369
1.2e+07	-18.236
1.3e+07	-18.055
1.4e+07	-17.825
1.5e+07	-17.548
1.6e+07	-17.23
1.7e+07	-16.839
1.8e+07	-16.342
1.9e+07	-15.608
2e+07	-14.493
2.1e+07	-12.858
2.2e+07	-10.696
2.3e+07	-8.1248
2.4e+07	-5.3198
