-2.4e+07	-27.878
-2.3e+07	-25.071
-2.2e+07	-22.483
-2.1e+07	-20.316
-2e+07	-18.687
-1.9e+07	-17.567
-1.8e+07	-16.845
-1.7e+07	-16.347
-1.6e+07	-15.968
-1.5e+07	-15.655
-1.4e+07	-15.376
-1.3e+07	-15.156
-1.2e+07	-14.999
-1.1e+07	-14.864
-1e+07	-14.788
-9e+06	-14.731
-8e+06	-14.712
-7e+06	-14.705
-6e+06	-14.691
-5e+06	-14.687
-4e+06	-14.681
-3e+06	-14.659
-2e+06	-14.645
-1e+06	-14.632
0	-14.761
1e+06	-14.638
2e+06	-14.645
3e+06	-14.663
4e+06	-14.679
5e+06	-14.679
6e+06	-14.688
7e+06	-14.695
8e+06	-14.693
9e+06	-14.718
1e+07	-14.768
1.1e+07	-14.836
1.2e+07	-14.963
1.3e+07	-15.14
1.4e+07	-15.352
1.5e+07	-15.623
1.6e+07	-15.943
1.7e+07	-16.316
1.8e+07	-16.821
1.9e+07	-17.55
2e+07	-18.651
2.1e+07	-20.286
2.2e+07	-22.46
2.3e+07	-25.041
2.4e+07	-27.851
