-2.4e+07	-43.458
-2.3e+07	-40.662
-2.2e+07	-38.083
-2.1e+07	-35.92
-2e+07	-34.294
-1.9e+07	-33.186
-1.8e+07	-32.461
-1.7e+07	-31.947
-1.6e+07	-31.565
-1.5e+07	-31.248
-1.4e+07	-30.968
-1.3e+07	-30.747
-1.2e+07	-30.574
-1.1e+07	-30.438
-1e+07	-30.359
-9e+06	-30.314
-8e+06	-30.292
-7e+06	-30.283
-6e+06	-30.266
-5e+06	-30.26
-4e+06	-30.251
-3e+06	-30.224
-2e+06	-30.207
-1e+06	-30.178
0	-29.91
1e+06	-30.18
2e+06	-30.196
3e+06	-30.211
4e+06	-30.225
5e+06	-30.223
6e+06	-30.23
7e+06	-30.236
8e+06	-30.232
9e+06	-30.256
1e+07	-30.304
1.1e+07	-30.371
1.2e+07	-30.498
1.3e+07	-30.673
1.4e+07	-30.885
1.5e+07	-31.157
1.6e+07	-31.478
1.7e+07	-31.864
1.8e+07	-32.371
1.9e+07	-33.101
2e+07	-34.203
2.1e+07	-35.835
2.2e+07	-38.003
2.3e+07	-40.565
2.4e+07	-43.365
