-2.4e+07	-27.864
-2.3e+07	-25.055
-2.2e+07	-22.476
-2.1e+07	-20.305
-2e+07	-18.674
-1.9e+07	-17.564
-1.8e+07	-16.839
-1.7e+07	-16.338
-1.6e+07	-15.958
-1.5e+07	-15.646
-1.4e+07	-15.368
-1.3e+07	-15.151
-1.2e+07	-14.985
-1.1e+07	-14.867
-1e+07	-14.793
-9e+06	-14.756
-8e+06	-14.731
-7e+06	-14.732
-6e+06	-14.738
-5e+06	-14.744
-4e+06	-14.746
-3e+06	-14.745
-2e+06	-14.742
-1e+06	-14.739
0	-14.776
1e+06	-14.77
2e+06	-14.8
3e+06	-14.828
4e+06	-14.856
5e+06	-14.88
6e+06	-14.9
7e+06	-14.905
8e+06	-14.927
9e+06	-14.962
1e+07	-15.02
1.1e+07	-15.112
1.2e+07	-15.247
1.3e+07	-15.443
1.4e+07	-15.674
1.5e+07	-15.952
1.6e+07	-16.277
1.7e+07	-16.667
1.8e+07	-17.174
1.9e+07	-17.894
2e+07	-19.009
2.1e+07	-20.642
2.2e+07	-22.814
2.3e+07	-25.387
2.4e+07	-28.189
