-2.4e+07	-5.5981
-2.3e+07	-8.404
-2.2e+07	-10.979
-2.1e+07	-13.148
-2e+07	-14.782
-1.9e+07	-15.895
-1.8e+07	-16.626
-1.7e+07	-17.132
-1.6e+07	-17.517
-1.5e+07	-17.835
-1.4e+07	-18.118
-1.3e+07	-18.34
-1.2e+07	-18.511
-1.1e+07	-18.634
-1e+07	-18.712
-9e+06	-18.755
-8e+06	-18.773
-7e+06	-18.778
-6e+06	-18.777
-5e+06	-18.776
-4e+06	-18.793
-3e+06	-18.799
-2e+06	-18.806
-1e+06	-18.814
0	-19.016
1e+06	-18.793
2e+06	-18.766
3e+06	-18.741
4e+06	-18.717
5e+06	-18.696
6e+06	-18.679
7e+06	-18.663
8e+06	-18.643
9e+06	-18.61
1e+07	-18.554
1.1e+07	-18.463
1.2e+07	-18.328
1.3e+07	-18.145
1.4e+07	-17.913
1.5e+07	-17.635
1.6e+07	-17.31
1.7e+07	-16.919
1.8e+07	-16.41
1.9e+07	-15.689
2e+07	-14.573
2.1e+07	-12.941
2.2e+07	-10.774
2.3e+07	-8.202
2.4e+07	-5.3986
