4e+08	-2.4e+07	-27.403
5e+08	-2.4e+07	-27.39
6e+08	-2.4e+07	-27.561
7e+08	-2.4e+07	-27.688
8e+08	-2.4e+07	-27.878
9e+08	-2.4e+07	-27.864
1e+09	-2.4e+07	-28.302
1.1e+09	-2.4e+07	-29.251
1.2e+09	-2.4e+07	-29.492
1.3e+09	-2.4e+07	-29.563
1.4e+09	-2.4e+07	-29.729
1.5e+09	-2.4e+07	-30.575
1.6e+09	-2.4e+07	-30.693
1.7e+09	-2.4e+07	-30.844
1.8e+09	-2.4e+07	-30.142
1.9e+09	-2.4e+07	-30.748
2e+09	-2.4e+07	-30.844
2.1e+09	-2.4e+07	-31.709
2.2e+09	-2.4e+07	-31.803
2.3e+09	-2.4e+07	-32.014
2.4e+09	-2.4e+07	-32.676
2.5e+09	-2.4e+07	-33.102
2.6e+09	-2.4e+07	-33.115
2.7e+09	-2.4e+07	-32.999
2.8e+09	-2.4e+07	-33.03
2.9e+09	-2.4e+07	-33.198
3e+09	-2.4e+07	-33.187
3.1e+09	-2.4e+07	-33.523
3.2e+09	-2.4e+07	-34.321
3.3e+09	-2.4e+07	-34.618
3.4e+09	-2.4e+07	-35.036
3.5e+09	-2.4e+07	-35.464
3.6e+09	-2.4e+07	-35.959
3.7e+09	-2.4e+07	-36.138
3.8e+09	-2.4e+07	-36.097
3.9e+09	-2.4e+07	-36.215
4e+09	-2.4e+07	-36.587
4.1e+09	-2.4e+07	-37.129
4.2e+09	-2.4e+07	-37.971
4.3e+09	-2.4e+07	-38.815
4.4e+09	-2.4e+07	-39.45
4e+08	-2.3e+07	-24.59
5e+08	-2.3e+07	-24.572
6e+08	-2.3e+07	-24.752
7e+08	-2.3e+07	-24.872
8e+08	-2.3e+07	-25.071
9e+08	-2.3e+07	-25.055
1e+09	-2.3e+07	-25.518
1.1e+09	-2.3e+07	-26.475
1.2e+09	-2.3e+07	-26.725
1.3e+09	-2.3e+07	-26.77
1.4e+09	-2.3e+07	-26.961
1.5e+09	-2.3e+07	-27.792
1.6e+09	-2.3e+07	-27.934
1.7e+09	-2.3e+07	-28.08
1.8e+09	-2.3e+07	-27.368
1.9e+09	-2.3e+07	-27.985
2e+09	-2.3e+07	-28.092
2.1e+09	-2.3e+07	-28.98
2.2e+09	-2.3e+07	-29.058
2.3e+09	-2.3e+07	-29.28
2.4e+09	-2.3e+07	-29.954
2.5e+09	-2.3e+07	-30.386
2.6e+09	-2.3e+07	-30.386
2.7e+09	-2.3e+07	-30.274
2.8e+09	-2.3e+07	-30.308
2.9e+09	-2.3e+07	-30.47
3e+09	-2.3e+07	-30.477
3.1e+09	-2.3e+07	-30.832
3.2e+09	-2.3e+07	-31.65
3.3e+09	-2.3e+07	-31.932
3.4e+09	-2.3e+07	-32.382
3.5e+09	-2.3e+07	-32.814
3.6e+09	-2.3e+07	-33.329
3.7e+09	-2.3e+07	-33.5
3.8e+09	-2.3e+07	-33.469
3.9e+09	-2.3e+07	-33.609
4e+09	-2.3e+07	-33.999
4.1e+09	-2.3e+07	-34.564
4.2e+09	-2.3e+07	-35.453
4.3e+09	-2.3e+07	-36.334
4.4e+09	-2.3e+07	-36.991
4e+08	-2.2e+07	-22.015
5e+08	-2.2e+07	-21.99
6e+08	-2.2e+07	-22.171
7e+08	-2.2e+07	-22.286
8e+08	-2.2e+07	-22.483
9e+08	-2.2e+07	-22.476
1e+09	-2.2e+07	-22.965
1.1e+09	-2.2e+07	-23.924
1.2e+09	-2.2e+07	-24.182
1.3e+09	-2.2e+07	-24.223
1.4e+09	-2.2e+07	-24.421
1.5e+09	-2.2e+07	-25.234
1.6e+09	-2.2e+07	-25.39
1.7e+09	-2.2e+07	-25.522
1.8e+09	-2.2e+07	-24.813
1.9e+09	-2.2e+07	-25.449
2e+09	-2.2e+07	-25.572
2.1e+09	-2.2e+07	-26.465
2.2e+09	-2.2e+07	-26.53
2.3e+09	-2.2e+07	-26.758
2.4e+09	-2.2e+07	-27.431
2.5e+09	-2.2e+07	-27.87
2.6e+09	-2.2e+07	-27.87
2.7e+09	-2.2e+07	-27.76
2.8e+09	-2.2e+07	-27.799
2.9e+09	-2.2e+07	-27.955
3e+09	-2.2e+07	-27.973
3.1e+09	-2.2e+07	-28.343
3.2e+09	-2.2e+07	-29.177
3.3e+09	-2.2e+07	-29.456
3.4e+09	-2.2e+07	-29.92
3.5e+09	-2.2e+07	-30.353
3.6e+09	-2.2e+07	-30.882
3.7e+09	-2.2e+07	-31.043
3.8e+09	-2.2e+07	-31.017
3.9e+09	-2.2e+07	-31.177
4e+09	-2.2e+07	-31.572
4.1e+09	-2.2e+07	-32.161
4.2e+09	-2.2e+07	-33.08
4.3e+09	-2.2e+07	-33.989
4.4e+09	-2.2e+07	-34.663
4e+08	-2.1e+07	-19.848
5e+08	-2.1e+07	-19.819
6e+08	-2.1e+07	-19.997
7e+08	-2.1e+07	-20.111
8e+08	-2.1e+07	-20.316
9e+08	-2.1e+07	-20.305
1e+09	-2.1e+07	-20.817
1.1e+09	-2.1e+07	-21.776
1.2e+09	-2.1e+07	-22.039
1.3e+09	-2.1e+07	-22.052
1.4e+09	-2.1e+07	-22.28
1.5e+09	-2.1e+07	-23.085
1.6e+09	-2.1e+07	-23.243
1.7e+09	-2.1e+07	-23.37
1.8e+09	-2.1e+07	-22.658
1.9e+09	-2.1e+07	-23.3
2e+09	-2.1e+07	-23.441
2.1e+09	-2.1e+07	-24.333
2.2e+09	-2.1e+07	-24.398
2.3e+09	-2.1e+07	-24.629
2.4e+09	-2.1e+07	-25.305
2.5e+09	-2.1e+07	-25.74
2.6e+09	-2.1e+07	-25.736
2.7e+09	-2.1e+07	-25.624
2.8e+09	-2.1e+07	-25.666
2.9e+09	-2.1e+07	-25.824
3e+09	-2.1e+07	-25.854
3.1e+09	-2.1e+07	-26.234
3.2e+09	-2.1e+07	-27.081
3.3e+09	-2.1e+07	-27.346
3.4e+09	-2.1e+07	-27.831
3.5e+09	-2.1e+07	-28.273
3.6e+09	-2.1e+07	-28.794
3.7e+09	-2.1e+07	-28.945
3.8e+09	-2.1e+07	-28.928
3.9e+09	-2.1e+07	-29.093
4e+09	-2.1e+07	-29.512
4.1e+09	-2.1e+07	-30.096
4.2e+09	-2.1e+07	-31.05
4.3e+09	-2.1e+07	-31.976
4.4e+09	-2.1e+07	-32.651
4e+08	-2e+07	-18.215
5e+08	-2e+07	-18.191
6e+08	-2e+07	-18.368
7e+08	-2e+07	-18.463
8e+08	-2e+07	-18.687
9e+08	-2e+07	-18.674
1e+09	-2e+07	-19.193
1.1e+09	-2e+07	-20.162
1.2e+09	-2e+07	-20.43
1.3e+09	-2e+07	-20.423
1.4e+09	-2e+07	-20.673
1.5e+09	-2e+07	-21.451
1.6e+09	-2e+07	-21.628
1.7e+09	-2e+07	-21.734
1.8e+09	-2e+07	-21.045
1.9e+09	-2e+07	-21.678
2e+09	-2e+07	-21.839
2.1e+09	-2e+07	-22.735
2.2e+09	-2e+07	-22.77
2.3e+09	-2e+07	-23.024
2.4e+09	-2e+07	-23.705
2.5e+09	-2e+07	-24.139
2.6e+09	-2e+07	-24.124
2.7e+09	-2e+07	-24.024
2.8e+09	-2e+07	-24.048
2.9e+09	-2e+07	-24.213
3e+09	-2e+07	-24.259
3.1e+09	-2e+07	-24.648
3.2e+09	-2e+07	-25.498
3.3e+09	-2e+07	-25.759
3.4e+09	-2e+07	-26.254
3.5e+09	-2e+07	-26.689
3.6e+09	-2e+07	-27.225
3.7e+09	-2e+07	-27.35
3.8e+09	-2e+07	-27.347
3.9e+09	-2e+07	-27.521
4e+09	-2e+07	-27.944
4.1e+09	-2e+07	-28.539
4.2e+09	-2e+07	-29.507
4.3e+09	-2e+07	-30.45
4.4e+09	-2e+07	-31.126
4e+08	-1.9e+07	-17.122
5e+08	-1.9e+07	-17.091
6e+08	-1.9e+07	-17.26
7e+08	-1.9e+07	-17.351
8e+08	-1.9e+07	-17.567
9e+08	-1.9e+07	-17.564
1e+09	-1.9e+07	-18.104
1.1e+09	-1.9e+07	-19.067
1.2e+09	-1.9e+07	-19.34
1.3e+09	-1.9e+07	-19.315
1.4e+09	-1.9e+07	-19.58
1.5e+09	-1.9e+07	-20.325
1.6e+09	-1.9e+07	-20.526
1.7e+09	-1.9e+07	-20.624
1.8e+09	-1.9e+07	-19.941
1.9e+09	-1.9e+07	-20.581
2e+09	-1.9e+07	-20.757
2.1e+09	-1.9e+07	-21.651
2.2e+09	-1.9e+07	-21.677
2.3e+09	-1.9e+07	-21.932
2.4e+09	-1.9e+07	-22.603
2.5e+09	-1.9e+07	-23.041
2.6e+09	-1.9e+07	-23.029
2.7e+09	-1.9e+07	-22.926
2.8e+09	-1.9e+07	-22.959
2.9e+09	-1.9e+07	-23.117
3e+09	-1.9e+07	-23.17
3.1e+09	-1.9e+07	-23.566
3.2e+09	-1.9e+07	-24.422
3.3e+09	-1.9e+07	-24.669
3.4e+09	-1.9e+07	-25.18
3.5e+09	-1.9e+07	-25.611
3.6e+09	-1.9e+07	-26.148
3.7e+09	-1.9e+07	-26.258
3.8e+09	-1.9e+07	-26.26
3.9e+09	-1.9e+07	-26.449
4e+09	-1.9e+07	-26.866
4.1e+09	-1.9e+07	-27.475
4.2e+09	-1.9e+07	-28.455
4.3e+09	-1.9e+07	-29.406
4.4e+09	-1.9e+07	-30.082
4e+08	-1.8e+07	-16.415
5e+08	-1.8e+07	-16.375
6e+08	-1.8e+07	-16.524
7e+08	-1.8e+07	-16.623
8e+08	-1.8e+07	-16.845
9e+08	-1.8e+07	-16.839
1e+09	-1.8e+07	-17.397
1.1e+09	-1.8e+07	-18.353
1.2e+09	-1.8e+07	-18.618
1.3e+09	-1.8e+07	-18.574
1.4e+09	-1.8e+07	-18.859
1.5e+09	-1.8e+07	-19.586
1.6e+09	-1.8e+07	-19.807
1.7e+09	-1.8e+07	-19.89
1.8e+09	-1.8e+07	-19.217
1.9e+09	-1.8e+07	-19.863
2e+09	-1.8e+07	-20.053
2.1e+09	-1.8e+07	-20.933
2.2e+09	-1.8e+07	-20.961
2.3e+09	-1.8e+07	-21.218
2.4e+09	-1.8e+07	-21.898
2.5e+09	-1.8e+07	-22.326
2.6e+09	-1.8e+07	-22.307
2.7e+09	-1.8e+07	-22.208
2.8e+09	-1.8e+07	-22.245
2.9e+09	-1.8e+07	-22.393
3e+09	-1.8e+07	-22.459
3.1e+09	-1.8e+07	-22.862
3.2e+09	-1.8e+07	-23.718
3.3e+09	-1.8e+07	-23.962
3.4e+09	-1.8e+07	-24.479
3.5e+09	-1.8e+07	-24.903
3.6e+09	-1.8e+07	-25.444
3.7e+09	-1.8e+07	-25.532
3.8e+09	-1.8e+07	-25.546
3.9e+09	-1.8e+07	-25.745
4e+09	-1.8e+07	-26.158
4.1e+09	-1.8e+07	-26.779
4.2e+09	-1.8e+07	-27.768
4.3e+09	-1.8e+07	-28.723
4.4e+09	-1.8e+07	-29.388
4e+08	-1.7e+07	-15.932
5e+08	-1.7e+07	-15.883
6e+08	-1.7e+07	-16.026
7e+08	-1.7e+07	-16.114
8e+08	-1.7e+07	-16.347
9e+08	-1.7e+07	-16.338
1e+09	-1.7e+07	-16.914
1.1e+09	-1.7e+07	-17.863
1.2e+09	-1.7e+07	-18.132
1.3e+09	-1.7e+07	-18.08
1.4e+09	-1.7e+07	-18.373
1.5e+09	-1.7e+07	-19.072
1.6e+09	-1.7e+07	-19.312
1.7e+09	-1.7e+07	-19.38
1.8e+09	-1.7e+07	-18.719
1.9e+09	-1.7e+07	-19.347
2e+09	-1.7e+07	-19.584
2.1e+09	-1.7e+07	-20.436
2.2e+09	-1.7e+07	-20.459
2.3e+09	-1.7e+07	-20.725
2.4e+09	-1.7e+07	-21.405
2.5e+09	-1.7e+07	-21.824
2.6e+09	-1.7e+07	-21.807
2.7e+09	-1.7e+07	-21.702
2.8e+09	-1.7e+07	-21.754
2.9e+09	-1.7e+07	-21.891
3e+09	-1.7e+07	-21.97
3.1e+09	-1.7e+07	-22.38
3.2e+09	-1.7e+07	-23.233
3.3e+09	-1.7e+07	-23.46
3.4e+09	-1.7e+07	-23.989
3.5e+09	-1.7e+07	-24.414
3.6e+09	-1.7e+07	-24.96
3.7e+09	-1.7e+07	-25.025
3.8e+09	-1.7e+07	-25.052
3.9e+09	-1.7e+07	-25.26
4e+09	-1.7e+07	-25.678
4.1e+09	-1.7e+07	-26.299
4.2e+09	-1.7e+07	-27.295
4.3e+09	-1.7e+07	-28.256
4.4e+09	-1.7e+07	-28.917
4e+08	-1.6e+07	-15.565
5e+08	-1.6e+07	-15.509
6e+08	-1.6e+07	-15.658
7e+08	-1.6e+07	-15.73
8e+08	-1.6e+07	-15.968
9e+08	-1.6e+07	-15.958
1e+09	-1.6e+07	-16.548
1.1e+09	-1.6e+07	-17.49
1.2e+09	-1.6e+07	-17.763
1.3e+09	-1.6e+07	-17.682
1.4e+09	-1.6e+07	-18.005
1.5e+09	-1.6e+07	-18.677
1.6e+09	-1.6e+07	-18.926
1.7e+09	-1.6e+07	-18.986
1.8e+09	-1.6e+07	-18.341
1.9e+09	-1.6e+07	-18.968
2e+09	-1.6e+07	-19.224
2.1e+09	-1.6e+07	-20.066
2.2e+09	-1.6e+07	-20.083
2.3e+09	-1.6e+07	-20.35
2.4e+09	-1.6e+07	-21.02
2.5e+09	-1.6e+07	-21.438
2.6e+09	-1.6e+07	-21.426
2.7e+09	-1.6e+07	-21.323
2.8e+09	-1.6e+07	-21.378
2.9e+09	-1.6e+07	-21.513
3e+09	-1.6e+07	-21.598
3.1e+09	-1.6e+07	-22.016
3.2e+09	-1.6e+07	-22.854
3.3e+09	-1.6e+07	-23.09
3.4e+09	-1.6e+07	-23.625
3.5e+09	-1.6e+07	-24.041
3.6e+09	-1.6e+07	-24.589
3.7e+09	-1.6e+07	-24.632
3.8e+09	-1.6e+07	-24.683
3.9e+09	-1.6e+07	-24.89
4e+09	-1.6e+07	-25.314
4.1e+09	-1.6e+07	-25.936
4.2e+09	-1.6e+07	-26.937
4.3e+09	-1.6e+07	-27.9
4.4e+09	-1.6e+07	-28.558
4e+08	-1.5e+07	-15.247
5e+08	-1.5e+07	-15.203
6e+08	-1.5e+07	-15.337
7e+08	-1.5e+07	-15.413
8e+08	-1.5e+07	-15.655
9e+08	-1.5e+07	-15.646
1e+09	-1.5e+07	-16.236
1.1e+09	-1.5e+07	-17.184
1.2e+09	-1.5e+07	-17.46
1.3e+09	-1.5e+07	-17.36
1.4e+09	-1.5e+07	-17.692
1.5e+09	-1.5e+07	-18.345
1.6e+09	-1.5e+07	-18.617
1.7e+09	-1.5e+07	-18.647
1.8e+09	-1.5e+07	-18.041
1.9e+09	-1.5e+07	-18.654
2e+09	-1.5e+07	-18.931
2.1e+09	-1.5e+07	-19.761
2.2e+09	-1.5e+07	-19.773
2.3e+09	-1.5e+07	-20.041
2.4e+09	-1.5e+07	-20.71
2.5e+09	-1.5e+07	-21.126
2.6e+09	-1.5e+07	-21.101
2.7e+09	-1.5e+07	-21.009
2.8e+09	-1.5e+07	-21.067
2.9e+09	-1.5e+07	-21.191
3e+09	-1.5e+07	-21.29
3.1e+09	-1.5e+07	-21.715
3.2e+09	-1.5e+07	-22.55
3.3e+09	-1.5e+07	-22.787
3.4e+09	-1.5e+07	-23.326
3.5e+09	-1.5e+07	-23.744
3.6e+09	-1.5e+07	-24.272
3.7e+09	-1.5e+07	-24.305
3.8e+09	-1.5e+07	-24.369
3.9e+09	-1.5e+07	-24.573
4e+09	-1.5e+07	-25.002
4.1e+09	-1.5e+07	-25.625
4.2e+09	-1.5e+07	-26.643
4.3e+09	-1.5e+07	-27.616
4.4e+09	-1.5e+07	-28.263
4e+08	-1.4e+07	-14.989
5e+08	-1.4e+07	-14.941
6e+08	-1.4e+07	-15.069
7e+08	-1.4e+07	-15.145
8e+08	-1.4e+07	-15.376
9e+08	-1.4e+07	-15.368
1e+09	-1.4e+07	-15.987
1.1e+09	-1.4e+07	-16.913
1.2e+09	-1.4e+07	-17.193
1.3e+09	-1.4e+07	-17.087
1.4e+09	-1.4e+07	-17.438
1.5e+09	-1.4e+07	-18.064
1.6e+09	-1.4e+07	-18.357
1.7e+09	-1.4e+07	-18.365
1.8e+09	-1.4e+07	-17.781
1.9e+09	-1.4e+07	-18.379
2e+09	-1.4e+07	-18.697
2.1e+09	-1.4e+07	-19.502
2.2e+09	-1.4e+07	-19.502
2.3e+09	-1.4e+07	-19.789
2.4e+09	-1.4e+07	-20.447
2.5e+09	-1.4e+07	-20.853
2.6e+09	-1.4e+07	-20.834
2.7e+09	-1.4e+07	-20.742
2.8e+09	-1.4e+07	-20.804
2.9e+09	-1.4e+07	-20.927
3e+09	-1.4e+07	-21.032
3.1e+09	-1.4e+07	-21.464
3.2e+09	-1.4e+07	-22.291
3.3e+09	-1.4e+07	-22.522
3.4e+09	-1.4e+07	-23.076
3.5e+09	-1.4e+07	-23.483
3.6e+09	-1.4e+07	-24.011
3.7e+09	-1.4e+07	-24.023
3.8e+09	-1.4e+07	-24.103
3.9e+09	-1.4e+07	-24.314
4e+09	-1.4e+07	-24.737
4.1e+09	-1.4e+07	-25.373
4.2e+09	-1.4e+07	-26.394
4.3e+09	-1.4e+07	-27.371
4.4e+09	-1.4e+07	-28.006
4e+08	-1.3e+07	-14.777
5e+08	-1.3e+07	-14.727
6e+08	-1.3e+07	-14.846
7e+08	-1.3e+07	-14.923
8e+08	-1.3e+07	-15.156
9e+08	-1.3e+07	-15.151
1e+09	-1.3e+07	-15.782
1.1e+09	-1.3e+07	-16.703
1.2e+09	-1.3e+07	-16.984
1.3e+09	-1.3e+07	-16.848
1.4e+09	-1.3e+07	-17.231
1.5e+09	-1.3e+07	-17.828
1.6e+09	-1.3e+07	-18.145
1.7e+09	-1.3e+07	-18.118
1.8e+09	-1.3e+07	-17.569
1.9e+09	-1.3e+07	-18.15
2e+09	-1.3e+07	-18.501
2.1e+09	-1.3e+07	-19.279
2.2e+09	-1.3e+07	-19.286
2.3e+09	-1.3e+07	-19.575
2.4e+09	-1.3e+07	-20.221
2.5e+09	-1.3e+07	-20.626
2.6e+09	-1.3e+07	-20.612
2.7e+09	-1.3e+07	-20.512
2.8e+09	-1.3e+07	-20.588
2.9e+09	-1.3e+07	-20.7
3e+09	-1.3e+07	-20.819
3.1e+09	-1.3e+07	-21.258
3.2e+09	-1.3e+07	-22.078
3.3e+09	-1.3e+07	-22.314
3.4e+09	-1.3e+07	-22.871
3.5e+09	-1.3e+07	-23.268
3.6e+09	-1.3e+07	-23.796
3.7e+09	-1.3e+07	-23.789
3.8e+09	-1.3e+07	-23.884
3.9e+09	-1.3e+07	-24.101
4e+09	-1.3e+07	-24.527
4.1e+09	-1.3e+07	-25.166
4.2e+09	-1.3e+07	-26.191
4.3e+09	-1.3e+07	-27.169
4.4e+09	-1.3e+07	-27.803
4e+08	-1.2e+07	-14.612
5e+08	-1.2e+07	-14.56
6e+08	-1.2e+07	-14.671
7e+08	-1.2e+07	-14.724
8e+08	-1.2e+07	-14.999
9e+08	-1.2e+07	-14.985
1e+09	-1.2e+07	-15.638
1.1e+09	-1.2e+07	-16.539
1.2e+09	-1.2e+07	-16.823
1.3e+09	-1.2e+07	-16.682
1.4e+09	-1.2e+07	-17.049
1.5e+09	-1.2e+07	-17.631
1.6e+09	-1.2e+07	-17.971
1.7e+09	-1.2e+07	-17.931
1.8e+09	-1.2e+07	-17.406
1.9e+09	-1.2e+07	-17.978
2e+09	-1.2e+07	-18.363
2.1e+09	-1.2e+07	-19.113
2.2e+09	-1.2e+07	-19.12
2.3e+09	-1.2e+07	-19.41
2.4e+09	-1.2e+07	-20.053
2.5e+09	-1.2e+07	-20.457
2.6e+09	-1.2e+07	-20.441
2.7e+09	-1.2e+07	-20.341
2.8e+09	-1.2e+07	-20.411
2.9e+09	-1.2e+07	-20.521
3e+09	-1.2e+07	-20.654
3.1e+09	-1.2e+07	-21.102
3.2e+09	-1.2e+07	-21.912
3.3e+09	-1.2e+07	-22.146
3.4e+09	-1.2e+07	-22.715
3.5e+09	-1.2e+07	-23.101
3.6e+09	-1.2e+07	-23.628
3.7e+09	-1.2e+07	-23.602
3.8e+09	-1.2e+07	-23.702
3.9e+09	-1.2e+07	-23.935
4e+09	-1.2e+07	-24.356
4.1e+09	-1.2e+07	-25.008
4.2e+09	-1.2e+07	-26.036
4.3e+09	-1.2e+07	-27.004
4.4e+09	-1.2e+07	-27.659
4e+08	-1.1e+07	-14.497
5e+08	-1.1e+07	-14.442
6e+08	-1.1e+07	-14.543
7e+08	-1.1e+07	-14.602
8e+08	-1.1e+07	-14.864
9e+08	-1.1e+07	-14.867
1e+09	-1.1e+07	-15.518
1.1e+09	-1.1e+07	-16.425
1.2e+09	-1.1e+07	-16.71
1.3e+09	-1.1e+07	-16.541
1.4e+09	-1.1e+07	-16.938
1.5e+09	-1.1e+07	-17.505
1.6e+09	-1.1e+07	-17.858
1.7e+09	-1.1e+07	-17.78
1.8e+09	-1.1e+07	-17.304
1.9e+09	-1.1e+07	-17.855
2e+09	-1.1e+07	-18.266
2.1e+09	-1.1e+07	-18.993
2.2e+09	-1.1e+07	-19.002
2.3e+09	-1.1e+07	-19.295
2.4e+09	-1.1e+07	-19.934
2.5e+09	-1.1e+07	-20.328
2.6e+09	-1.1e+07	-20.318
2.7e+09	-1.1e+07	-20.217
2.8e+09	-1.1e+07	-20.29
2.9e+09	-1.1e+07	-20.39
3e+09	-1.1e+07	-20.539
3.1e+09	-1.1e+07	-20.993
3.2e+09	-1.1e+07	-21.793
3.3e+09	-1.1e+07	-22.035
3.4e+09	-1.1e+07	-22.606
3.5e+09	-1.1e+07	-22.983
3.6e+09	-1.1e+07	-23.507
3.7e+09	-1.1e+07	-23.464
3.8e+09	-1.1e+07	-23.579
3.9e+09	-1.1e+07	-23.817
4e+09	-1.1e+07	-24.231
4.1e+09	-1.1e+07	-24.897
4.2e+09	-1.1e+07	-25.927
4.3e+09	-1.1e+07	-26.896
4.4e+09	-1.1e+07	-27.543
4e+08	-1e+07	-14.421
5e+08	-1e+07	-14.365
6e+08	-1e+07	-14.46
7e+08	-1e+07	-14.518
8e+08	-1e+07	-14.788
9e+08	-1e+07	-14.793
1e+09	-1e+07	-15.453
1.1e+09	-1e+07	-16.353
1.2e+09	-1e+07	-16.641
1.3e+09	-1e+07	-16.455
1.4e+09	-1e+07	-16.87
1.5e+09	-1e+07	-17.414
1.6e+09	-1e+07	-17.789
1.7e+09	-1e+07	-17.683
1.8e+09	-1e+07	-17.236
1.9e+09	-1e+07	-17.765
2e+09	-1e+07	-18.212
2.1e+09	-1e+07	-18.918
2.2e+09	-1e+07	-18.919
2.3e+09	-1e+07	-19.226
2.4e+09	-1e+07	-19.84
2.5e+09	-1e+07	-20.24
2.6e+09	-1e+07	-20.24
2.7e+09	-1e+07	-20.136
2.8e+09	-1e+07	-20.213
2.9e+09	-1e+07	-20.303
3e+09	-1e+07	-20.467
3.1e+09	-1e+07	-20.928
3.2e+09	-1e+07	-21.717
3.3e+09	-1e+07	-21.962
3.4e+09	-1e+07	-22.53
3.5e+09	-1e+07	-22.908
3.6e+09	-1e+07	-23.429
3.7e+09	-1e+07	-23.371
3.8e+09	-1e+07	-23.501
3.9e+09	-1e+07	-23.741
4e+09	-1e+07	-24.149
4.1e+09	-1e+07	-24.83
4.2e+09	-1e+07	-25.861
4.3e+09	-1e+07	-26.829
4.4e+09	-1e+07	-27.479
4e+08	-9e+06	-14.384
5e+08	-9e+06	-14.326
6e+08	-9e+06	-14.407
7e+08	-9e+06	-14.475
8e+08	-9e+06	-14.731
9e+08	-9e+06	-14.756
1e+09	-9e+06	-15.423
1.1e+09	-9e+06	-16.317
1.2e+09	-9e+06	-16.603
1.3e+09	-9e+06	-16.405
1.4e+09	-9e+06	-16.837
1.5e+09	-9e+06	-17.357
1.6e+09	-9e+06	-17.754
1.7e+09	-9e+06	-17.62
1.8e+09	-9e+06	-17.204
1.9e+09	-9e+06	-17.708
2e+09	-9e+06	-18.194
2.1e+09	-9e+06	-18.865
2.2e+09	-9e+06	-18.879
2.3e+09	-9e+06	-19.181
2.4e+09	-9e+06	-19.798
2.5e+09	-9e+06	-20.199
2.6e+09	-9e+06	-20.195
2.7e+09	-9e+06	-20.091
2.8e+09	-9e+06	-20.169
2.9e+09	-9e+06	-20.251
3e+09	-9e+06	-20.428
3.1e+09	-9e+06	-20.898
3.2e+09	-9e+06	-21.675
3.3e+09	-9e+06	-21.93
3.4e+09	-9e+06	-22.5
3.5e+09	-9e+06	-22.878
3.6e+09	-9e+06	-23.373
3.7e+09	-9e+06	-23.3
3.8e+09	-9e+06	-23.456
3.9e+09	-9e+06	-23.689
4e+09	-9e+06	-24.112
4.1e+09	-9e+06	-24.786
4.2e+09	-9e+06	-25.83
4.3e+09	-9e+06	-26.797
4.4e+09	-9e+06	-27.45
4e+08	-8e+06	-14.368
5e+08	-8e+06	-14.309
6e+08	-8e+06	-14.382
7e+08	-8e+06	-14.458
8e+08	-8e+06	-14.712
9e+08	-8e+06	-14.731
1e+09	-8e+06	-15.416
1.1e+09	-8e+06	-16.305
1.2e+09	-8e+06	-16.589
1.3e+09	-8e+06	-16.378
1.4e+09	-8e+06	-16.815
1.5e+09	-8e+06	-17.312
1.6e+09	-8e+06	-17.744
1.7e+09	-8e+06	-17.579
1.8e+09	-8e+06	-17.186
1.9e+09	-8e+06	-17.686
2e+09	-8e+06	-18.199
2.1e+09	-8e+06	-18.844
2.2e+09	-8e+06	-18.872
2.3e+09	-8e+06	-19.17
2.4e+09	-8e+06	-19.781
2.5e+09	-8e+06	-20.16
2.6e+09	-8e+06	-20.174
2.7e+09	-8e+06	-20.068
2.8e+09	-8e+06	-20.149
2.9e+09	-8e+06	-20.222
3e+09	-8e+06	-20.414
3.1e+09	-8e+06	-20.891
3.2e+09	-8e+06	-21.655
3.3e+09	-8e+06	-21.923
3.4e+09	-8e+06	-22.492
3.5e+09	-8e+06	-22.86
3.6e+09	-8e+06	-23.349
3.7e+09	-8e+06	-23.266
3.8e+09	-8e+06	-23.436
3.9e+09	-8e+06	-23.67
4e+09	-8e+06	-24.086
4.1e+09	-8e+06	-24.766
4.2e+09	-8e+06	-25.82
4.3e+09	-8e+06	-26.785
4.4e+09	-8e+06	-27.435
4e+08	-7e+06	-14.363
5e+08	-7e+06	-14.304
6e+08	-7e+06	-14.368
7e+08	-7e+06	-14.454
8e+08	-7e+06	-14.705
9e+08	-7e+06	-14.732
1e+09	-7e+06	-15.42
1.1e+09	-7e+06	-16.305
1.2e+09	-7e+06	-16.586
1.3e+09	-7e+06	-16.365
1.4e+09	-7e+06	-16.815
1.5e+09	-7e+06	-17.304
1.6e+09	-7e+06	-17.747
1.7e+09	-7e+06	-17.552
1.8e+09	-7e+06	-17.191
1.9e+09	-7e+06	-17.666
2e+09	-7e+06	-18.227
2.1e+09	-7e+06	-18.835
2.2e+09	-7e+06	-18.859
2.3e+09	-7e+06	-19.172
2.4e+09	-7e+06	-19.766
2.5e+09	-7e+06	-20.145
2.6e+09	-7e+06	-20.166
2.7e+09	-7e+06	-20.058
2.8e+09	-7e+06	-20.131
2.9e+09	-7e+06	-20.207
3e+09	-7e+06	-20.412
3.1e+09	-7e+06	-20.895
3.2e+09	-7e+06	-21.646
3.3e+09	-7e+06	-21.921
3.4e+09	-7e+06	-22.496
3.5e+09	-7e+06	-22.856
3.6e+09	-7e+06	-23.337
3.7e+09	-7e+06	-23.243
3.8e+09	-7e+06	-23.427
3.9e+09	-7e+06	-23.663
4e+09	-7e+06	-24.074
4.1e+09	-7e+06	-24.769
4.2e+09	-7e+06	-25.823
4.3e+09	-7e+06	-26.788
4.4e+09	-7e+06	-27.442
4e+08	-6e+06	-14.347
5e+08	-6e+06	-14.304
6e+08	-6e+06	-14.346
7e+08	-6e+06	-14.454
8e+08	-6e+06	-14.691
9e+08	-6e+06	-14.738
1e+09	-6e+06	-15.428
1.1e+09	-6e+06	-16.309
1.2e+09	-6e+06	-16.575
1.3e+09	-6e+06	-16.357
1.4e+09	-6e+06	-16.821
1.5e+09	-6e+06	-17.291
1.6e+09	-6e+06	-17.754
1.7e+09	-6e+06	-17.518
1.8e+09	-6e+06	-17.213
1.9e+09	-6e+06	-17.661
2e+09	-6e+06	-18.25
2.1e+09	-6e+06	-18.82
2.2e+09	-6e+06	-18.86
2.3e+09	-6e+06	-19.179
2.4e+09	-6e+06	-19.775
2.5e+09	-6e+06	-20.143
2.6e+09	-6e+06	-20.164
2.7e+09	-6e+06	-20.052
2.8e+09	-6e+06	-20.127
2.9e+09	-6e+06	-20.196
3e+09	-6e+06	-20.415
3.1e+09	-6e+06	-20.905
3.2e+09	-6e+06	-21.641
3.3e+09	-6e+06	-21.933
3.4e+09	-6e+06	-22.505
3.5e+09	-6e+06	-22.855
3.6e+09	-6e+06	-23.329
3.7e+09	-6e+06	-23.227
3.8e+09	-6e+06	-23.423
3.9e+09	-6e+06	-23.649
4e+09	-6e+06	-24.065
4.1e+09	-6e+06	-24.776
4.2e+09	-6e+06	-25.83
4.3e+09	-6e+06	-26.793
4.4e+09	-6e+06	-27.453
4e+08	-5e+06	-14.344
5e+08	-5e+06	-14.302
6e+08	-5e+06	-14.336
7e+08	-5e+06	-14.455
8e+08	-5e+06	-14.687
9e+08	-5e+06	-14.744
1e+09	-5e+06	-15.434
1.1e+09	-5e+06	-16.311
1.2e+09	-5e+06	-16.574
1.3e+09	-5e+06	-16.349
1.4e+09	-5e+06	-16.812
1.5e+09	-5e+06	-17.266
1.6e+09	-5e+06	-17.749
1.7e+09	-5e+06	-17.493
1.8e+09	-5e+06	-17.223
1.9e+09	-5e+06	-17.645
2e+09	-5e+06	-18.27
2.1e+09	-5e+06	-18.803
2.2e+09	-5e+06	-18.859
2.3e+09	-5e+06	-19.182
2.4e+09	-5e+06	-19.773
2.5e+09	-5e+06	-20.132
2.6e+09	-5e+06	-20.151
2.7e+09	-5e+06	-20.026
2.8e+09	-5e+06	-20.122
2.9e+09	-5e+06	-20.183
3e+09	-5e+06	-20.415
3.1e+09	-5e+06	-20.913
3.2e+09	-5e+06	-21.634
3.3e+09	-5e+06	-21.935
3.4e+09	-5e+06	-22.511
3.5e+09	-5e+06	-22.853
3.6e+09	-5e+06	-23.32
3.7e+09	-5e+06	-23.209
3.8e+09	-5e+06	-23.419
3.9e+09	-5e+06	-23.644
4e+09	-5e+06	-24.076
4.1e+09	-5e+06	-24.783
4.2e+09	-5e+06	-25.836
4.3e+09	-5e+06	-26.807
4.4e+09	-5e+06	-27.465
4e+08	-4e+06	-14.335
5e+08	-4e+06	-14.282
6e+08	-4e+06	-14.32
7e+08	-4e+06	-14.452
8e+08	-4e+06	-14.681
9e+08	-4e+06	-14.746
1e+09	-4e+06	-15.437
1.1e+09	-4e+06	-16.298
1.2e+09	-4e+06	-16.556
1.3e+09	-4e+06	-16.336
1.4e+09	-4e+06	-16.81
1.5e+09	-4e+06	-17.251
1.6e+09	-4e+06	-17.75
1.7e+09	-4e+06	-17.455
1.8e+09	-4e+06	-17.231
1.9e+09	-4e+06	-17.624
2e+09	-4e+06	-18.298
2.1e+09	-4e+06	-18.789
2.2e+09	-4e+06	-18.845
2.3e+09	-4e+06	-19.188
2.4e+09	-4e+06	-19.757
2.5e+09	-4e+06	-20.126
2.6e+09	-4e+06	-20.143
2.7e+09	-4e+06	-20.015
2.8e+09	-4e+06	-20.102
2.9e+09	-4e+06	-20.177
3e+09	-4e+06	-20.412
3.1e+09	-4e+06	-20.917
3.2e+09	-4e+06	-21.623
3.3e+09	-4e+06	-21.943
3.4e+09	-4e+06	-22.514
3.5e+09	-4e+06	-22.848
3.6e+09	-4e+06	-23.305
3.7e+09	-4e+06	-23.19
3.8e+09	-4e+06	-23.411
3.9e+09	-4e+06	-23.635
4e+09	-4e+06	-24.063
4.1e+09	-4e+06	-24.786
4.2e+09	-4e+06	-25.838
4.3e+09	-4e+06	-26.807
4.4e+09	-4e+06	-27.463
4e+08	-3e+06	-14.323
5e+08	-3e+06	-14.273
6e+08	-3e+06	-14.298
7e+08	-3e+06	-14.439
8e+08	-3e+06	-14.659
9e+08	-3e+06	-14.745
1e+09	-3e+06	-15.433
1.1e+09	-3e+06	-16.294
1.2e+09	-3e+06	-16.545
1.3e+09	-3e+06	-16.31
1.4e+09	-3e+06	-16.803
1.5e+09	-3e+06	-17.234
1.6e+09	-3e+06	-17.748
1.7e+09	-3e+06	-17.424
1.8e+09	-3e+06	-17.235
1.9e+09	-3e+06	-17.61
2e+09	-3e+06	-18.31
2.1e+09	-3e+06	-18.772
2.2e+09	-3e+06	-18.837
2.3e+09	-3e+06	-19.18
2.4e+09	-3e+06	-19.748
2.5e+09	-3e+06	-20.109
2.6e+09	-3e+06	-20.132
2.7e+09	-3e+06	-20.001
2.8e+09	-3e+06	-20.088
2.9e+09	-3e+06	-20.16
3e+09	-3e+06	-20.406
3.1e+09	-3e+06	-20.918
3.2e+09	-3e+06	-21.608
3.3e+09	-3e+06	-21.94
3.4e+09	-3e+06	-22.513
3.5e+09	-3e+06	-22.839
3.6e+09	-3e+06	-23.276
3.7e+09	-3e+06	-23.169
3.8e+09	-3e+06	-23.4
3.9e+09	-3e+06	-23.612
4e+09	-3e+06	-24.047
4.1e+09	-3e+06	-24.774
4.2e+09	-3e+06	-25.836
4.3e+09	-3e+06	-26.803
4.4e+09	-3e+06	-27.469
4e+08	-2e+06	-14.294
5e+08	-2e+06	-14.26
6e+08	-2e+06	-14.277
7e+08	-2e+06	-14.433
8e+08	-2e+06	-14.645
9e+08	-2e+06	-14.742
1e+09	-2e+06	-15.417
1.1e+09	-2e+06	-16.288
1.2e+09	-2e+06	-16.53
1.3e+09	-2e+06	-16.306
1.4e+09	-2e+06	-16.794
1.5e+09	-2e+06	-17.228
1.6e+09	-2e+06	-17.744
1.7e+09	-2e+06	-17.381
1.8e+09	-2e+06	-17.248
1.9e+09	-2e+06	-17.596
2e+09	-2e+06	-18.331
2.1e+09	-2e+06	-18.751
2.2e+09	-2e+06	-18.827
2.3e+09	-2e+06	-19.169
2.4e+09	-2e+06	-19.737
2.5e+09	-2e+06	-20.09
2.6e+09	-2e+06	-20.12
2.7e+09	-2e+06	-19.984
2.8e+09	-2e+06	-20.072
2.9e+09	-2e+06	-20.141
3e+09	-2e+06	-20.398
3.1e+09	-2e+06	-20.916
3.2e+09	-2e+06	-21.59
3.3e+09	-2e+06	-21.944
3.4e+09	-2e+06	-22.509
3.5e+09	-2e+06	-22.829
3.6e+09	-2e+06	-23.255
3.7e+09	-2e+06	-23.146
3.8e+09	-2e+06	-23.387
3.9e+09	-2e+06	-23.598
4e+09	-2e+06	-24.03
4.1e+09	-2e+06	-24.773
4.2e+09	-2e+06	-25.832
4.3e+09	-2e+06	-26.797
4.4e+09	-2e+06	-27.471
4e+08	-1e+06	-14.276
5e+08	-1e+06	-14.247
6e+08	-1e+06	-14.256
7e+08	-1e+06	-14.426
8e+08	-1e+06	-14.632
9e+08	-1e+06	-14.739
1e+09	-1e+06	-15.41
1.1e+09	-1e+06	-16.28
1.2e+09	-1e+06	-16.515
1.3e+09	-1e+06	-16.278
1.4e+09	-1e+06	-16.772
1.5e+09	-1e+06	-17.199
1.6e+09	-1e+06	-17.739
1.7e+09	-1e+06	-17.348
1.8e+09	-1e+06	-17.249
1.9e+09	-1e+06	-17.56
2e+09	-1e+06	-18.34
2.1e+09	-1e+06	-18.72
2.2e+09	-1e+06	-18.806
2.3e+09	-1e+06	-19.156
2.4e+09	-1e+06	-19.715
2.5e+09	-1e+06	-20.078
2.6e+09	-1e+06	-20.107
2.7e+09	-1e+06	-19.958
2.8e+09	-1e+06	-20.055
2.9e+09	-1e+06	-20.12
3e+09	-1e+06	-20.389
3.1e+09	-1e+06	-20.913
3.2e+09	-1e+06	-21.57
3.3e+09	-1e+06	-21.938
3.4e+09	-1e+06	-22.503
3.5e+09	-1e+06	-22.816
3.6e+09	-1e+06	-23.233
3.7e+09	-1e+06	-23.124
3.8e+09	-1e+06	-23.372
3.9e+09	-1e+06	-23.582
4e+09	-1e+06	-24.021
4.1e+09	-1e+06	-24.769
4.2e+09	-1e+06	-25.827
4.3e+09	-1e+06	-26.789
4.4e+09	-1e+06	-27.464
4e+08	0	-14.01
5e+08	0	-14.133
6e+08	0	-14.38
7e+08	0	-14.143
8e+08	0	-14.761
9e+08	0	-14.776
1e+09	0	-15.401
1.1e+09	0	-16.227
1.2e+09	0	-16.269
1.3e+09	0	-16.331
1.4e+09	0	-16.998
1.5e+09	0	-17
1.6e+09	0	-17.197
1.7e+09	0	-16.864
1.8e+09	0	-17.054
1.9e+09	0	-17.461
2e+09	0	-18.383
2.1e+09	0	-18.835
2.2e+09	0	-18.45
2.3e+09	0	-18.935
2.4e+09	0	-19.341
2.5e+09	0	-20.048
2.6e+09	0	-19.967
2.7e+09	0	-19.715
2.8e+09	0	-20.001
2.9e+09	0	-19.707
3e+09	0	-20.514
3.1e+09	0	-20.661
3.2e+09	0	-21.519
3.3e+09	0	-21.556
3.4e+09	0	-22.019
3.5e+09	0	-22.318
3.6e+09	0	-23.067
3.7e+09	0	-22.607
3.8e+09	0	-23.281
3.9e+09	0	-22.963
4e+09	0	-24.073
4.1e+09	0	-24.078
4.2e+09	0	-25.613
4.3e+09	0	-26.485
4.4e+09	0	-27.407
4e+08	1e+06	-14.276
5e+08	1e+06	-14.25
6e+08	1e+06	-14.247
7e+08	1e+06	-14.448
8e+08	1e+06	-14.638
9e+08	1e+06	-14.77
1e+09	1e+06	-15.43
1.1e+09	1e+06	-16.303
1.2e+09	1e+06	-16.51
1.3e+09	1e+06	-16.281
1.4e+09	1e+06	-16.775
1.5e+09	1e+06	-17.165
1.6e+09	1e+06	-17.755
1.7e+09	1e+06	-17.316
1.8e+09	1e+06	-17.283
1.9e+09	1e+06	-17.561
2e+09	1e+06	-18.386
2.1e+09	1e+06	-18.705
2.2e+09	1e+06	-18.812
2.3e+09	1e+06	-19.156
2.4e+09	1e+06	-19.719
2.5e+09	1e+06	-20.068
2.6e+09	1e+06	-20.108
2.7e+09	1e+06	-19.951
2.8e+09	1e+06	-20.047
2.9e+09	1e+06	-20.111
3e+09	1e+06	-20.397
3.1e+09	1e+06	-20.933
3.2e+09	1e+06	-21.557
3.3e+09	1e+06	-22.014
3.4e+09	1e+06	-22.515
3.5e+09	1e+06	-22.815
3.6e+09	1e+06	-23.209
3.7e+09	1e+06	-23.108
3.8e+09	1e+06	-23.368
3.9e+09	1e+06	-23.572
4e+09	1e+06	-24.008
4.1e+09	1e+06	-24.785
4.2e+09	1e+06	-25.837
4.3e+09	1e+06	-26.794
4.4e+09	1e+06	-27.491
4e+08	2e+06	-14.287
5e+08	2e+06	-14.265
6e+08	2e+06	-14.258
7e+08	2e+06	-14.475
8e+08	2e+06	-14.645
9e+08	2e+06	-14.8
1e+09	2e+06	-15.455
1.1e+09	2e+06	-16.329
1.2e+09	2e+06	-16.522
1.3e+09	2e+06	-16.277
1.4e+09	2e+06	-16.793
1.5e+09	2e+06	-17.187
1.6e+09	2e+06	-17.781
1.7e+09	2e+06	-17.32
1.8e+09	2e+06	-17.308
1.9e+09	2e+06	-17.58
2e+09	2e+06	-18.426
2.1e+09	2e+06	-18.715
2.2e+09	2e+06	-18.833
2.3e+09	2e+06	-19.176
2.4e+09	2e+06	-19.741
2.5e+09	2e+06	-20.086
2.6e+09	2e+06	-20.13
2.7e+09	2e+06	-19.968
2.8e+09	2e+06	-20.063
2.9e+09	2e+06	-20.129
3e+09	2e+06	-20.423
3.1e+09	2e+06	-20.964
3.2e+09	2e+06	-21.564
3.3e+09	2e+06	-22.049
3.4e+09	2e+06	-22.543
3.5e+09	2e+06	-22.839
3.6e+09	2e+06	-23.221
3.7e+09	2e+06	-23.127
3.8e+09	2e+06	-23.39
3.9e+09	2e+06	-23.592
4e+09	2e+06	-24.027
4.1e+09	2e+06	-24.82
4.2e+09	2e+06	-25.867
4.3e+09	2e+06	-26.824
4.4e+09	2e+06	-27.52
4e+08	3e+06	-14.297
5e+08	3e+06	-14.28
6e+08	3e+06	-14.268
7e+08	3e+06	-14.501
8e+08	3e+06	-14.663
9e+08	3e+06	-14.828
1e+09	3e+06	-15.476
1.1e+09	3e+06	-16.354
1.2e+09	3e+06	-16.543
1.3e+09	3e+06	-16.295
1.4e+09	3e+06	-16.809
1.5e+09	3e+06	-17.208
1.6e+09	3e+06	-17.793
1.7e+09	3e+06	-17.323
1.8e+09	3e+06	-17.341
1.9e+09	3e+06	-17.608
2e+09	3e+06	-18.453
2.1e+09	3e+06	-18.722
2.2e+09	3e+06	-18.844
2.3e+09	3e+06	-19.184
2.4e+09	3e+06	-19.761
2.5e+09	3e+06	-20.102
2.6e+09	3e+06	-20.149
2.7e+09	3e+06	-19.984
2.8e+09	3e+06	-20.077
2.9e+09	3e+06	-20.144
3e+09	3e+06	-20.454
3.1e+09	3e+06	-20.982
3.2e+09	3e+06	-21.576
3.3e+09	3e+06	-22.081
3.4e+09	3e+06	-22.568
3.5e+09	3e+06	-22.859
3.6e+09	3e+06	-23.231
3.7e+09	3e+06	-23.143
3.8e+09	3e+06	-23.399
3.9e+09	3e+06	-23.608
4e+09	3e+06	-24.043
4.1e+09	3e+06	-24.85
4.2e+09	3e+06	-25.894
4.3e+09	3e+06	-26.85
4.4e+09	3e+06	-27.557
4e+08	4e+06	-14.292
5e+08	4e+06	-14.293
6e+08	4e+06	-14.26
7e+08	4e+06	-14.505
8e+08	4e+06	-14.679
9e+08	4e+06	-14.856
1e+09	4e+06	-15.484
1.1e+09	4e+06	-16.364
1.2e+09	4e+06	-16.539
1.3e+09	4e+06	-16.312
1.4e+09	4e+06	-16.822
1.5e+09	4e+06	-17.23
1.6e+09	4e+06	-17.814
1.7e+09	4e+06	-17.326
1.8e+09	4e+06	-17.372
1.9e+09	4e+06	-17.615
2e+09	4e+06	-18.487
2.1e+09	4e+06	-18.717
2.2e+09	4e+06	-18.861
2.3e+09	4e+06	-19.199
2.4e+09	4e+06	-19.789
2.5e+09	4e+06	-20.116
2.6e+09	4e+06	-20.157
2.7e+09	4e+06	-19.998
2.8e+09	4e+06	-20.08
2.9e+09	4e+06	-20.157
3e+09	4e+06	-20.474
3.1e+09	4e+06	-21.009
3.2e+09	4e+06	-21.578
3.3e+09	4e+06	-22.11
3.4e+09	4e+06	-22.59
3.5e+09	4e+06	-22.877
3.6e+09	4e+06	-23.226
3.7e+09	4e+06	-23.159
3.8e+09	4e+06	-23.416
3.9e+09	4e+06	-23.623
4e+09	4e+06	-24.059
4.1e+09	4e+06	-24.869
4.2e+09	4e+06	-25.918
4.3e+09	4e+06	-26.873
4.4e+09	4e+06	-27.59
4e+08	5e+06	-14.294
5e+08	5e+06	-14.303
6e+08	5e+06	-14.267
7e+08	5e+06	-14.528
8e+08	5e+06	-14.679
9e+08	5e+06	-14.88
1e+09	5e+06	-15.499
1.1e+09	5e+06	-16.372
1.2e+09	5e+06	-16.542
1.3e+09	5e+06	-16.327
1.4e+09	5e+06	-16.83
1.5e+09	5e+06	-17.249
1.6e+09	5e+06	-17.821
1.7e+09	5e+06	-17.327
1.8e+09	5e+06	-17.398
1.9e+09	5e+06	-17.629
2e+09	5e+06	-18.516
2.1e+09	5e+06	-18.72
2.2e+09	5e+06	-18.875
2.3e+09	5e+06	-19.212
2.4e+09	5e+06	-19.804
2.5e+09	5e+06	-20.127
2.6e+09	5e+06	-20.172
2.7e+09	5e+06	-19.998
2.8e+09	5e+06	-20.089
2.9e+09	5e+06	-20.167
3e+09	5e+06	-20.49
3.1e+09	5e+06	-21.03
3.2e+09	5e+06	-21.585
3.3e+09	5e+06	-22.135
3.4e+09	5e+06	-22.607
3.5e+09	5e+06	-22.891
3.6e+09	5e+06	-23.229
3.7e+09	5e+06	-23.172
3.8e+09	5e+06	-23.429
3.9e+09	5e+06	-23.634
4e+09	5e+06	-24.07
4.1e+09	5e+06	-24.894
4.2e+09	5e+06	-25.938
4.3e+09	5e+06	-26.892
4.4e+09	5e+06	-27.61
4e+08	6e+06	-14.295
5e+08	6e+06	-14.307
6e+08	6e+06	-14.269
7e+08	6e+06	-14.545
8e+08	6e+06	-14.688
9e+08	6e+06	-14.9
1e+09	6e+06	-15.509
1.1e+09	6e+06	-16.388
1.2e+09	6e+06	-16.54
1.3e+09	6e+06	-16.316
1.4e+09	6e+06	-16.835
1.5e+09	6e+06	-17.257
1.6e+09	6e+06	-17.832
1.7e+09	6e+06	-17.326
1.8e+09	6e+06	-17.411
1.9e+09	6e+06	-17.64
2e+09	6e+06	-18.541
2.1e+09	6e+06	-18.717
2.2e+09	6e+06	-18.884
2.3e+09	6e+06	-19.221
2.4e+09	6e+06	-19.815
2.5e+09	6e+06	-20.136
2.6e+09	6e+06	-20.181
2.7e+09	6e+06	-20.004
2.8e+09	6e+06	-20.092
2.9e+09	6e+06	-20.174
3e+09	6e+06	-20.503
3.1e+09	6e+06	-21.047
3.2e+09	6e+06	-21.59
3.3e+09	6e+06	-22.157
3.4e+09	6e+06	-22.621
3.5e+09	6e+06	-22.902
3.6e+09	6e+06	-23.228
3.7e+09	6e+06	-23.182
3.8e+09	6e+06	-23.438
3.9e+09	6e+06	-23.65
4e+09	6e+06	-24.079
4.1e+09	6e+06	-24.925
4.2e+09	6e+06	-25.953
4.3e+09	6e+06	-26.897
4.4e+09	6e+06	-27.636
4e+08	7e+06	-14.293
5e+08	7e+06	-14.296
6e+08	7e+06	-14.271
7e+08	7e+06	-14.561
8e+08	7e+06	-14.695
9e+08	7e+06	-14.905
1e+09	7e+06	-15.518
1.1e+09	7e+06	-16.404
1.2e+09	7e+06	-16.536
1.3e+09	7e+06	-16.327
1.4e+09	7e+06	-16.826
1.5e+09	7e+06	-17.276
1.6e+09	7e+06	-17.842
1.7e+09	7e+06	-17.325
1.8e+09	7e+06	-17.432
1.9e+09	7e+06	-17.65
2e+09	7e+06	-18.552
2.1e+09	7e+06	-18.713
2.2e+09	7e+06	-18.883
2.3e+09	7e+06	-19.239
2.4e+09	7e+06	-19.825
2.5e+09	7e+06	-20.145
2.6e+09	7e+06	-20.19
2.7e+09	7e+06	-20.008
2.8e+09	7e+06	-20.094
2.9e+09	7e+06	-20.189
3e+09	7e+06	-20.514
3.1e+09	7e+06	-21.062
3.2e+09	7e+06	-21.583
3.3e+09	7e+06	-22.178
3.4e+09	7e+06	-22.631
3.5e+09	7e+06	-22.911
3.6e+09	7e+06	-23.225
3.7e+09	7e+06	-23.193
3.8e+09	7e+06	-23.435
3.9e+09	7e+06	-23.666
4e+09	7e+06	-24.088
4.1e+09	7e+06	-24.945
4.2e+09	7e+06	-25.967
4.3e+09	7e+06	-26.913
4.4e+09	7e+06	-27.66
4e+08	8e+06	-14.295
5e+08	8e+06	-14.303
6e+08	8e+06	-14.278
7e+08	8e+06	-14.583
8e+08	8e+06	-14.693
9e+08	8e+06	-14.927
1e+09	8e+06	-15.53
1.1e+09	8e+06	-16.423
1.2e+09	8e+06	-16.547
1.3e+09	8e+06	-16.342
1.4e+09	8e+06	-16.842
1.5e+09	8e+06	-17.3
1.6e+09	8e+06	-17.844
1.7e+09	8e+06	-17.33
1.8e+09	8e+06	-17.456
1.9e+09	8e+06	-17.675
2e+09	8e+06	-18.576
2.1e+09	8e+06	-18.712
2.2e+09	8e+06	-18.895
2.3e+09	8e+06	-19.252
2.4e+09	8e+06	-19.84
2.5e+09	8e+06	-20.158
2.6e+09	8e+06	-20.203
2.7e+09	8e+06	-20.008
2.8e+09	8e+06	-20.101
2.9e+09	8e+06	-20.198
3e+09	8e+06	-20.528
3.1e+09	8e+06	-21.08
3.2e+09	8e+06	-21.591
3.3e+09	8e+06	-22.202
3.4e+09	8e+06	-22.646
3.5e+09	8e+06	-22.924
3.6e+09	8e+06	-23.227
3.7e+09	8e+06	-23.21
3.8e+09	8e+06	-23.447
3.9e+09	8e+06	-23.675
4e+09	8e+06	-24.101
4.1e+09	8e+06	-24.969
4.2e+09	8e+06	-25.984
4.3e+09	8e+06	-26.932
4.4e+09	8e+06	-27.687
4e+08	9e+06	-14.309
5e+08	9e+06	-14.321
6e+08	9e+06	-14.299
7e+08	9e+06	-14.618
8e+08	9e+06	-14.718
9e+08	9e+06	-14.962
1e+09	9e+06	-15.555
1.1e+09	9e+06	-16.454
1.2e+09	9e+06	-16.558
1.3e+09	9e+06	-16.36
1.4e+09	9e+06	-16.858
1.5e+09	9e+06	-17.339
1.6e+09	9e+06	-17.868
1.7e+09	9e+06	-17.35
1.8e+09	9e+06	-17.492
1.9e+09	9e+06	-17.703
2e+09	9e+06	-18.601
2.1e+09	9e+06	-18.734
2.2e+09	9e+06	-18.92
2.3e+09	9e+06	-19.27
2.4e+09	9e+06	-19.857
2.5e+09	9e+06	-20.183
2.6e+09	9e+06	-20.227
2.7e+09	9e+06	-20.031
2.8e+09	9e+06	-20.119
2.9e+09	9e+06	-20.222
3e+09	9e+06	-20.566
3.1e+09	9e+06	-21.102
3.2e+09	9e+06	-21.611
3.3e+09	9e+06	-22.24
3.4e+09	9e+06	-22.671
3.5e+09	9e+06	-22.95
3.6e+09	9e+06	-23.242
3.7e+09	9e+06	-23.25
3.8e+09	9e+06	-23.46
3.9e+09	9e+06	-23.697
4e+09	9e+06	-24.107
4.1e+09	9e+06	-25.006
4.2e+09	9e+06	-26.013
4.3e+09	9e+06	-26.963
4.4e+09	9e+06	-27.736
4e+08	1e+07	-14.349
5e+08	1e+07	-14.362
6e+08	1e+07	-14.338
7e+08	1e+07	-14.667
8e+08	1e+07	-14.768
9e+08	1e+07	-15.02
1e+09	1e+07	-15.589
1.1e+09	1e+07	-16.508
1.2e+09	1e+07	-16.578
1.3e+09	1e+07	-16.414
1.4e+09	1e+07	-16.899
1.5e+09	1e+07	-17.404
1.6e+09	1e+07	-17.916
1.7e+09	1e+07	-17.395
1.8e+09	1e+07	-17.54
1.9e+09	1e+07	-17.755
2e+09	1e+07	-18.659
2.1e+09	1e+07	-18.769
2.2e+09	1e+07	-18.957
2.3e+09	1e+07	-19.321
2.4e+09	1e+07	-19.907
2.5e+09	1e+07	-20.233
2.6e+09	1e+07	-20.277
2.7e+09	1e+07	-20.076
2.8e+09	1e+07	-20.161
2.9e+09	1e+07	-20.27
3e+09	1e+07	-20.616
3.1e+09	1e+07	-21.155
3.2e+09	1e+07	-21.645
3.3e+09	1e+07	-22.301
3.4e+09	1e+07	-22.721
3.5e+09	1e+07	-22.999
3.6e+09	1e+07	-23.258
3.7e+09	1e+07	-23.305
3.8e+09	1e+07	-23.507
3.9e+09	1e+07	-23.742
4e+09	1e+07	-24.158
4.1e+09	1e+07	-25.056
4.2e+09	1e+07	-26.065
4.3e+09	1e+07	-27.017
4.4e+09	1e+07	-27.798
4e+08	1.1e+07	-14.418
5e+08	1.1e+07	-14.439
6e+08	1.1e+07	-14.418
7e+08	1.1e+07	-14.747
8e+08	1.1e+07	-14.836
9e+08	1.1e+07	-15.112
1e+09	1.1e+07	-15.671
1.1e+09	1.1e+07	-16.586
1.2e+09	1.1e+07	-16.647
1.3e+09	1.1e+07	-16.504
1.4e+09	1.1e+07	-16.973
1.5e+09	1.1e+07	-17.504
1.6e+09	1.1e+07	-17.996
1.7e+09	1.1e+07	-17.465
1.8e+09	1.1e+07	-17.632
1.9e+09	1.1e+07	-17.832
2e+09	1.1e+07	-18.748
2.1e+09	1.1e+07	-18.83
2.2e+09	1.1e+07	-19.038
2.3e+09	1.1e+07	-19.406
2.4e+09	1.1e+07	-20.002
2.5e+09	1.1e+07	-20.319
2.6e+09	1.1e+07	-20.358
2.7e+09	1.1e+07	-20.157
2.8e+09	1.1e+07	-20.229
2.9e+09	1.1e+07	-20.35
3e+09	1.1e+07	-20.7
3.1e+09	1.1e+07	-21.243
3.2e+09	1.1e+07	-21.725
3.3e+09	1.1e+07	-22.395
3.4e+09	1.1e+07	-22.803
3.5e+09	1.1e+07	-23.081
3.6e+09	1.1e+07	-23.331
3.7e+09	1.1e+07	-23.394
3.8e+09	1.1e+07	-23.589
3.9e+09	1.1e+07	-23.822
4e+09	1.1e+07	-24.243
4.1e+09	1.1e+07	-25.149
4.2e+09	1.1e+07	-26.149
4.3e+09	1.1e+07	-27.106
4.4e+09	1.1e+07	-27.883
4e+08	1.2e+07	-14.534
5e+08	1.2e+07	-14.56
6e+08	1.2e+07	-14.543
7e+08	1.2e+07	-14.883
8e+08	1.2e+07	-14.963
9e+08	1.2e+07	-15.247
1e+09	1.2e+07	-15.797
1.1e+09	1.2e+07	-16.718
1.2e+09	1.2e+07	-16.758
1.3e+09	1.2e+07	-16.637
1.4e+09	1.2e+07	-17.09
1.5e+09	1.2e+07	-17.65
1.6e+09	1.2e+07	-18.12
1.7e+09	1.2e+07	-17.602
1.8e+09	1.2e+07	-17.768
1.9e+09	1.2e+07	-17.964
2e+09	1.2e+07	-18.88
2.1e+09	1.2e+07	-18.943
2.2e+09	1.2e+07	-19.153
2.3e+09	1.2e+07	-19.535
2.4e+09	1.2e+07	-20.13
2.5e+09	1.2e+07	-20.449
2.6e+09	1.2e+07	-20.484
2.7e+09	1.2e+07	-20.28
2.8e+09	1.2e+07	-20.349
2.9e+09	1.2e+07	-20.474
3e+09	1.2e+07	-20.828
3.1e+09	1.2e+07	-21.373
3.2e+09	1.2e+07	-21.84
3.3e+09	1.2e+07	-22.533
3.4e+09	1.2e+07	-22.929
3.5e+09	1.2e+07	-23.207
3.6e+09	1.2e+07	-23.448
3.7e+09	1.2e+07	-23.528
3.8e+09	1.2e+07	-23.714
3.9e+09	1.2e+07	-23.945
4e+09	1.2e+07	-24.372
4.1e+09	1.2e+07	-25.286
4.2e+09	1.2e+07	-26.275
4.3e+09	1.2e+07	-27.236
4.4e+09	1.2e+07	-28.019
4e+08	1.3e+07	-14.697
5e+08	1.3e+07	-14.728
6e+08	1.3e+07	-14.704
7e+08	1.3e+07	-15.08
8e+08	1.3e+07	-15.14
9e+08	1.3e+07	-15.443
1e+09	1.3e+07	-15.971
1.1e+09	1.3e+07	-16.9
1.2e+09	1.3e+07	-16.928
1.3e+09	1.3e+07	-16.807
1.4e+09	1.3e+07	-17.256
1.5e+09	1.3e+07	-17.846
1.6e+09	1.3e+07	-18.28
1.7e+09	1.3e+07	-17.779
1.8e+09	1.3e+07	-17.95
1.9e+09	1.3e+07	-18.155
2e+09	1.3e+07	-19.058
2.1e+09	1.3e+07	-19.107
2.2e+09	1.3e+07	-19.326
2.3e+09	1.3e+07	-19.714
2.4e+09	1.3e+07	-20.306
2.5e+09	1.3e+07	-20.627
2.6e+09	1.3e+07	-20.658
2.7e+09	1.3e+07	-20.453
2.8e+09	1.3e+07	-20.517
2.9e+09	1.3e+07	-20.648
3e+09	1.3e+07	-21.005
3.1e+09	1.3e+07	-21.551
3.2e+09	1.3e+07	-22.012
3.3e+09	1.3e+07	-22.72
3.4e+09	1.3e+07	-23.101
3.5e+09	1.3e+07	-23.392
3.6e+09	1.3e+07	-23.613
3.7e+09	1.3e+07	-23.71
3.8e+09	1.3e+07	-23.885
3.9e+09	1.3e+07	-24.114
4e+09	1.3e+07	-24.548
4.1e+09	1.3e+07	-25.469
4.2e+09	1.3e+07	-26.448
4.3e+09	1.3e+07	-27.426
4.4e+09	1.3e+07	-28.201
4e+08	1.4e+07	-14.909
5e+08	1.4e+07	-14.944
6e+08	1.4e+07	-14.927
7e+08	1.4e+07	-15.312
8e+08	1.4e+07	-15.352
9e+08	1.4e+07	-15.674
1e+09	1.4e+07	-16.194
1.1e+09	1.4e+07	-17.129
1.2e+09	1.4e+07	-17.135
1.3e+09	1.4e+07	-17.027
1.4e+09	1.4e+07	-17.47
1.5e+09	1.4e+07	-18.092
1.6e+09	1.4e+07	-18.488
1.7e+09	1.4e+07	-18.006
1.8e+09	1.4e+07	-18.17
1.9e+09	1.4e+07	-18.384
2e+09	1.4e+07	-19.273
2.1e+09	1.4e+07	-19.318
2.2e+09	1.4e+07	-19.547
2.3e+09	1.4e+07	-19.933
2.4e+09	1.4e+07	-20.532
2.5e+09	1.4e+07	-20.855
2.6e+09	1.4e+07	-20.88
2.7e+09	1.4e+07	-20.673
2.8e+09	1.4e+07	-20.734
2.9e+09	1.4e+07	-20.871
3e+09	1.4e+07	-21.238
3.1e+09	1.4e+07	-21.768
3.2e+09	1.4e+07	-22.232
3.3e+09	1.4e+07	-22.953
3.4e+09	1.4e+07	-23.32
3.5e+09	1.4e+07	-23.614
3.6e+09	1.4e+07	-23.827
3.7e+09	1.4e+07	-23.94
3.8e+09	1.4e+07	-24.094
3.9e+09	1.4e+07	-24.333
4e+09	1.4e+07	-24.773
4.1e+09	1.4e+07	-25.701
4.2e+09	1.4e+07	-26.668
4.3e+09	1.4e+07	-27.652
4.4e+09	1.4e+07	-28.419
4e+08	1.5e+07	-15.168
5e+08	1.5e+07	-15.205
6e+08	1.5e+07	-15.197
7e+08	1.5e+07	-15.591
8e+08	1.5e+07	-15.623
9e+08	1.5e+07	-15.952
1e+09	1.5e+07	-16.463
1.1e+09	1.5e+07	-17.405
1.2e+09	1.5e+07	-17.388
1.3e+09	1.5e+07	-17.305
1.4e+09	1.5e+07	-17.731
1.5e+09	1.5e+07	-18.385
1.6e+09	1.5e+07	-18.753
1.7e+09	1.5e+07	-18.271
1.8e+09	1.5e+07	-18.445
1.9e+09	1.5e+07	-18.661
2e+09	1.5e+07	-19.542
2.1e+09	1.5e+07	-19.577
2.2e+09	1.5e+07	-19.814
2.3e+09	1.5e+07	-20.208
2.4e+09	1.5e+07	-20.803
2.5e+09	1.5e+07	-21.13
2.6e+09	1.5e+07	-21.148
2.7e+09	1.5e+07	-20.931
2.8e+09	1.5e+07	-20.998
2.9e+09	1.5e+07	-21.139
3e+09	1.5e+07	-21.506
3.1e+09	1.5e+07	-22.039
3.2e+09	1.5e+07	-22.491
3.3e+09	1.5e+07	-23.233
3.4e+09	1.5e+07	-23.596
3.5e+09	1.5e+07	-23.88
3.6e+09	1.5e+07	-24.088
3.7e+09	1.5e+07	-24.217
3.8e+09	1.5e+07	-24.36
3.9e+09	1.5e+07	-24.598
4e+09	1.5e+07	-25.042
4.1e+09	1.5e+07	-25.978
4.2e+09	1.5e+07	-26.931
4.3e+09	1.5e+07	-27.924
4.4e+09	1.5e+07	-28.691
4e+08	1.6e+07	-15.472
5e+08	1.6e+07	-15.516
6e+08	1.6e+07	-15.513
7e+08	1.6e+07	-15.91
8e+08	1.6e+07	-15.943
9e+08	1.6e+07	-16.277
1e+09	1.6e+07	-16.768
1.1e+09	1.6e+07	-17.728
1.2e+09	1.6e+07	-17.677
1.3e+09	1.6e+07	-17.62
1.4e+09	1.6e+07	-18.03
1.5e+09	1.6e+07	-18.728
1.6e+09	1.6e+07	-19.064
1.7e+09	1.6e+07	-18.605
1.8e+09	1.6e+07	-18.769
1.9e+09	1.6e+07	-18.986
2e+09	1.6e+07	-19.86
2.1e+09	1.6e+07	-19.883
2.2e+09	1.6e+07	-20.12
2.3e+09	1.6e+07	-20.532
2.4e+09	1.6e+07	-21.123
2.5e+09	1.6e+07	-21.451
2.6e+09	1.6e+07	-21.453
2.7e+09	1.6e+07	-21.246
2.8e+09	1.6e+07	-21.309
2.9e+09	1.6e+07	-21.457
3e+09	1.6e+07	-21.825
3.1e+09	1.6e+07	-22.357
3.2e+09	1.6e+07	-22.807
3.3e+09	1.6e+07	-23.559
3.4e+09	1.6e+07	-23.908
3.5e+09	1.6e+07	-24.196
3.6e+09	1.6e+07	-24.397
3.7e+09	1.6e+07	-24.543
3.8e+09	1.6e+07	-24.672
3.9e+09	1.6e+07	-24.909
4e+09	1.6e+07	-25.358
4.1e+09	1.6e+07	-26.292
4.2e+09	1.6e+07	-27.243
4.3e+09	1.6e+07	-28.232
4.4e+09	1.6e+07	-29.008
4e+08	1.7e+07	-15.842
5e+08	1.7e+07	-15.906
6e+08	1.7e+07	-15.899
7e+08	1.7e+07	-16.301
8e+08	1.7e+07	-16.316
9e+08	1.7e+07	-16.667
1e+09	1.7e+07	-17.153
1.1e+09	1.7e+07	-18.117
1.2e+09	1.7e+07	-18.042
1.3e+09	1.7e+07	-18.013
1.4e+09	1.7e+07	-18.417
1.5e+09	1.7e+07	-19.124
1.6e+09	1.7e+07	-19.441
1.7e+09	1.7e+07	-18.998
1.8e+09	1.7e+07	-19.156
1.9e+09	1.7e+07	-19.377
2e+09	1.7e+07	-20.24
2.1e+09	1.7e+07	-20.256
2.2e+09	1.7e+07	-20.5
2.3e+09	1.7e+07	-20.921
2.4e+09	1.7e+07	-21.508
2.5e+09	1.7e+07	-21.841
2.6e+09	1.7e+07	-21.834
2.7e+09	1.7e+07	-21.627
2.8e+09	1.7e+07	-21.695
2.9e+09	1.7e+07	-21.839
3e+09	1.7e+07	-22.206
3.1e+09	1.7e+07	-22.73
3.2e+09	1.7e+07	-23.189
3.3e+09	1.7e+07	-23.951
3.4e+09	1.7e+07	-24.285
3.5e+09	1.7e+07	-24.575
3.6e+09	1.7e+07	-24.771
3.7e+09	1.7e+07	-24.943
3.8e+09	1.7e+07	-25.05
3.9e+09	1.7e+07	-25.295
4e+09	1.7e+07	-25.738
4.1e+09	1.7e+07	-26.689
4.2e+09	1.7e+07	-27.616
4.3e+09	1.7e+07	-28.613
4.4e+09	1.7e+07	-29.377
4e+08	1.8e+07	-16.315
5e+08	1.8e+07	-16.399
6e+08	1.8e+07	-16.39
7e+08	1.8e+07	-16.798
8e+08	1.8e+07	-16.821
9e+08	1.8e+07	-17.174
1e+09	1.8e+07	-17.656
1.1e+09	1.8e+07	-18.612
1.2e+09	1.8e+07	-18.539
1.3e+09	1.8e+07	-18.513
1.4e+09	1.8e+07	-18.91
1.5e+09	1.8e+07	-19.652
1.6e+09	1.8e+07	-19.925
1.7e+09	1.8e+07	-19.509
1.8e+09	1.8e+07	-19.65
1.9e+09	1.8e+07	-19.887
2e+09	1.8e+07	-20.737
2.1e+09	1.8e+07	-20.738
2.2e+09	1.8e+07	-20.998
2.3e+09	1.8e+07	-21.429
2.4e+09	1.8e+07	-22.018
2.5e+09	1.8e+07	-22.346
2.6e+09	1.8e+07	-22.332
2.7e+09	1.8e+07	-22.125
2.8e+09	1.8e+07	-22.18
2.9e+09	1.8e+07	-22.338
3e+09	1.8e+07	-22.705
3.1e+09	1.8e+07	-23.228
3.2e+09	1.8e+07	-23.678
3.3e+09	1.8e+07	-24.458
3.4e+09	1.8e+07	-24.777
3.5e+09	1.8e+07	-25.07
3.6e+09	1.8e+07	-25.262
3.7e+09	1.8e+07	-25.449
3.8e+09	1.8e+07	-25.543
3.9e+09	1.8e+07	-25.786
4e+09	1.8e+07	-26.233
4.1e+09	1.8e+07	-27.192
4.2e+09	1.8e+07	-28.101
4.3e+09	1.8e+07	-29.106
4.4e+09	1.8e+07	-29.865
4e+08	1.9e+07	-17.029
5e+08	1.9e+07	-17.104
6e+08	1.9e+07	-17.121
7e+08	1.9e+07	-17.532
8e+08	1.9e+07	-17.55
9e+08	1.9e+07	-17.894
1e+09	1.9e+07	-18.384
1.1e+09	1.9e+07	-19.342
1.2e+09	1.9e+07	-19.248
1.3e+09	1.9e+07	-19.237
1.4e+09	1.9e+07	-19.629
1.5e+09	1.9e+07	-20.404
1.6e+09	1.9e+07	-20.643
1.7e+09	1.9e+07	-20.235
1.8e+09	1.9e+07	-20.367
1.9e+09	1.9e+07	-20.62
2e+09	1.9e+07	-21.445
2.1e+09	1.9e+07	-21.453
2.2e+09	1.9e+07	-21.718
2.3e+09	1.9e+07	-22.169
2.4e+09	1.9e+07	-22.743
2.5e+09	1.9e+07	-23.074
2.6e+09	1.9e+07	-23.05
2.7e+09	1.9e+07	-22.845
2.8e+09	1.9e+07	-22.896
2.9e+09	1.9e+07	-23.069
3e+09	1.9e+07	-23.423
3.1e+09	1.9e+07	-23.947
3.2e+09	1.9e+07	-24.398
3.3e+09	1.9e+07	-25.184
3.4e+09	1.9e+07	-25.489
3.5e+09	1.9e+07	-25.784
3.6e+09	1.9e+07	-25.973
3.7e+09	1.9e+07	-26.174
3.8e+09	1.9e+07	-26.244
3.9e+09	1.9e+07	-26.506
4e+09	1.9e+07	-26.946
4.1e+09	1.9e+07	-27.91
4.2e+09	1.9e+07	-28.802
4.3e+09	1.9e+07	-29.814
4.4e+09	1.9e+07	-30.565
4e+08	2e+07	-18.124
5e+08	2e+07	-18.204
6e+08	2e+07	-18.235
7e+08	2e+07	-18.647
8e+08	2e+07	-18.651
9e+08	2e+07	-19.009
1e+09	2e+07	-19.494
1.1e+09	2e+07	-20.45
1.2e+09	2e+07	-20.337
1.3e+09	2e+07	-20.353
1.4e+09	2e+07	-20.727
1.5e+09	2e+07	-21.537
1.6e+09	2e+07	-21.737
1.7e+09	2e+07	-21.352
1.8e+09	2e+07	-21.47
1.9e+09	2e+07	-21.731
2e+09	2e+07	-22.528
2.1e+09	2e+07	-22.55
2.2e+09	2e+07	-22.815
2.3e+09	2e+07	-23.269
2.4e+09	2e+07	-23.845
2.5e+09	2e+07	-24.178
2.6e+09	2e+07	-24.145
2.7e+09	2e+07	-23.941
2.8e+09	2e+07	-23.985
2.9e+09	2e+07	-24.166
3e+09	2e+07	-24.524
3.1e+09	2e+07	-25.031
3.2e+09	2e+07	-25.482
3.3e+09	2e+07	-26.285
3.4e+09	2e+07	-26.576
3.5e+09	2e+07	-26.867
3.6e+09	2e+07	-27.055
3.7e+09	2e+07	-27.267
3.8e+09	2e+07	-27.311
3.9e+09	2e+07	-27.587
4e+09	2e+07	-28.028
4.1e+09	2e+07	-28.993
4.2e+09	2e+07	-29.864
4.3e+09	2e+07	-30.882
4.4e+09	2e+07	-31.604
4e+08	2.1e+07	-19.752
5e+08	2.1e+07	-19.834
6e+08	2.1e+07	-19.876
7e+08	2.1e+07	-20.287
8e+08	2.1e+07	-20.286
9e+08	2.1e+07	-20.642
1e+09	2.1e+07	-21.123
1.1e+09	2.1e+07	-22.08
1.2e+09	2.1e+07	-21.946
1.3e+09	2.1e+07	-21.989
1.4e+09	2.1e+07	-22.336
1.5e+09	2.1e+07	-23.184
1.6e+09	2.1e+07	-23.349
1.7e+09	2.1e+07	-22.995
1.8e+09	2.1e+07	-23.092
1.9e+09	2.1e+07	-23.358
2e+09	2.1e+07	-24.134
2.1e+09	2.1e+07	-24.156
2.2e+09	2.1e+07	-24.415
2.3e+09	2.1e+07	-24.885
2.4e+09	2.1e+07	-25.452
2.5e+09	2.1e+07	-25.79
2.6e+09	2.1e+07	-25.749
2.7e+09	2.1e+07	-25.547
2.8e+09	2.1e+07	-25.591
2.9e+09	2.1e+07	-25.772
3e+09	2.1e+07	-26.127
3.1e+09	2.1e+07	-26.63
3.2e+09	2.1e+07	-27.084
3.3e+09	2.1e+07	-27.882
3.4e+09	2.1e+07	-28.155
3.5e+09	2.1e+07	-28.453
3.6e+09	2.1e+07	-28.639
3.7e+09	2.1e+07	-28.86
3.8e+09	2.1e+07	-28.893
3.9e+09	2.1e+07	-29.161
4e+09	2.1e+07	-29.601
4.1e+09	2.1e+07	-30.568
4.2e+09	2.1e+07	-31.414
4.3e+09	2.1e+07	-32.432
4.4e+09	2.1e+07	-33.141
4e+08	2.2e+07	-21.925
5e+08	2.2e+07	-22.004
6e+08	2.2e+07	-22.052
7e+08	2.2e+07	-22.459
8e+08	2.2e+07	-22.46
9e+08	2.2e+07	-22.814
1e+09	2.2e+07	-23.279
1.1e+09	2.2e+07	-24.241
1.2e+09	2.2e+07	-24.073
1.3e+09	2.2e+07	-24.146
1.4e+09	2.2e+07	-24.497
1.5e+09	2.2e+07	-25.36
1.6e+09	2.2e+07	-25.487
1.7e+09	2.2e+07	-25.155
1.8e+09	2.2e+07	-25.228
1.9e+09	2.2e+07	-25.513
2e+09	2.2e+07	-26.265
2.1e+09	2.2e+07	-26.291
2.2e+09	2.2e+07	-26.549
2.3e+09	2.2e+07	-27.029
2.4e+09	2.2e+07	-27.585
2.5e+09	2.2e+07	-27.925
2.6e+09	2.2e+07	-27.864
2.7e+09	2.2e+07	-27.668
2.8e+09	2.2e+07	-27.716
2.9e+09	2.2e+07	-27.901
3e+09	2.2e+07	-28.25
3.1e+09	2.2e+07	-28.745
3.2e+09	2.2e+07	-29.2
3.3e+09	2.2e+07	-29.991
3.4e+09	2.2e+07	-30.248
3.5e+09	2.2e+07	-30.545
3.6e+09	2.2e+07	-30.721
3.7e+09	2.2e+07	-30.956
3.8e+09	2.2e+07	-30.977
3.9e+09	2.2e+07	-31.24
4e+09	2.2e+07	-31.675
4.1e+09	2.2e+07	-32.626
4.2e+09	2.2e+07	-33.447
4.3e+09	2.2e+07	-34.46
4.4e+09	2.2e+07	-35.14
4e+08	2.3e+07	-24.509
5e+08	2.3e+07	-24.585
6e+08	2.3e+07	-24.645
7e+08	2.3e+07	-25.042
8e+08	2.3e+07	-25.041
9e+08	2.3e+07	-25.387
1e+09	2.3e+07	-25.847
1.1e+09	2.3e+07	-26.8
1.2e+09	2.3e+07	-26.629
1.3e+09	2.3e+07	-26.711
1.4e+09	2.3e+07	-27.047
1.5e+09	2.3e+07	-27.932
1.6e+09	2.3e+07	-28.001
1.7e+09	2.3e+07	-27.706
1.8e+09	2.3e+07	-27.772
1.9e+09	2.3e+07	-28.074
2e+09	2.3e+07	-28.79
2.1e+09	2.3e+07	-28.821
2.2e+09	2.3e+07	-29.077
2.3e+09	2.3e+07	-29.563
2.4e+09	2.3e+07	-30.104
2.5e+09	2.3e+07	-30.444
2.6e+09	2.3e+07	-30.376
2.7e+09	2.3e+07	-30.184
2.8e+09	2.3e+07	-30.229
2.9e+09	2.3e+07	-30.415
3e+09	2.3e+07	-30.753
3.1e+09	2.3e+07	-31.239
3.2e+09	2.3e+07	-31.683
3.3e+09	2.3e+07	-32.473
3.4e+09	2.3e+07	-32.709
3.5e+09	2.3e+07	-33.004
3.6e+09	2.3e+07	-33.18
3.7e+09	2.3e+07	-33.416
3.8e+09	2.3e+07	-33.421
3.9e+09	2.3e+07	-33.679
4e+09	2.3e+07	-34.102
4.1e+09	2.3e+07	-35.039
4.2e+09	2.3e+07	-35.821
4.3e+09	2.3e+07	-36.818
4.4e+09	2.3e+07	-37.464
4e+08	2.4e+07	-27.327
5e+08	2.4e+07	-27.399
6e+08	2.4e+07	-27.466
7e+08	2.4e+07	-27.854
8e+08	2.4e+07	-27.851
9e+08	2.4e+07	-28.189
1e+09	2.4e+07	-28.646
1.1e+09	2.4e+07	-29.583
1.2e+09	2.4e+07	-29.392
1.3e+09	2.4e+07	-29.499
1.4e+09	2.4e+07	-29.826
1.5e+09	2.4e+07	-30.719
1.6e+09	2.4e+07	-30.757
1.7e+09	2.4e+07	-30.482
1.8e+09	2.4e+07	-30.535
1.9e+09	2.4e+07	-30.84
2e+09	2.4e+07	-31.53
2.1e+09	2.4e+07	-31.565
2.2e+09	2.4e+07	-31.816
2.3e+09	2.4e+07	-32.306
2.4e+09	2.4e+07	-32.831
2.5e+09	2.4e+07	-33.17
2.6e+09	2.4e+07	-33.095
2.7e+09	2.4e+07	-32.911
2.8e+09	2.4e+07	-32.955
2.9e+09	2.4e+07	-33.139
3e+09	2.4e+07	-33.462
3.1e+09	2.4e+07	-33.932
3.2e+09	2.4e+07	-34.372
3.3e+09	2.4e+07	-35.154
3.4e+09	2.4e+07	-35.358
3.5e+09	2.4e+07	-35.648
3.6e+09	2.4e+07	-35.826
3.7e+09	2.4e+07	-36.054
3.8e+09	2.4e+07	-36.042
3.9e+09	2.4e+07	-36.29
4e+09	2.4e+07	-36.691
4.1e+09	2.4e+07	-37.596
4.2e+09	2.4e+07	-38.327
4.3e+09	2.4e+07	-39.301
4.4e+09	2.4e+07	-39.903
