4e+08	-2.4e+07	-6.2229
5e+08	-2.4e+07	-5.9486
6e+08	-2.4e+07	-5.4859
7e+08	-2.4e+07	-5.3304
8e+08	-2.4e+07	-5.4488
9e+08	-2.4e+07	-5.5981
1e+09	-2.4e+07	-5.2809
1.1e+09	-2.4e+07	-4.316
1.2e+09	-2.4e+07	-4.0458
1.3e+09	-2.4e+07	-3.9606
1.4e+09	-2.4e+07	-3.781
1.5e+09	-2.4e+07	-2.9859
1.6e+09	-2.4e+07	-2.8355
1.7e+09	-2.4e+07	-2.6434
1.8e+09	-2.4e+07	-3.2746
1.9e+09	-2.4e+07	-2.865
2e+09	-2.4e+07	-2.4362
2.1e+09	-2.4e+07	-1.8033
2.2e+09	-2.4e+07	-1.6232
2.3e+09	-2.4e+07	-1.3516
2.4e+09	-2.4e+07	-0.8263
2.5e+09	-2.4e+07	-0.26746
2.6e+09	-2.4e+07	-0.29464
2.7e+09	-2.4e+07	-0.4475
2.8e+09	-2.4e+07	-0.2533
2.9e+09	-2.4e+07	-0.2741
3e+09	-2.4e+07	-0.16158
3.1e+09	-2.4e+07	0.29454
3.2e+09	-2.4e+07	0.76049
3.3e+09	-2.4e+07	1.3632
3.4e+09	-2.4e+07	1.7469
3.5e+09	-2.4e+07	2.0739
3.6e+09	-2.4e+07	2.656
3.7e+09	-2.4e+07	3.0036
3.8e+09	-2.4e+07	2.9015
3.9e+09	-2.4e+07	2.8687
4e+09	-2.4e+07	3.5247
4.1e+09	-2.4e+07	3.7813
4.2e+09	-2.4e+07	4.8854
4.3e+09	-2.4e+07	5.3818
4.4e+09	-2.4e+07	6.5449
4e+08	-2.3e+07	-9.0256
5e+08	-2.3e+07	-8.7454
6e+08	-2.3e+07	-8.2808
7e+08	-2.3e+07	-8.137
8e+08	-2.3e+07	-8.245
9e+08	-2.3e+07	-8.404
1e+09	-2.3e+07	-8.0628
1.1e+09	-2.3e+07	-7.0902
1.2e+09	-2.3e+07	-6.8131
1.3e+09	-2.3e+07	-6.7505
1.4e+09	-2.3e+07	-6.5432
1.5e+09	-2.3e+07	-5.7676
1.6e+09	-2.3e+07	-5.6012
1.7e+09	-2.3e+07	-5.4032
1.8e+09	-2.3e+07	-6.0449
1.9e+09	-2.3e+07	-5.6307
2e+09	-2.3e+07	-5.1798
2.1e+09	-2.3e+07	-4.5333
2.2e+09	-2.3e+07	-4.369
2.3e+09	-2.3e+07	-4.0835
2.4e+09	-2.3e+07	-3.5496
2.5e+09	-2.3e+07	-2.9844
2.6e+09	-2.3e+07	-3.0236
2.7e+09	-2.3e+07	-3.172
2.8e+09	-2.3e+07	-2.9784
2.9e+09	-2.3e+07	-3.0011
3e+09	-2.3e+07	-2.8604
3.1e+09	-2.3e+07	-2.3972
3.2e+09	-2.3e+07	-1.9134
3.3e+09	-2.3e+07	-1.3378
3.4e+09	-2.3e+07	-0.91213
3.5e+09	-2.3e+07	-0.57833
3.6e+09	-2.3e+07	0.024086
3.7e+09	-2.3e+07	0.35883
3.8e+09	-2.3e+07	0.27089
3.9e+09	-2.3e+07	0.25917
4e+09	-2.3e+07	0.93548
4.1e+09	-2.3e+07	1.2129
4.2e+09	-2.3e+07	2.3623
4.3e+09	-2.3e+07	2.8851
4.4e+09	-2.3e+07	4.0758
4e+08	-2.2e+07	-11.589
5e+08	-2.2e+07	-11.312
6e+08	-2.2e+07	-10.847
7e+08	-2.2e+07	-10.713
8e+08	-2.2e+07	-10.824
9e+08	-2.2e+07	-10.979
1e+09	-2.2e+07	-10.613
1.1e+09	-2.2e+07	-9.6358
1.2e+09	-2.2e+07	-9.3534
1.3e+09	-2.2e+07	-9.3049
1.4e+09	-2.2e+07	-9.082
1.5e+09	-2.2e+07	-8.3208
1.6e+09	-2.2e+07	-8.143
1.7e+09	-2.2e+07	-7.9505
1.8e+09	-2.2e+07	-8.598
1.9e+09	-2.2e+07	-8.166
2e+09	-2.2e+07	-7.7066
2.1e+09	-2.2e+07	-7.0455
2.2e+09	-2.2e+07	-6.8975
2.3e+09	-2.2e+07	-6.6031
2.4e+09	-2.2e+07	-6.0725
2.5e+09	-2.2e+07	-5.5023
2.6e+09	-2.2e+07	-5.5432
2.7e+09	-2.2e+07	-5.6832
2.8e+09	-2.2e+07	-5.4895
2.9e+09	-2.2e+07	-5.5135
3e+09	-2.2e+07	-5.3691
3.1e+09	-2.2e+07	-4.8858
3.2e+09	-2.2e+07	-4.3873
3.3e+09	-2.2e+07	-3.8247
3.4e+09	-2.2e+07	-3.3774
3.5e+09	-2.2e+07	-3.0396
3.6e+09	-2.2e+07	-2.4248
3.7e+09	-2.2e+07	-2.1023
3.8e+09	-2.2e+07	-2.1831
3.9e+09	-2.2e+07	-2.1767
4e+09	-2.2e+07	-1.4921
4.1e+09	-2.2e+07	-1.1943
4.2e+09	-2.2e+07	-0.012774
4.3e+09	-2.2e+07	0.53145
4.4e+09	-2.2e+07	1.7428
4e+08	-2.1e+07	-13.745
5e+08	-2.1e+07	-13.47
6e+08	-2.1e+07	-13.012
7e+08	-2.1e+07	-12.883
8e+08	-2.1e+07	-12.987
9e+08	-2.1e+07	-13.148
1e+09	-2.1e+07	-12.758
1.1e+09	-2.1e+07	-11.782
1.2e+09	-2.1e+07	-11.493
1.3e+09	-2.1e+07	-11.471
1.4e+09	-2.1e+07	-11.22
1.5e+09	-2.1e+07	-10.477
1.6e+09	-2.1e+07	-10.29
1.7e+09	-2.1e+07	-10.105
1.8e+09	-2.1e+07	-10.748
1.9e+09	-2.1e+07	-10.305
2e+09	-2.1e+07	-9.8372
2.1e+09	-2.1e+07	-9.1755
2.2e+09	-2.1e+07	-9.0314
2.3e+09	-2.1e+07	-8.7337
2.4e+09	-2.1e+07	-8.1955
2.5e+09	-2.1e+07	-7.6352
2.6e+09	-2.1e+07	-7.6737
2.7e+09	-2.1e+07	-7.8277
2.8e+09	-2.1e+07	-7.617
2.9e+09	-2.1e+07	-7.6406
3e+09	-2.1e+07	-7.491
3.1e+09	-2.1e+07	-6.994
3.2e+09	-2.1e+07	-6.4847
3.3e+09	-2.1e+07	-5.9418
3.4e+09	-2.1e+07	-5.4693
3.5e+09	-2.1e+07	-5.1324
3.6e+09	-2.1e+07	-4.5144
3.7e+09	-2.1e+07	-4.1982
3.8e+09	-2.1e+07	-4.273
3.9e+09	-2.1e+07	-4.2626
4e+09	-2.1e+07	-3.5518
4.1e+09	-2.1e+07	-3.2594
4.2e+09	-2.1e+07	-2.0458
4.3e+09	-2.1e+07	-1.4861
4.4e+09	-2.1e+07	-0.27462
4e+08	-2e+07	-15.38
5e+08	-2e+07	-15.095
6e+08	-2e+07	-14.641
7e+08	-2e+07	-14.53
8e+08	-2e+07	-14.613
9e+08	-2e+07	-14.782
1e+09	-2e+07	-14.365
1.1e+09	-2e+07	-13.395
1.2e+09	-2e+07	-13.101
1.3e+09	-2e+07	-13.096
1.4e+09	-2e+07	-12.825
1.5e+09	-2e+07	-12.106
1.6e+09	-2e+07	-11.906
1.7e+09	-2e+07	-11.741
1.8e+09	-2e+07	-12.369
1.9e+09	-2e+07	-11.925
2e+09	-2e+07	-11.436
2.1e+09	-2e+07	-10.77
2.2e+09	-2e+07	-10.647
2.3e+09	-2e+07	-10.347
2.4e+09	-2e+07	-9.7981
2.5e+09	-2e+07	-9.2385
2.6e+09	-2e+07	-9.2804
2.7e+09	-2e+07	-9.4313
2.8e+09	-2e+07	-9.2307
2.9e+09	-2e+07	-9.2467
3e+09	-2e+07	-9.0897
3.1e+09	-2e+07	-8.5847
3.2e+09	-2e+07	-8.0743
3.3e+09	-2e+07	-7.5351
3.4e+09	-2e+07	-7.0463
3.5e+09	-2e+07	-6.7158
3.6e+09	-2e+07	-6.0906
3.7e+09	-2e+07	-5.7881
3.8e+09	-2e+07	-5.8572
3.9e+09	-2e+07	-5.8344
4e+09	-2e+07	-5.1231
4.1e+09	-2e+07	-4.8182
4.2e+09	-2e+07	-3.5992
4.3e+09	-2e+07	-3.0192
4.4e+09	-2e+07	-1.8032
4e+08	-1.9e+07	-16.477
5e+08	-1.9e+07	-16.197
6e+08	-1.9e+07	-15.748
7e+08	-1.9e+07	-15.645
8e+08	-1.9e+07	-15.721
9e+08	-1.9e+07	-15.895
1e+09	-1.9e+07	-15.458
1.1e+09	-1.9e+07	-14.491
1.2e+09	-1.9e+07	-14.188
1.3e+09	-1.9e+07	-14.199
1.4e+09	-1.9e+07	-13.917
1.5e+09	-1.9e+07	-13.228
1.6e+09	-1.9e+07	-13.004
1.7e+09	-1.9e+07	-12.856
1.8e+09	-1.9e+07	-13.471
1.9e+09	-1.9e+07	-13.019
2e+09	-1.9e+07	-12.521
2.1e+09	-1.9e+07	-11.852
2.2e+09	-1.9e+07	-11.743
2.3e+09	-1.9e+07	-11.439
2.4e+09	-1.9e+07	-10.886
2.5e+09	-1.9e+07	-10.348
2.6e+09	-1.9e+07	-10.381
2.7e+09	-1.9e+07	-10.523
2.8e+09	-1.9e+07	-10.323
2.9e+09	-1.9e+07	-10.338
3e+09	-1.9e+07	-10.181
3.1e+09	-1.9e+07	-9.6615
3.2e+09	-1.9e+07	-9.1498
3.3e+09	-1.9e+07	-8.6308
3.4e+09	-1.9e+07	-8.1269
3.5e+09	-1.9e+07	-7.7963
3.6e+09	-1.9e+07	-7.1631
3.7e+09	-1.9e+07	-6.8844
3.8e+09	-1.9e+07	-6.9448
3.9e+09	-1.9e+07	-6.9102
4e+09	-1.9e+07	-6.1985
4.1e+09	-1.9e+07	-5.8817
4.2e+09	-1.9e+07	-4.6504
4.3e+09	-1.9e+07	-4.0644
4.4e+09	-1.9e+07	-2.8506
4e+08	-1.8e+07	-17.195
5e+08	-1.8e+07	-16.919
6e+08	-1.8e+07	-16.474
7e+08	-1.8e+07	-16.378
8e+08	-1.8e+07	-16.446
9e+08	-1.8e+07	-16.626
1e+09	-1.8e+07	-16.167
1.1e+09	-1.8e+07	-15.207
1.2e+09	-1.8e+07	-14.91
1.3e+09	-1.8e+07	-14.938
1.4e+09	-1.8e+07	-14.638
1.5e+09	-1.8e+07	-13.963
1.6e+09	-1.8e+07	-13.723
1.7e+09	-1.8e+07	-13.591
1.8e+09	-1.8e+07	-14.192
1.9e+09	-1.8e+07	-13.735
2e+09	-1.8e+07	-13.226
2.1e+09	-1.8e+07	-12.558
2.2e+09	-1.8e+07	-12.461
2.3e+09	-1.8e+07	-12.155
2.4e+09	-1.8e+07	-11.598
2.5e+09	-1.8e+07	-11.065
2.6e+09	-1.8e+07	-11.103
2.7e+09	-1.8e+07	-11.24
2.8e+09	-1.8e+07	-11.032
2.9e+09	-1.8e+07	-11.057
3e+09	-1.8e+07	-10.895
3.1e+09	-1.8e+07	-10.365
3.2e+09	-1.8e+07	-9.8529
3.3e+09	-1.8e+07	-9.3432
3.4e+09	-1.8e+07	-8.8305
3.5e+09	-1.8e+07	-8.5056
3.6e+09	-1.8e+07	-7.8684
3.7e+09	-1.8e+07	-7.6187
3.8e+09	-1.8e+07	-7.6614
3.9e+09	-1.8e+07	-7.6155
4e+09	-1.8e+07	-6.906
4.1e+09	-1.8e+07	-6.5785
4.2e+09	-1.8e+07	-5.339
4.3e+09	-1.8e+07	-4.7488
4.4e+09	-1.8e+07	-3.5486
4e+08	-1.7e+07	-17.689
5e+08	-1.7e+07	-17.415
6e+08	-1.7e+07	-16.976
7e+08	-1.7e+07	-16.893
8e+08	-1.7e+07	-16.959
9e+08	-1.7e+07	-17.132
1e+09	-1.7e+07	-16.651
1.1e+09	-1.7e+07	-15.698
1.2e+09	-1.7e+07	-15.395
1.3e+09	-1.7e+07	-15.44
1.4e+09	-1.7e+07	-15.125
1.5e+09	-1.7e+07	-14.475
1.6e+09	-1.7e+07	-14.218
1.7e+09	-1.7e+07	-14.104
1.8e+09	-1.7e+07	-14.688
1.9e+09	-1.7e+07	-14.239
2e+09	-1.7e+07	-13.706
2.1e+09	-1.7e+07	-13.052
2.2e+09	-1.7e+07	-12.965
2.3e+09	-1.7e+07	-12.649
2.4e+09	-1.7e+07	-12.086
2.5e+09	-1.7e+07	-11.57
2.6e+09	-1.7e+07	-11.602
2.7e+09	-1.7e+07	-11.744
2.8e+09	-1.7e+07	-11.527
2.9e+09	-1.7e+07	-11.562
3e+09	-1.7e+07	-11.386
3.1e+09	-1.7e+07	-10.848
3.2e+09	-1.7e+07	-10.336
3.3e+09	-1.7e+07	-9.8435
3.4e+09	-1.7e+07	-9.324
3.5e+09	-1.7e+07	-8.9947
3.6e+09	-1.7e+07	-8.3553
3.7e+09	-1.7e+07	-8.1244
3.8e+09	-1.7e+07	-8.158
3.9e+09	-1.7e+07	-8.1014
4e+09	-1.7e+07	-7.3847
4.1e+09	-1.7e+07	-7.0576
4.2e+09	-1.7e+07	-5.8104
4.3e+09	-1.7e+07	-5.2179
4.4e+09	-1.7e+07	-4.0234
4e+08	-1.6e+07	-18.065
5e+08	-1.6e+07	-17.792
6e+08	-1.6e+07	-17.36
7e+08	-1.6e+07	-17.28
8e+08	-1.6e+07	-17.342
9e+08	-1.6e+07	-17.517
1e+09	-1.6e+07	-17.017
1.1e+09	-1.6e+07	-16.071
1.2e+09	-1.6e+07	-15.776
1.3e+09	-1.6e+07	-15.836
1.4e+09	-1.6e+07	-15.493
1.5e+09	-1.6e+07	-14.87
1.6e+09	-1.6e+07	-14.603
1.7e+09	-1.6e+07	-14.5
1.8e+09	-1.6e+07	-15.064
1.9e+09	-1.6e+07	-14.616
2e+09	-1.6e+07	-14.077
2.1e+09	-1.6e+07	-13.419
2.2e+09	-1.6e+07	-13.342
2.3e+09	-1.6e+07	-13.026
2.4e+09	-1.6e+07	-12.468
2.5e+09	-1.6e+07	-11.957
2.6e+09	-1.6e+07	-11.983
2.7e+09	-1.6e+07	-12.121
2.8e+09	-1.6e+07	-11.906
2.9e+09	-1.6e+07	-11.941
3e+09	-1.6e+07	-11.752
3.1e+09	-1.6e+07	-11.214
3.2e+09	-1.6e+07	-10.702
3.3e+09	-1.6e+07	-10.218
3.4e+09	-1.6e+07	-9.6792
3.5e+09	-1.6e+07	-9.3674
3.6e+09	-1.6e+07	-8.727
3.7e+09	-1.6e+07	-8.5152
3.8e+09	-1.6e+07	-8.527
3.9e+09	-1.6e+07	-8.4833
4e+09	-1.6e+07	-7.7592
4.1e+09	-1.6e+07	-7.4214
4.2e+09	-1.6e+07	-6.1683
4.3e+09	-1.6e+07	-5.5748
4.4e+09	-1.6e+07	-4.3946
4e+08	-1.5e+07	-18.391
5e+08	-1.5e+07	-18.102
6e+08	-1.5e+07	-17.683
7e+08	-1.5e+07	-17.602
8e+08	-1.5e+07	-17.659
9e+08	-1.5e+07	-17.835
1e+09	-1.5e+07	-17.331
1.1e+09	-1.5e+07	-16.38
1.2e+09	-1.5e+07	-16.077
1.3e+09	-1.5e+07	-16.156
1.4e+09	-1.5e+07	-15.797
1.5e+09	-1.5e+07	-15.199
1.6e+09	-1.5e+07	-14.913
1.7e+09	-1.5e+07	-14.841
1.8e+09	-1.5e+07	-15.374
1.9e+09	-1.5e+07	-14.927
2e+09	-1.5e+07	-14.373
2.1e+09	-1.5e+07	-13.722
2.2e+09	-1.5e+07	-13.653
2.3e+09	-1.5e+07	-13.338
2.4e+09	-1.5e+07	-12.776
2.5e+09	-1.5e+07	-12.269
2.6e+09	-1.5e+07	-12.308
2.7e+09	-1.5e+07	-12.433
2.8e+09	-1.5e+07	-12.221
2.9e+09	-1.5e+07	-12.257
3e+09	-1.5e+07	-12.06
3.1e+09	-1.5e+07	-11.514
3.2e+09	-1.5e+07	-11.003
3.3e+09	-1.5e+07	-10.517
3.4e+09	-1.5e+07	-9.9807
3.5e+09	-1.5e+07	-9.6649
3.6e+09	-1.5e+07	-9.0466
3.7e+09	-1.5e+07	-8.8411
3.8e+09	-1.5e+07	-8.8423
3.9e+09	-1.5e+07	-8.801
4e+09	-1.5e+07	-8.0695
4.1e+09	-1.5e+07	-7.7309
4.2e+09	-1.5e+07	-6.4612
4.3e+09	-1.5e+07	-5.8578
4.4e+09	-1.5e+07	-4.6927
4e+08	-1.4e+07	-18.651
5e+08	-1.4e+07	-18.367
6e+08	-1.4e+07	-17.952
7e+08	-1.4e+07	-17.874
8e+08	-1.4e+07	-17.939
9e+08	-1.4e+07	-18.118
1e+09	-1.4e+07	-17.583
1.1e+09	-1.4e+07	-16.637
1.2e+09	-1.4e+07	-16.332
1.3e+09	-1.4e+07	-16.425
1.4e+09	-1.4e+07	-16.05
1.5e+09	-1.4e+07	-15.48
1.6e+09	-1.4e+07	-15.172
1.7e+09	-1.4e+07	-15.123
1.8e+09	-1.4e+07	-15.633
1.9e+09	-1.4e+07	-15.2
2e+09	-1.4e+07	-14.608
2.1e+09	-1.4e+07	-13.978
2.2e+09	-1.4e+07	-13.924
2.3e+09	-1.4e+07	-13.593
2.4e+09	-1.4e+07	-13.034
2.5e+09	-1.4e+07	-12.545
2.6e+09	-1.4e+07	-12.576
2.7e+09	-1.4e+07	-12.697
2.8e+09	-1.4e+07	-12.487
2.9e+09	-1.4e+07	-12.515
3e+09	-1.4e+07	-12.321
3.1e+09	-1.4e+07	-11.766
3.2e+09	-1.4e+07	-11.258
3.3e+09	-1.4e+07	-10.785
3.4e+09	-1.4e+07	-10.233
3.5e+09	-1.4e+07	-9.9249
3.6e+09	-1.4e+07	-9.3068
3.7e+09	-1.4e+07	-9.1197
3.8e+09	-1.4e+07	-9.109
3.9e+09	-1.4e+07	-9.0609
4e+09	-1.4e+07	-8.333
4.1e+09	-1.4e+07	-7.9839
4.2e+09	-1.4e+07	-6.7084
4.3e+09	-1.4e+07	-6.1048
4.4e+09	-1.4e+07	-4.9527
4e+08	-1.3e+07	-18.868
5e+08	-1.3e+07	-18.584
6e+08	-1.3e+07	-18.176
7e+08	-1.3e+07	-18.1
8e+08	-1.3e+07	-18.16
9e+08	-1.3e+07	-18.34
1e+09	-1.3e+07	-17.788
1.1e+09	-1.3e+07	-16.85
1.2e+09	-1.3e+07	-16.541
1.3e+09	-1.3e+07	-16.661
1.4e+09	-1.3e+07	-16.259
1.5e+09	-1.3e+07	-15.714
1.6e+09	-1.3e+07	-15.384
1.7e+09	-1.3e+07	-15.361
1.8e+09	-1.3e+07	-15.845
1.9e+09	-1.3e+07	-15.416
2e+09	-1.3e+07	-14.806
2.1e+09	-1.3e+07	-14.188
2.2e+09	-1.3e+07	-14.139
2.3e+09	-1.3e+07	-13.811
2.4e+09	-1.3e+07	-13.255
2.5e+09	-1.3e+07	-12.774
2.6e+09	-1.3e+07	-12.797
2.7e+09	-1.3e+07	-12.925
2.8e+09	-1.3e+07	-12.707
2.9e+09	-1.3e+07	-12.736
3e+09	-1.3e+07	-12.536
3.1e+09	-1.3e+07	-11.972
3.2e+09	-1.3e+07	-11.468
3.3e+09	-1.3e+07	-10.998
3.4e+09	-1.3e+07	-10.44
3.5e+09	-1.3e+07	-10.14
3.6e+09	-1.3e+07	-9.5228
3.7e+09	-1.3e+07	-9.3521
3.8e+09	-1.3e+07	-9.33
3.9e+09	-1.3e+07	-9.2747
4e+09	-1.3e+07	-8.5404
4.1e+09	-1.3e+07	-8.1902
4.2e+09	-1.3e+07	-6.9099
4.3e+09	-1.3e+07	-6.3067
4.4e+09	-1.3e+07	-5.1571
4e+08	-1.2e+07	-19.035
5e+08	-1.2e+07	-18.753
6e+08	-1.2e+07	-18.352
7e+08	-1.2e+07	-18.288
8e+08	-1.2e+07	-18.332
9e+08	-1.2e+07	-18.511
1e+09	-1.2e+07	-17.945
1.1e+09	-1.2e+07	-17.013
1.2e+09	-1.2e+07	-16.701
1.3e+09	-1.2e+07	-16.836
1.4e+09	-1.2e+07	-16.431
1.5e+09	-1.2e+07	-15.91
1.6e+09	-1.2e+07	-15.559
1.7e+09	-1.2e+07	-15.55
1.8e+09	-1.2e+07	-16.007
1.9e+09	-1.2e+07	-15.585
2e+09	-1.2e+07	-14.956
2.1e+09	-1.2e+07	-14.351
2.2e+09	-1.2e+07	-14.297
2.3e+09	-1.2e+07	-13.989
2.4e+09	-1.2e+07	-13.418
2.5e+09	-1.2e+07	-12.945
2.6e+09	-1.2e+07	-12.967
2.7e+09	-1.2e+07	-13.095
2.8e+09	-1.2e+07	-12.888
2.9e+09	-1.2e+07	-12.909
3e+09	-1.2e+07	-12.702
3.1e+09	-1.2e+07	-12.138
3.2e+09	-1.2e+07	-11.639
3.3e+09	-1.2e+07	-11.17
3.4e+09	-1.2e+07	-10.599
3.5e+09	-1.2e+07	-10.306
3.6e+09	-1.2e+07	-9.6806
3.7e+09	-1.2e+07	-9.5372
3.8e+09	-1.2e+07	-9.5131
3.9e+09	-1.2e+07	-9.4414
4e+09	-1.2e+07	-8.7107
4.1e+09	-1.2e+07	-8.3496
4.2e+09	-1.2e+07	-7.0645
4.3e+09	-1.2e+07	-6.4612
4.4e+09	-1.2e+07	-5.314
4e+08	-1.1e+07	-19.169
5e+08	-1.1e+07	-18.871
6e+08	-1.1e+07	-18.479
7e+08	-1.1e+07	-18.415
8e+08	-1.1e+07	-18.468
9e+08	-1.1e+07	-18.634
1e+09	-1.1e+07	-18.067
1.1e+09	-1.1e+07	-17.129
1.2e+09	-1.1e+07	-16.813
1.3e+09	-1.1e+07	-16.963
1.4e+09	-1.1e+07	-16.544
1.5e+09	-1.1e+07	-16.045
1.6e+09	-1.1e+07	-15.672
1.7e+09	-1.1e+07	-15.701
1.8e+09	-1.1e+07	-16.119
1.9e+09	-1.1e+07	-15.704
2e+09	-1.1e+07	-15.056
2.1e+09	-1.1e+07	-14.467
2.2e+09	-1.1e+07	-14.416
2.3e+09	-1.1e+07	-14.11
2.4e+09	-1.1e+07	-13.524
2.5e+09	-1.1e+07	-13.086
2.6e+09	-1.1e+07	-13.09
2.7e+09	-1.1e+07	-13.216
2.8e+09	-1.1e+07	-13.012
2.9e+09	-1.1e+07	-13.034
3e+09	-1.1e+07	-12.819
3.1e+09	-1.1e+07	-12.247
3.2e+09	-1.1e+07	-11.753
3.3e+09	-1.1e+07	-11.285
3.4e+09	-1.1e+07	-10.709
3.5e+09	-1.1e+07	-10.424
3.6e+09	-1.1e+07	-9.8023
3.7e+09	-1.1e+07	-9.6735
3.8e+09	-1.1e+07	-9.6366
3.9e+09	-1.1e+07	-9.5597
4e+09	-1.1e+07	-8.8334
4.1e+09	-1.1e+07	-8.46
4.2e+09	-1.1e+07	-7.1711
4.3e+09	-1.1e+07	-6.5688
4.4e+09	-1.1e+07	-5.4332
4e+08	-1e+07	-19.245
5e+08	-1e+07	-18.944
6e+08	-1e+07	-18.564
7e+08	-1e+07	-18.504
8e+08	-1e+07	-18.548
9e+08	-1e+07	-18.712
1e+09	-1e+07	-18.131
1.1e+09	-1e+07	-17.2
1.2e+09	-1e+07	-16.884
1.3e+09	-1e+07	-17.046
1.4e+09	-1e+07	-16.614
1.5e+09	-1e+07	-16.138
1.6e+09	-1e+07	-15.741
1.7e+09	-1e+07	-15.798
1.8e+09	-1e+07	-16.186
1.9e+09	-1e+07	-15.791
2e+09	-1e+07	-15.113
2.1e+09	-1e+07	-14.541
2.2e+09	-1e+07	-14.5
2.3e+09	-1e+07	-14.185
2.4e+09	-1e+07	-13.604
2.5e+09	-1e+07	-13.175
2.6e+09	-1e+07	-13.169
2.7e+09	-1e+07	-13.294
2.8e+09	-1e+07	-13.093
2.9e+09	-1e+07	-13.124
3e+09	-1e+07	-12.89
3.1e+09	-1e+07	-12.313
3.2e+09	-1e+07	-11.824
3.3e+09	-1e+07	-11.373
3.4e+09	-1e+07	-10.787
3.5e+09	-1e+07	-10.498
3.6e+09	-1e+07	-9.8815
3.7e+09	-1e+07	-9.7663
3.8e+09	-1e+07	-9.7165
3.9e+09	-1e+07	-9.6359
4e+09	-1e+07	-8.9125
4.1e+09	-1e+07	-8.5275
4.2e+09	-1e+07	-7.235
4.3e+09	-1e+07	-6.6346
4.4e+09	-1e+07	-5.4991
4e+08	-9e+06	-19.288
5e+08	-9e+06	-18.982
6e+08	-9e+06	-18.615
7e+08	-9e+06	-18.551
8e+08	-9e+06	-18.593
9e+08	-9e+06	-18.755
1e+09	-9e+06	-18.164
1.1e+09	-9e+06	-17.236
1.2e+09	-9e+06	-16.92
1.3e+09	-9e+06	-17.094
1.4e+09	-9e+06	-16.65
1.5e+09	-9e+06	-16.195
1.6e+09	-9e+06	-15.776
1.7e+09	-9e+06	-15.862
1.8e+09	-9e+06	-16.217
1.9e+09	-9e+06	-15.834
2e+09	-9e+06	-15.134
2.1e+09	-9e+06	-14.592
2.2e+09	-9e+06	-14.54
2.3e+09	-9e+06	-14.229
2.4e+09	-9e+06	-13.64
2.5e+09	-9e+06	-13.22
2.6e+09	-9e+06	-13.213
2.7e+09	-9e+06	-13.348
2.8e+09	-9e+06	-13.14
2.9e+09	-9e+06	-13.171
3e+09	-9e+06	-12.921
3.1e+09	-9e+06	-12.345
3.2e+09	-9e+06	-11.862
3.3e+09	-9e+06	-11.407
3.4e+09	-9e+06	-10.82
3.5e+09	-9e+06	-10.528
3.6e+09	-9e+06	-9.938
3.7e+09	-9e+06	-9.8239
3.8e+09	-9e+06	-9.7626
3.9e+09	-9e+06	-9.6882
4e+09	-9e+06	-8.938
4.1e+09	-9e+06	-8.5723
4.2e+09	-9e+06	-7.2655
4.3e+09	-9e+06	-6.6659
4.4e+09	-9e+06	-5.5302
4e+08	-8e+06	-19.308
5e+08	-8e+06	-18.997
6e+08	-8e+06	-18.642
7e+08	-8e+06	-18.572
8e+08	-8e+06	-18.615
9e+08	-8e+06	-18.773
1e+09	-8e+06	-18.172
1.1e+09	-8e+06	-17.25
1.2e+09	-8e+06	-16.935
1.3e+09	-8e+06	-17.119
1.4e+09	-8e+06	-16.664
1.5e+09	-8e+06	-16.238
1.6e+09	-8e+06	-15.787
1.7e+09	-8e+06	-15.902
1.8e+09	-8e+06	-16.235
1.9e+09	-8e+06	-15.853
2e+09	-8e+06	-15.132
2.1e+09	-8e+06	-14.611
2.2e+09	-8e+06	-14.556
2.3e+09	-8e+06	-14.247
2.4e+09	-8e+06	-13.653
2.5e+09	-8e+06	-13.25
2.6e+09	-8e+06	-13.223
2.7e+09	-8e+06	-13.369
2.8e+09	-8e+06	-13.164
2.9e+09	-8e+06	-13.194
3e+09	-8e+06	-12.935
3.1e+09	-8e+06	-12.353
3.2e+09	-8e+06	-11.877
3.3e+09	-8e+06	-11.418
3.4e+09	-8e+06	-10.829
3.5e+09	-8e+06	-10.546
3.6e+09	-8e+06	-9.9618
3.7e+09	-8e+06	-9.8588
3.8e+09	-8e+06	-9.7852
3.9e+09	-8e+06	-9.7069
4e+09	-8e+06	-8.9609
4.1e+09	-8e+06	-8.5828
4.2e+09	-8e+06	-7.2732
4.3e+09	-8e+06	-6.6748
4.4e+09	-8e+06	-5.5474
4e+08	-7e+06	-19.316
5e+08	-7e+06	-19.001
6e+08	-7e+06	-18.655
7e+08	-7e+06	-18.581
8e+08	-7e+06	-18.623
9e+08	-7e+06	-18.778
1e+09	-7e+06	-18.168
1.1e+09	-7e+06	-17.25
1.2e+09	-7e+06	-16.938
1.3e+09	-7e+06	-17.13
1.4e+09	-7e+06	-16.665
1.5e+09	-7e+06	-16.257
1.6e+09	-7e+06	-15.785
1.7e+09	-7e+06	-15.929
1.8e+09	-7e+06	-16.229
1.9e+09	-7e+06	-15.87
2e+09	-7e+06	-15.118
2.1e+09	-7e+06	-14.618
2.2e+09	-7e+06	-14.569
2.3e+09	-7e+06	-14.254
2.4e+09	-7e+06	-13.662
2.5e+09	-7e+06	-13.268
2.6e+09	-7e+06	-13.23
2.7e+09	-7e+06	-13.387
2.8e+09	-7e+06	-13.175
2.9e+09	-7e+06	-13.206
3e+09	-7e+06	-12.937
3.1e+09	-7e+06	-12.349
3.2e+09	-7e+06	-11.881
3.3e+09	-7e+06	-11.424
3.4e+09	-7e+06	-10.827
3.5e+09	-7e+06	-10.562
3.6e+09	-7e+06	-9.9739
3.7e+09	-7e+06	-9.88
3.8e+09	-7e+06	-9.7952
3.9e+09	-7e+06	-9.7132
4e+09	-7e+06	-8.9714
4.1e+09	-7e+06	-8.5911
4.2e+09	-7e+06	-7.2678
4.3e+09	-7e+06	-6.6723
4.4e+09	-7e+06	-5.5425
4e+08	-6e+06	-19.32
5e+08	-6e+06	-19
6e+08	-6e+06	-18.678
7e+08	-6e+06	-18.585
8e+08	-6e+06	-18.641
9e+08	-6e+06	-18.777
1e+09	-6e+06	-18.173
1.1e+09	-6e+06	-17.245
1.2e+09	-6e+06	-16.949
1.3e+09	-6e+06	-17.149
1.4e+09	-6e+06	-16.674
1.5e+09	-6e+06	-16.27
1.6e+09	-6e+06	-15.778
1.7e+09	-6e+06	-15.962
1.8e+09	-6e+06	-16.218
1.9e+09	-6e+06	-15.872
2e+09	-6e+06	-15.099
2.1e+09	-6e+06	-14.622
2.2e+09	-6e+06	-14.568
2.3e+09	-6e+06	-14.257
2.4e+09	-6e+06	-13.657
2.5e+09	-6e+06	-13.272
2.6e+09	-6e+06	-13.232
2.7e+09	-6e+06	-13.391
2.8e+09	-6e+06	-13.174
2.9e+09	-6e+06	-13.212
3e+09	-6e+06	-12.935
3.1e+09	-6e+06	-12.341
3.2e+09	-6e+06	-11.881
3.3e+09	-6e+06	-11.417
3.4e+09	-6e+06	-10.82
3.5e+09	-6e+06	-10.561
3.6e+09	-6e+06	-9.9823
3.7e+09	-6e+06	-9.9069
3.8e+09	-6e+06	-9.8002
3.9e+09	-6e+06	-9.716
4e+09	-6e+06	-8.9774
4.1e+09	-6e+06	-8.5852
4.2e+09	-6e+06	-7.2588
4.3e+09	-6e+06	-6.6656
4.4e+09	-6e+06	-5.5324
4e+08	-5e+06	-19.325
5e+08	-5e+06	-19.001
6e+08	-5e+06	-18.688
7e+08	-5e+06	-18.589
8e+08	-5e+06	-18.647
9e+08	-5e+06	-18.776
1e+09	-5e+06	-18.168
1.1e+09	-5e+06	-17.242
1.2e+09	-5e+06	-16.951
1.3e+09	-5e+06	-17.157
1.4e+09	-5e+06	-16.675
1.5e+09	-5e+06	-16.284
1.6e+09	-5e+06	-15.774
1.7e+09	-5e+06	-15.985
1.8e+09	-5e+06	-16.209
1.9e+09	-5e+06	-15.874
2e+09	-5e+06	-15.081
2.1e+09	-5e+06	-14.638
2.2e+09	-5e+06	-14.567
2.3e+09	-5e+06	-14.262
2.4e+09	-5e+06	-13.654
2.5e+09	-5e+06	-13.286
2.6e+09	-5e+06	-13.245
2.7e+09	-5e+06	-13.404
2.8e+09	-5e+06	-13.182
2.9e+09	-5e+06	-13.219
3e+09	-5e+06	-12.934
3.1e+09	-5e+06	-12.335
3.2e+09	-5e+06	-11.883
3.3e+09	-5e+06	-11.41
3.4e+09	-5e+06	-10.815
3.5e+09	-5e+06	-10.563
3.6e+09	-5e+06	-9.993
3.7e+09	-5e+06	-9.9233
3.8e+09	-5e+06	-9.8064
3.9e+09	-5e+06	-9.7298
4e+09	-5e+06	-8.9744
4.1e+09	-5e+06	-8.5808
4.2e+09	-5e+06	-7.251
4.3e+09	-5e+06	-6.6497
4.4e+09	-5e+06	-5.5235
4e+08	-4e+06	-19.335
5e+08	-4e+06	-19.02
6e+08	-4e+06	-18.702
7e+08	-4e+06	-18.596
8e+08	-4e+06	-18.656
9e+08	-4e+06	-18.793
1e+09	-4e+06	-18.167
1.1e+09	-4e+06	-17.256
1.2e+09	-4e+06	-16.958
1.3e+09	-4e+06	-17.167
1.4e+09	-4e+06	-16.68
1.5e+09	-4e+06	-16.299
1.6e+09	-4e+06	-15.772
1.7e+09	-4e+06	-16.012
1.8e+09	-4e+06	-16.202
1.9e+09	-4e+06	-15.892
2e+09	-4e+06	-15.058
2.1e+09	-4e+06	-14.648
2.2e+09	-4e+06	-14.58
2.3e+09	-4e+06	-14.271
2.4e+09	-4e+06	-13.664
2.5e+09	-4e+06	-13.294
2.6e+09	-4e+06	-13.252
2.7e+09	-4e+06	-13.413
2.8e+09	-4e+06	-13.204
2.9e+09	-4e+06	-13.222
3e+09	-4e+06	-12.935
3.1e+09	-4e+06	-12.332
3.2e+09	-4e+06	-11.907
3.3e+09	-4e+06	-11.404
3.4e+09	-4e+06	-10.814
3.5e+09	-4e+06	-10.568
3.6e+09	-4e+06	-10.008
3.7e+09	-4e+06	-9.9415
3.8e+09	-4e+06	-9.8153
3.9e+09	-4e+06	-9.7376
4e+09	-4e+06	-8.9848
4.1e+09	-4e+06	-8.5791
4.2e+09	-4e+06	-7.2572
4.3e+09	-4e+06	-6.6492
4.4e+09	-4e+06	-5.5266
4e+08	-3e+06	-19.349
5e+08	-3e+06	-19.029
6e+08	-3e+06	-18.725
7e+08	-3e+06	-18.613
8e+08	-3e+06	-18.683
9e+08	-3e+06	-18.799
1e+09	-3e+06	-18.17
1.1e+09	-3e+06	-17.26
1.2e+09	-3e+06	-16.97
1.3e+09	-3e+06	-17.192
1.4e+09	-3e+06	-16.689
1.5e+09	-3e+06	-16.317
1.6e+09	-3e+06	-15.775
1.7e+09	-3e+06	-16.041
1.8e+09	-3e+06	-16.198
1.9e+09	-3e+06	-15.903
2e+09	-3e+06	-15.049
2.1e+09	-3e+06	-14.665
2.2e+09	-3e+06	-14.587
2.3e+09	-3e+06	-14.284
2.4e+09	-3e+06	-13.658
2.5e+09	-3e+06	-13.324
2.6e+09	-3e+06	-13.262
2.7e+09	-3e+06	-13.426
2.8e+09	-3e+06	-13.221
2.9e+09	-3e+06	-13.245
3e+09	-3e+06	-12.931
3.1e+09	-3e+06	-12.333
3.2e+09	-3e+06	-11.917
3.3e+09	-3e+06	-11.411
3.4e+09	-3e+06	-10.817
3.5e+09	-3e+06	-10.566
3.6e+09	-3e+06	-10.037
3.7e+09	-3e+06	-9.9626
3.8e+09	-3e+06	-9.8278
3.9e+09	-3e+06	-9.76
4e+09	-3e+06	-8.9996
4.1e+09	-3e+06	-8.5909
4.2e+09	-3e+06	-7.2575
4.3e+09	-3e+06	-6.6517
4.4e+09	-3e+06	-5.5226
4e+08	-2e+06	-19.378
5e+08	-2e+06	-19.039
6e+08	-2e+06	-18.744
7e+08	-2e+06	-18.625
8e+08	-2e+06	-18.699
9e+08	-2e+06	-18.806
1e+09	-2e+06	-18.189
1.1e+09	-2e+06	-17.265
1.2e+09	-2e+06	-16.985
1.3e+09	-2e+06	-17.207
1.4e+09	-2e+06	-16.701
1.5e+09	-2e+06	-16.336
1.6e+09	-2e+06	-15.779
1.7e+09	-2e+06	-16.082
1.8e+09	-2e+06	-16.197
1.9e+09	-2e+06	-15.915
2e+09	-2e+06	-15.043
2.1e+09	-2e+06	-14.683
2.2e+09	-2e+06	-14.595
2.3e+09	-2e+06	-14.299
2.4e+09	-2e+06	-13.663
2.5e+09	-2e+06	-13.347
2.6e+09	-2e+06	-13.273
2.7e+09	-2e+06	-13.441
2.8e+09	-2e+06	-13.24
2.9e+09	-2e+06	-13.261
3e+09	-2e+06	-12.938
3.1e+09	-2e+06	-12.337
3.2e+09	-2e+06	-11.929
3.3e+09	-2e+06	-11.41
3.4e+09	-2e+06	-10.822
3.5e+09	-2e+06	-10.576
3.6e+09	-2e+06	-10.057
3.7e+09	-2e+06	-9.9851
3.8e+09	-2e+06	-9.8417
3.9e+09	-2e+06	-9.7729
4e+09	-2e+06	-9.0156
4.1e+09	-2e+06	-8.5942
4.2e+09	-2e+06	-7.2592
4.3e+09	-2e+06	-6.6566
4.4e+09	-2e+06	-5.5207
4e+08	-1e+06	-19.397
5e+08	-1e+06	-19.052
6e+08	-1e+06	-18.764
7e+08	-1e+06	-18.637
8e+08	-1e+06	-18.729
9e+08	-1e+06	-18.814
1e+09	-1e+06	-18.196
1.1e+09	-1e+06	-17.273
1.2e+09	-1e+06	-17.002
1.3e+09	-1e+06	-17.236
1.4e+09	-1e+06	-16.716
1.5e+09	-1e+06	-16.364
1.6e+09	-1e+06	-15.786
1.7e+09	-1e+06	-16.113
1.8e+09	-1e+06	-16.197
1.9e+09	-1e+06	-15.938
2e+09	-1e+06	-15.039
2.1e+09	-1e+06	-14.714
2.2e+09	-1e+06	-14.615
2.3e+09	-1e+06	-14.316
2.4e+09	-1e+06	-13.68
2.5e+09	-1e+06	-13.36
2.6e+09	-1e+06	-13.286
2.7e+09	-1e+06	-13.466
2.8e+09	-1e+06	-13.26
2.9e+09	-1e+06	-13.279
3e+09	-1e+06	-12.948
3.1e+09	-1e+06	-12.342
3.2e+09	-1e+06	-11.943
3.3e+09	-1e+06	-11.418
3.4e+09	-1e+06	-10.829
3.5e+09	-1e+06	-10.588
3.6e+09	-1e+06	-10.08
3.7e+09	-1e+06	-10.007
3.8e+09	-1e+06	-9.8575
3.9e+09	-1e+06	-9.7877
4e+09	-1e+06	-9.0342
4.1e+09	-1e+06	-8.5987
4.2e+09	-1e+06	-7.2631
4.3e+09	-1e+06	-6.6625
4.4e+09	-1e+06	-5.5295
4e+08	0	-19.771
5e+08	0	-19.167
6e+08	0	-18.589
7e+08	0	-18.498
8e+08	0	-18.996
9e+08	0	-19.016
1e+09	0	-18.464
1.1e+09	0	-17.26
1.2e+09	0	-17.289
1.3e+09	0	-17.091
1.4e+09	0	-16.525
1.5e+09	0	-16.45
1.6e+09	0	-15.71
1.7e+09	0	-16.055
1.8e+09	0	-16.295
1.9e+09	0	-16.028
2e+09	0	-15.382
2.1e+09	0	-14.58
2.2e+09	0	-14.812
2.3e+09	0	-14.535
2.4e+09	0	-13.519
2.5e+09	0	-13.262
2.6e+09	0	-13.651
2.7e+09	0	-13.668
2.8e+09	0	-13.708
2.9e+09	0	-13.766
3e+09	0	-13.117
3.1e+09	0	-12.182
3.2e+09	0	-11.689
3.3e+09	0	-11.427
3.4e+09	0	-10.82
3.5e+09	0	-10.842
3.6e+09	0	-9.9374
3.7e+09	0	-9.9148
3.8e+09	0	-10.481
3.9e+09	0	-10.432
4e+09	0	-8.8259
4.1e+09	0	-8.5874
4.2e+09	0	-7.9592
4.3e+09	0	-6.2848
4.4e+09	0	-6.5333
4e+08	1e+06	-19.395
5e+08	1e+06	-19.045
6e+08	1e+06	-18.772
7e+08	1e+06	-18.625
8e+08	1e+06	-18.727
9e+08	1e+06	-18.793
1e+09	1e+06	-18.178
1.1e+09	1e+06	-17.25
1.2e+09	1e+06	-17.01
1.3e+09	1e+06	-17.231
1.4e+09	1e+06	-16.718
1.5e+09	1e+06	-16.401
1.6e+09	1e+06	-15.77
1.7e+09	1e+06	-16.142
1.8e+09	1e+06	-16.168
1.9e+09	1e+06	-15.933
2e+09	1e+06	-15
2.1e+09	1e+06	-14.728
2.2e+09	1e+06	-14.604
2.3e+09	1e+06	-14.323
2.4e+09	1e+06	-13.667
2.5e+09	1e+06	-13.377
2.6e+09	1e+06	-13.284
2.7e+09	1e+06	-13.47
2.8e+09	1e+06	-13.273
2.9e+09	1e+06	-13.286
3e+09	1e+06	-12.937
3.1e+09	1e+06	-12.327
3.2e+09	1e+06	-11.946
3.3e+09	1e+06	-11.231
3.4e+09	1e+06	-10.819
3.5e+09	1e+06	-10.588
3.6e+09	1e+06	-10.103
3.7e+09	1e+06	-10.024
3.8e+09	1e+06	-9.8636
3.9e+09	1e+06	-9.7938
4e+09	1e+06	-9.0466
4.1e+09	1e+06	-8.5852
4.2e+09	1e+06	-7.25
4.3e+09	1e+06	-6.6539
4.4e+09	1e+06	-5.504
4e+08	2e+06	-19.382
5e+08	2e+06	-19.027
6e+08	2e+06	-18.76
7e+08	2e+06	-18.603
8e+08	2e+06	-18.71
9e+08	2e+06	-18.766
1e+09	2e+06	-18.155
1.1e+09	2e+06	-17.224
1.2e+09	2e+06	-16.999
1.3e+09	2e+06	-17.224
1.4e+09	2e+06	-16.702
1.5e+09	2e+06	-16.38
1.6e+09	2e+06	-15.745
1.7e+09	2e+06	-16.137
1.8e+09	2e+06	-16.135
1.9e+09	2e+06	-15.911
2e+09	2e+06	-14.965
2.1e+09	2e+06	-14.716
2.2e+09	2e+06	-14.58
2.3e+09	2e+06	-14.306
2.4e+09	2e+06	-13.639
2.5e+09	2e+06	-13.364
2.6e+09	2e+06	-13.26
2.7e+09	2e+06	-13.451
2.8e+09	2e+06	-13.259
2.9e+09	2e+06	-13.268
3e+09	2e+06	-12.911
3.1e+09	2e+06	-12.298
3.2e+09	2e+06	-11.935
3.3e+09	2e+06	-11.195
3.4e+09	2e+06	-10.792
3.5e+09	2e+06	-10.563
3.6e+09	2e+06	-10.091
3.7e+09	2e+06	-10.007
3.8e+09	2e+06	-9.8419
3.9e+09	2e+06	-9.7722
4e+09	2e+06	-9.0276
4.1e+09	2e+06	-8.5528
4.2e+09	2e+06	-7.2173
4.3e+09	2e+06	-6.6229
4.4e+09	2e+06	-5.4744
4e+08	3e+06	-19.37
5e+08	3e+06	-19.009
6e+08	3e+06	-18.749
7e+08	3e+06	-18.581
8e+08	3e+06	-18.696
9e+08	3e+06	-18.741
1e+09	3e+06	-18.134
1.1e+09	3e+06	-17.199
1.2e+09	3e+06	-16.99
1.3e+09	3e+06	-17.206
1.4e+09	3e+06	-16.699
1.5e+09	3e+06	-16.359
1.6e+09	3e+06	-15.733
1.7e+09	3e+06	-16.142
1.8e+09	3e+06	-16.104
1.9e+09	3e+06	-15.892
2e+09	3e+06	-14.942
2.1e+09	3e+06	-14.708
2.2e+09	3e+06	-14.578
2.3e+09	3e+06	-14.301
2.4e+09	3e+06	-13.614
2.5e+09	3e+06	-13.352
2.6e+09	3e+06	-13.241
2.7e+09	3e+06	-13.433
2.8e+09	3e+06	-13.248
2.9e+09	3e+06	-13.252
3e+09	3e+06	-12.878
3.1e+09	3e+06	-12.283
3.2e+09	3e+06	-11.918
3.3e+09	3e+06	-11.161
3.4e+09	3e+06	-10.768
3.5e+09	3e+06	-10.541
3.6e+09	3e+06	-10.082
3.7e+09	3e+06	-9.99
3.8e+09	3e+06	-9.8337
3.9e+09	3e+06	-9.7536
4e+09	3e+06	-9.0116
4.1e+09	3e+06	-8.5236
4.2e+09	3e+06	-7.1895
4.3e+09	3e+06	-6.596
4.4e+09	3e+06	-5.4383
4e+08	4e+06	-19.372
5e+08	4e+06	-18.992
6e+08	4e+06	-18.755
7e+08	4e+06	-18.583
8e+08	4e+06	-18.682
9e+08	4e+06	-18.717
1e+09	4e+06	-18.114
1.1e+09	4e+06	-17.187
1.2e+09	4e+06	-16.986
1.3e+09	4e+06	-17.189
1.4e+09	4e+06	-16.688
1.5e+09	4e+06	-16.337
1.6e+09	4e+06	-15.714
1.7e+09	4e+06	-16.138
1.8e+09	4e+06	-16.077
1.9e+09	4e+06	-15.882
2e+09	4e+06	-14.912
2.1e+09	4e+06	-14.713
2.2e+09	4e+06	-14.558
2.3e+09	4e+06	-14.278
2.4e+09	4e+06	-13.59
2.5e+09	4e+06	-13.341
2.6e+09	4e+06	-13.232
2.7e+09	4e+06	-13.418
2.8e+09	4e+06	-13.266
2.9e+09	4e+06	-13.229
3e+09	4e+06	-12.857
3.1e+09	4e+06	-12.26
3.2e+09	4e+06	-11.912
3.3e+09	4e+06	-11.13
3.4e+09	4e+06	-10.747
3.5e+09	4e+06	-10.523
3.6e+09	4e+06	-10.086
3.7e+09	4e+06	-9.975
3.8e+09	4e+06	-9.8174
3.9e+09	4e+06	-9.7374
4e+09	4e+06	-8.9975
4.1e+09	4e+06	-8.5067
4.2e+09	4e+06	-7.1651
4.3e+09	4e+06	-6.5718
4.4e+09	4e+06	-5.3949
4e+08	5e+06	-19.367
5e+08	5e+06	-18.98
6e+08	5e+06	-18.748
7e+08	5e+06	-18.565
8e+08	5e+06	-18.684
9e+08	5e+06	-18.696
1e+09	5e+06	-18.098
1.1e+09	5e+06	-17.168
1.2e+09	5e+06	-16.985
1.3e+09	5e+06	-17.175
1.4e+09	5e+06	-16.682
1.5e+09	5e+06	-16.318
1.6e+09	5e+06	-15.699
1.7e+09	5e+06	-16.134
1.8e+09	5e+06	-16.052
1.9e+09	5e+06	-15.867
2e+09	5e+06	-14.887
2.1e+09	5e+06	-14.711
2.2e+09	5e+06	-14.551
2.3e+09	5e+06	-14.268
2.4e+09	5e+06	-13.569
2.5e+09	5e+06	-13.334
2.6e+09	5e+06	-13.218
2.7e+09	5e+06	-13.416
2.8e+09	5e+06	-13.26
2.9e+09	5e+06	-13.218
3e+09	5e+06	-12.84
3.1e+09	5e+06	-12.251
3.2e+09	5e+06	-11.9
3.3e+09	5e+06	-11.103
3.4e+09	5e+06	-10.73
3.5e+09	5e+06	-10.507
3.6e+09	5e+06	-10.084
3.7e+09	5e+06	-9.9626
3.8e+09	5e+06	-9.8053
3.9e+09	5e+06	-9.7254
4e+09	5e+06	-8.9872
4.1e+09	5e+06	-8.4831
4.2e+09	5e+06	-7.1439
4.3e+09	5e+06	-6.5511
4.4e+09	5e+06	-5.3753
4e+08	6e+06	-19.362
5e+08	6e+06	-18.972
6e+08	6e+06	-18.744
7e+08	6e+06	-18.551
8e+08	6e+06	-18.676
9e+08	6e+06	-18.679
1e+09	6e+06	-18.088
1.1e+09	6e+06	-17.151
1.2e+09	6e+06	-16.989
1.3e+09	6e+06	-17.175
1.4e+09	6e+06	-16.68
1.5e+09	6e+06	-16.3
1.6e+09	6e+06	-15.687
1.7e+09	6e+06	-16.135
1.8e+09	6e+06	-16.033
1.9e+09	6e+06	-15.855
2e+09	6e+06	-14.867
2.1e+09	6e+06	-14.714
2.2e+09	6e+06	-14.539
2.3e+09	6e+06	-14.262
2.4e+09	6e+06	-13.555
2.5e+09	6e+06	-13.328
2.6e+09	6e+06	-13.208
2.7e+09	6e+06	-13.409
2.8e+09	6e+06	-13.259
2.9e+09	6e+06	-13.212
3e+09	6e+06	-12.826
3.1e+09	6e+06	-12.237
3.2e+09	6e+06	-11.884
3.3e+09	6e+06	-11.079
3.4e+09	6e+06	-10.717
3.5e+09	6e+06	-10.496
3.6e+09	6e+06	-10.086
3.7e+09	6e+06	-9.9515
3.8e+09	6e+06	-9.8071
3.9e+09	6e+06	-9.7165
4e+09	6e+06	-8.9814
4.1e+09	6e+06	-8.4638
4.2e+09	6e+06	-7.1274
4.3e+09	6e+06	-6.5448
4.4e+09	6e+06	-5.3481
4e+08	7e+06	-19.36
5e+08	7e+06	-18.979
6e+08	7e+06	-18.739
7e+08	7e+06	-18.538
8e+08	7e+06	-18.671
9e+08	7e+06	-18.663
1e+09	7e+06	-18.079
1.1e+09	7e+06	-17.136
1.2e+09	7e+06	-16.995
1.3e+09	7e+06	-17.175
1.4e+09	7e+06	-16.69
1.5e+09	7e+06	-16.282
1.6e+09	7e+06	-15.678
1.7e+09	7e+06	-16.144
1.8e+09	7e+06	-16.016
1.9e+09	7e+06	-15.842
2e+09	7e+06	-14.851
2.1e+09	7e+06	-14.718
2.2e+09	7e+06	-14.538
2.3e+09	7e+06	-14.257
2.4e+09	7e+06	-13.54
2.5e+09	7e+06	-13.325
2.6e+09	7e+06	-13.199
2.7e+09	7e+06	-13.394
2.8e+09	7e+06	-13.258
2.9e+09	7e+06	-13.197
3e+09	7e+06	-12.814
3.1e+09	7e+06	-12.225
3.2e+09	7e+06	-11.886
3.3e+09	7e+06	-11.056
3.4e+09	7e+06	-10.707
3.5e+09	7e+06	-10.486
3.6e+09	7e+06	-10.099
3.7e+09	7e+06	-9.9409
3.8e+09	7e+06	-9.8006
3.9e+09	7e+06	-9.6992
4e+09	7e+06	-8.9758
4.1e+09	7e+06	-8.445
4.2e+09	7e+06	-7.1023
4.3e+09	7e+06	-6.5291
4.4e+09	7e+06	-5.3241
4e+08	8e+06	-19.355
5e+08	8e+06	-18.968
6e+08	8e+06	-18.73
7e+08	8e+06	-18.521
8e+08	8e+06	-18.674
9e+08	8e+06	-18.643
1e+09	8e+06	-18.065
1.1e+09	8e+06	-17.117
1.2e+09	8e+06	-16.999
1.3e+09	8e+06	-17.16
1.4e+09	8e+06	-16.685
1.5e+09	8e+06	-16.258
1.6e+09	8e+06	-15.676
1.7e+09	8e+06	-16.138
1.8e+09	8e+06	-15.996
1.9e+09	8e+06	-15.825
2e+09	8e+06	-14.83
2.1e+09	8e+06	-14.719
2.2e+09	8e+06	-14.523
2.3e+09	8e+06	-14.247
2.4e+09	8e+06	-13.522
2.5e+09	8e+06	-13.315
2.6e+09	8e+06	-13.195
2.7e+09	8e+06	-13.383
2.8e+09	8e+06	-13.254
2.9e+09	8e+06	-13.187
3e+09	8e+06	-12.799
3.1e+09	8e+06	-12.209
3.2e+09	8e+06	-11.875
3.3e+09	8e+06	-11.029
3.4e+09	8e+06	-10.694
3.5e+09	8e+06	-10.472
3.6e+09	8e+06	-10.097
3.7e+09	8e+06	-9.9254
3.8e+09	8e+06	-9.7896
3.9e+09	8e+06	-9.688
4e+09	8e+06	-8.9657
4.1e+09	8e+06	-8.4233
4.2e+09	8e+06	-7.0845
4.3e+09	8e+06	-6.5099
4.4e+09	8e+06	-5.2957
4e+08	9e+06	-19.334
5e+08	9e+06	-18.944
6e+08	9e+06	-18.708
7e+08	9e+06	-18.491
8e+08	9e+06	-18.651
9e+08	9e+06	-18.61
1e+09	9e+06	-18.04
1.1e+09	9e+06	-17.085
1.2e+09	9e+06	-16.99
1.3e+09	9e+06	-17.131
1.4e+09	9e+06	-16.669
1.5e+09	9e+06	-16.219
1.6e+09	9e+06	-15.653
1.7e+09	9e+06	-16.118
1.8e+09	9e+06	-15.964
1.9e+09	9e+06	-15.796
2e+09	9e+06	-14.809
2.1e+09	9e+06	-14.706
2.2e+09	9e+06	-14.494
2.3e+09	9e+06	-14.233
2.4e+09	9e+06	-13.491
2.5e+09	9e+06	-13.283
2.6e+09	9e+06	-13.17
2.7e+09	9e+06	-13.359
2.8e+09	9e+06	-13.237
2.9e+09	9e+06	-13.164
3e+09	9e+06	-12.761
3.1e+09	9e+06	-12.19
3.2e+09	9e+06	-11.851
3.3e+09	9e+06	-10.988
3.4e+09	9e+06	-10.668
3.5e+09	9e+06	-10.445
3.6e+09	9e+06	-10.081
3.7e+09	9e+06	-9.8846
3.8e+09	9e+06	-9.7761
3.9e+09	9e+06	-9.6644
4e+09	9e+06	-8.954
4.1e+09	9e+06	-8.388
4.2e+09	9e+06	-7.054
4.3e+09	9e+06	-6.4776
4.4e+09	9e+06	-5.2556
4e+08	1e+07	-19.293
5e+08	1e+07	-18.896
6e+08	1e+07	-18.667
7e+08	1e+07	-18.444
8e+08	1e+07	-18.603
9e+08	1e+07	-18.554
1e+09	1e+07	-18.004
1.1e+09	1e+07	-17.028
1.2e+09	1e+07	-16.971
1.3e+09	1e+07	-17.077
1.4e+09	1e+07	-16.63
1.5e+09	1e+07	-16.155
1.6e+09	1e+07	-15.606
1.7e+09	1e+07	-16.073
1.8e+09	1e+07	-15.909
1.9e+09	1e+07	-15.742
2e+09	1e+07	-14.755
2.1e+09	1e+07	-14.671
2.2e+09	1e+07	-14.443
2.3e+09	1e+07	-14.188
2.4e+09	1e+07	-13.436
2.5e+09	1e+07	-13.235
2.6e+09	1e+07	-13.131
2.7e+09	1e+07	-13.312
2.8e+09	1e+07	-13.197
2.9e+09	1e+07	-13.097
3e+09	1e+07	-12.71
3.1e+09	1e+07	-12.138
3.2e+09	1e+07	-11.813
3.3e+09	1e+07	-10.926
3.4e+09	1e+07	-10.62
3.5e+09	1e+07	-10.394
3.6e+09	1e+07	-10.054
3.7e+09	1e+07	-9.8301
3.8e+09	1e+07	-9.7289
3.9e+09	1e+07	-9.6069
4e+09	1e+07	-8.9075
4.1e+09	1e+07	-8.3385
4.2e+09	1e+07	-7.0006
4.3e+09	1e+07	-6.4215
4.4e+09	1e+07	-5.1929
4e+08	1.1e+07	-19.227
5e+08	1.1e+07	-18.816
6e+08	1.1e+07	-18.597
7e+08	1.1e+07	-18.369
8e+08	1.1e+07	-18.535
9e+08	1.1e+07	-18.463
1e+09	1.1e+07	-17.921
1.1e+09	1.1e+07	-16.953
1.2e+09	1.1e+07	-16.894
1.3e+09	1.1e+07	-16.99
1.4e+09	1.1e+07	-16.555
1.5e+09	1.1e+07	-16.055
1.6e+09	1.1e+07	-15.526
1.7e+09	1.1e+07	-16.001
1.8e+09	1.1e+07	-15.822
1.9e+09	1.1e+07	-15.663
2e+09	1.1e+07	-14.669
2.1e+09	1.1e+07	-14.61
2.2e+09	1.1e+07	-14.358
2.3e+09	1.1e+07	-14.105
2.4e+09	1.1e+07	-13.339
2.5e+09	1.1e+07	-13.154
2.6e+09	1.1e+07	-13.047
2.7e+09	1.1e+07	-13.231
2.8e+09	1.1e+07	-13.141
2.9e+09	1.1e+07	-13.017
3e+09	1.1e+07	-12.625
3.1e+09	1.1e+07	-12.055
3.2e+09	1.1e+07	-11.732
3.3e+09	1.1e+07	-10.828
3.4e+09	1.1e+07	-10.537
3.5e+09	1.1e+07	-10.31
3.6e+09	1.1e+07	-9.9812
3.7e+09	1.1e+07	-9.7415
3.8e+09	1.1e+07	-9.6481
3.9e+09	1.1e+07	-9.5251
4e+09	1.1e+07	-8.829
4.1e+09	1.1e+07	-8.2465
4.2e+09	1.1e+07	-6.9148
4.3e+09	1.1e+07	-6.3335
4.4e+09	1.1e+07	-5.1071
4e+08	1.2e+07	-19.106
5e+08	1.2e+07	-18.69
6e+08	1.2e+07	-18.47
7e+08	1.2e+07	-18.236
8e+08	1.2e+07	-18.409
9e+08	1.2e+07	-18.328
1e+09	1.2e+07	-17.793
1.1e+09	1.2e+07	-16.821
1.2e+09	1.2e+07	-16.787
1.3e+09	1.2e+07	-16.857
1.4e+09	1.2e+07	-16.437
1.5e+09	1.2e+07	-15.91
1.6e+09	1.2e+07	-15.403
1.7e+09	1.2e+07	-15.874
1.8e+09	1.2e+07	-15.69
1.9e+09	1.2e+07	-15.53
2e+09	1.2e+07	-14.54
2.1e+09	1.2e+07	-14.497
2.2e+09	1.2e+07	-14.239
2.3e+09	1.2e+07	-13.969
2.4e+09	1.2e+07	-13.216
2.5e+09	1.2e+07	-13.028
2.6e+09	1.2e+07	-12.921
2.7e+09	1.2e+07	-13.107
2.8e+09	1.2e+07	-13.022
2.9e+09	1.2e+07	-12.891
3e+09	1.2e+07	-12.496
3.1e+09	1.2e+07	-11.928
3.2e+09	1.2e+07	-11.615
3.3e+09	1.2e+07	-10.688
3.4e+09	1.2e+07	-10.412
3.5e+09	1.2e+07	-10.183
3.6e+09	1.2e+07	-9.8655
3.7e+09	1.2e+07	-9.6083
3.8e+09	1.2e+07	-9.5245
3.9e+09	1.2e+07	-9.4004
4e+09	1.2e+07	-8.706
4.1e+09	1.2e+07	-8.1106
4.2e+09	1.2e+07	-6.7869
4.3e+09	1.2e+07	-6.2018
4.4e+09	1.2e+07	-4.9602
4e+08	1.3e+07	-18.935
5e+08	1.3e+07	-18.517
6e+08	1.3e+07	-18.295
7e+08	1.3e+07	-18.055
8e+08	1.3e+07	-18.233
9e+08	1.3e+07	-18.145
1e+09	1.3e+07	-17.619
1.1e+09	1.3e+07	-16.64
1.2e+09	1.3e+07	-16.63
1.3e+09	1.3e+07	-16.676
1.4e+09	1.3e+07	-16.27
1.5e+09	1.3e+07	-15.715
1.6e+09	1.3e+07	-15.243
1.7e+09	1.3e+07	-15.697
1.8e+09	1.3e+07	-15.513
1.9e+09	1.3e+07	-15.348
2e+09	1.3e+07	-14.365
2.1e+09	1.3e+07	-14.324
2.2e+09	1.3e+07	-14.072
2.3e+09	1.3e+07	-13.794
2.4e+09	1.3e+07	-13.036
2.5e+09	1.3e+07	-12.853
2.6e+09	1.3e+07	-12.747
2.7e+09	1.3e+07	-12.934
2.8e+09	1.3e+07	-12.856
2.9e+09	1.3e+07	-12.717
3e+09	1.3e+07	-12.329
3.1e+09	1.3e+07	-11.762
3.2e+09	1.3e+07	-11.441
3.3e+09	1.3e+07	-10.499
3.4e+09	1.3e+07	-10.24
3.5e+09	1.3e+07	-9.986
3.6e+09	1.3e+07	-9.6996
3.7e+09	1.3e+07	-9.4257
3.8e+09	1.3e+07	-9.3532
3.9e+09	1.3e+07	-9.2279
4e+09	1.3e+07	-8.5359
4.1e+09	1.3e+07	-7.9181
4.2e+09	1.3e+07	-6.6132
4.3e+09	1.3e+07	-6.0239
4.4e+09	1.3e+07	-4.7768
4e+08	1.4e+07	-18.715
5e+08	1.4e+07	-18.294
6e+08	1.4e+07	-18.068
7e+08	1.4e+07	-17.825
8e+08	1.4e+07	-18.022
9e+08	1.4e+07	-17.913
1e+09	1.4e+07	-17.394
1.1e+09	1.4e+07	-16.409
1.2e+09	1.4e+07	-16.425
1.3e+09	1.4e+07	-16.457
1.4e+09	1.4e+07	-16.055
1.5e+09	1.4e+07	-15.47
1.6e+09	1.4e+07	-15.024
1.7e+09	1.4e+07	-15.469
1.8e+09	1.4e+07	-15.287
1.9e+09	1.4e+07	-15.116
2e+09	1.4e+07	-14.153
2.1e+09	1.4e+07	-14.112
2.2e+09	1.4e+07	-13.847
2.3e+09	1.4e+07	-13.579
2.4e+09	1.4e+07	-12.808
2.5e+09	1.4e+07	-12.629
2.6e+09	1.4e+07	-12.525
2.7e+09	1.4e+07	-12.712
2.8e+09	1.4e+07	-12.641
2.9e+09	1.4e+07	-12.495
3e+09	1.4e+07	-12.095
3.1e+09	1.4e+07	-11.549
3.2e+09	1.4e+07	-11.218
3.3e+09	1.4e+07	-10.262
3.4e+09	1.4e+07	-10.021
3.5e+09	1.4e+07	-9.7632
3.6e+09	1.4e+07	-9.486
3.7e+09	1.4e+07	-9.1942
3.8e+09	1.4e+07	-9.1443
3.9e+09	1.4e+07	-9.0069
4e+09	1.4e+07	-8.3178
4.1e+09	1.4e+07	-7.6869
4.2e+09	1.4e+07	-6.3916
4.3e+09	1.4e+07	-5.7968
4.4e+09	1.4e+07	-4.5565
4e+08	1.5e+07	-18.447
5e+08	1.5e+07	-18.024
6e+08	1.5e+07	-17.794
7e+08	1.5e+07	-17.548
8e+08	1.5e+07	-17.749
9e+08	1.5e+07	-17.635
1e+09	1.5e+07	-17.123
1.1e+09	1.5e+07	-16.133
1.2e+09	1.5e+07	-16.174
1.3e+09	1.5e+07	-16.18
1.4e+09	1.5e+07	-15.791
1.5e+09	1.5e+07	-15.177
1.6e+09	1.5e+07	-14.759
1.7e+09	1.5e+07	-15.204
1.8e+09	1.5e+07	-15.015
1.9e+09	1.5e+07	-14.838
2e+09	1.5e+07	-13.885
2.1e+09	1.5e+07	-13.854
2.2e+09	1.5e+07	-13.575
2.3e+09	1.5e+07	-13.309
2.4e+09	1.5e+07	-12.532
2.5e+09	1.5e+07	-12.359
2.6e+09	1.5e+07	-12.257
2.7e+09	1.5e+07	-12.453
2.8e+09	1.5e+07	-12.38
2.9e+09	1.5e+07	-12.226
3e+09	1.5e+07	-11.826
3.1e+09	1.5e+07	-11.282
3.2e+09	1.5e+07	-10.958
3.3e+09	1.5e+07	-9.9801
3.4e+09	1.5e+07	-9.7567
3.5e+09	1.5e+07	-9.4939
3.6e+09	1.5e+07	-9.2271
3.7e+09	1.5e+07	-8.9181
3.8e+09	1.5e+07	-8.8792
3.9e+09	1.5e+07	-8.7396
4e+09	1.5e+07	-8.0522
4.1e+09	1.5e+07	-7.4104
4.2e+09	1.5e+07	-6.1264
4.3e+09	1.5e+07	-5.5255
4.4e+09	1.5e+07	-4.2833
4e+08	1.6e+07	-18.133
5e+08	1.6e+07	-17.709
6e+08	1.6e+07	-17.476
7e+08	1.6e+07	-17.23
8e+08	1.6e+07	-17.429
9e+08	1.6e+07	-17.31
1e+09	1.6e+07	-16.815
1.1e+09	1.6e+07	-15.81
1.2e+09	1.6e+07	-15.888
1.3e+09	1.6e+07	-15.853
1.4e+09	1.6e+07	-15.492
1.5e+09	1.6e+07	-14.836
1.6e+09	1.6e+07	-14.449
1.7e+09	1.6e+07	-14.879
1.8e+09	1.6e+07	-14.697
1.9e+09	1.6e+07	-14.511
2e+09	1.6e+07	-13.571
2.1e+09	1.6e+07	-13.546
2.2e+09	1.6e+07	-13.266
2.3e+09	1.6e+07	-12.988
2.4e+09	1.6e+07	-12.21
2.5e+09	1.6e+07	-12.038
2.6e+09	1.6e+07	-11.95
2.7e+09	1.6e+07	-12.138
2.8e+09	1.6e+07	-12.07
2.9e+09	1.6e+07	-11.908
3e+09	1.6e+07	-11.506
3.1e+09	1.6e+07	-10.966
3.2e+09	1.6e+07	-10.633
3.3e+09	1.6e+07	-9.6501
3.4e+09	1.6e+07	-9.4428
3.5e+09	1.6e+07	-9.1784
3.6e+09	1.6e+07	-8.9175
3.7e+09	1.6e+07	-8.5901
3.8e+09	1.6e+07	-8.5662
3.9e+09	1.6e+07	-8.4257
4e+09	1.6e+07	-7.7412
4.1e+09	1.6e+07	-7.0977
4.2e+09	1.6e+07	-5.8138
4.3e+09	1.6e+07	-5.2174
4.4e+09	1.6e+07	-3.9629
4e+08	1.7e+07	-17.75
5e+08	1.7e+07	-17.325
6e+08	1.7e+07	-17.087
7e+08	1.7e+07	-16.839
8e+08	1.7e+07	-17.042
9e+08	1.7e+07	-16.919
1e+09	1.7e+07	-16.43
1.1e+09	1.7e+07	-15.432
1.2e+09	1.7e+07	-15.523
1.3e+09	1.7e+07	-15.46
1.4e+09	1.7e+07	-15.103
1.5e+09	1.7e+07	-14.439
1.6e+09	1.7e+07	-14.071
1.7e+09	1.7e+07	-14.487
1.8e+09	1.7e+07	-14.315
1.9e+09	1.7e+07	-14.127
2e+09	1.7e+07	-13.193
2.1e+09	1.7e+07	-13.173
2.2e+09	1.7e+07	-12.881
2.3e+09	1.7e+07	-12.602
2.4e+09	1.7e+07	-11.823
2.5e+09	1.7e+07	-11.654
2.6e+09	1.7e+07	-11.569
2.7e+09	1.7e+07	-11.755
2.8e+09	1.7e+07	-11.694
2.9e+09	1.7e+07	-11.517
3e+09	1.7e+07	-11.124
3.1e+09	1.7e+07	-10.586
3.2e+09	1.7e+07	-10.25
3.3e+09	1.7e+07	-9.2458
3.4e+09	1.7e+07	-9.0663
3.5e+09	1.7e+07	-8.7978
3.6e+09	1.7e+07	-8.5439
3.7e+09	1.7e+07	-8.1891
3.8e+09	1.7e+07	-8.1898
3.9e+09	1.7e+07	-8.0464
4e+09	1.7e+07	-7.3651
4.1e+09	1.7e+07	-6.7093
4.2e+09	1.7e+07	-5.4389
4.3e+09	1.7e+07	-4.8461
4.4e+09	1.7e+07	-3.5925
4e+08	1.8e+07	-17.249
5e+08	1.8e+07	-16.822
6e+08	1.8e+07	-16.578
7e+08	1.8e+07	-16.342
8e+08	1.8e+07	-16.536
9e+08	1.8e+07	-16.41
1e+09	1.8e+07	-15.925
1.1e+09	1.8e+07	-14.925
1.2e+09	1.8e+07	-15.041
1.3e+09	1.8e+07	-14.961
1.4e+09	1.8e+07	-14.607
1.5e+09	1.8e+07	-13.913
1.6e+09	1.8e+07	-13.577
1.7e+09	1.8e+07	-13.976
1.8e+09	1.8e+07	-13.814
1.9e+09	1.8e+07	-13.626
2e+09	1.8e+07	-12.698
2.1e+09	1.8e+07	-12.691
2.2e+09	1.8e+07	-12.379
2.3e+09	1.8e+07	-12.099
2.4e+09	1.8e+07	-11.31
2.5e+09	1.8e+07	-11.151
2.6e+09	1.8e+07	-11.072
2.7e+09	1.8e+07	-11.255
2.8e+09	1.8e+07	-11.219
2.9e+09	1.8e+07	-11.019
3e+09	1.8e+07	-10.625
3.1e+09	1.8e+07	-10.091
3.2e+09	1.8e+07	-9.7585
3.3e+09	1.8e+07	-8.7363
3.4e+09	1.8e+07	-8.5742
3.5e+09	1.8e+07	-8.3011
3.6e+09	1.8e+07	-8.0529
3.7e+09	1.8e+07	-7.6812
3.8e+09	1.8e+07	-7.6967
3.9e+09	1.8e+07	-7.552
4e+09	1.8e+07	-6.8727
4.1e+09	1.8e+07	-6.2078
4.2e+09	1.8e+07	-4.9511
4.3e+09	1.8e+07	-4.3512
4.4e+09	1.8e+07	-3.1006
4e+08	1.9e+07	-16.523
5e+08	1.9e+07	-16.094
6e+08	1.9e+07	-15.842
7e+08	1.9e+07	-15.608
8e+08	1.9e+07	-15.806
9e+08	1.9e+07	-15.689
1e+09	1.9e+07	-15.197
1.1e+09	1.9e+07	-14.196
1.2e+09	1.9e+07	-14.333
1.3e+09	1.9e+07	-14.237
1.4e+09	1.9e+07	-13.886
1.5e+09	1.9e+07	-13.162
1.6e+09	1.9e+07	-12.86
1.7e+09	1.9e+07	-13.25
1.8e+09	1.9e+07	-13.103
1.9e+09	1.9e+07	-12.891
2e+09	1.9e+07	-11.981
2.1e+09	1.9e+07	-11.975
2.2e+09	1.9e+07	-11.654
2.3e+09	1.9e+07	-11.372
2.4e+09	1.9e+07	-10.583
2.5e+09	1.9e+07	-10.425
2.6e+09	1.9e+07	-10.352
2.7e+09	1.9e+07	-10.525
2.8e+09	1.9e+07	-10.504
2.9e+09	1.9e+07	-10.288
3e+09	1.9e+07	-9.9048
3.1e+09	1.9e+07	-9.3744
3.2e+09	1.9e+07	-9.0371
3.3e+09	1.9e+07	-8.0071
3.4e+09	1.9e+07	-7.8624
3.5e+09	1.9e+07	-7.5854
3.6e+09	1.9e+07	-7.3524
3.7e+09	1.9e+07	-6.9548
3.8e+09	1.9e+07	-6.9862
3.9e+09	1.9e+07	-6.8276
4e+09	1.9e+07	-6.1631
4.1e+09	1.9e+07	-5.4883
4.2e+09	1.9e+07	-4.2387
4.3e+09	1.9e+07	-3.6425
4.4e+09	1.9e+07	-2.3975
4e+08	2e+07	-15.416
5e+08	2e+07	-14.987
6e+08	2e+07	-14.726
7e+08	2e+07	-14.493
8e+08	2e+07	-14.703
9e+08	2e+07	-14.573
1e+09	2e+07	-14.086
1.1e+09	2e+07	-13.085
1.2e+09	2e+07	-13.245
1.3e+09	2e+07	-13.121
1.4e+09	2e+07	-12.785
1.5e+09	2e+07	-12.033
1.6e+09	2e+07	-11.762
1.7e+09	2e+07	-12.133
1.8e+09	2e+07	-12.005
1.9e+09	2e+07	-11.775
2e+09	2e+07	-10.901
2.1e+09	2e+07	-10.881
2.2e+09	2e+07	-10.557
2.3e+09	2e+07	-10.265
2.4e+09	2e+07	-9.4922
2.5e+09	2e+07	-9.3268
2.6e+09	2e+07	-9.2572
2.7e+09	2e+07	-9.4278
2.8e+09	2e+07	-9.4143
2.9e+09	2e+07	-9.1944
3e+09	2e+07	-8.7988
3.1e+09	2e+07	-8.2966
3.2e+09	2e+07	-7.9506
3.3e+09	2e+07	-6.9047
3.4e+09	2e+07	-6.7778
3.5e+09	2e+07	-6.4988
3.6e+09	2e+07	-6.2719
3.7e+09	2e+07	-5.8586
3.8e+09	2e+07	-5.9151
3.9e+09	2e+07	-5.7446
4e+09	2e+07	-5.0861
4.1e+09	2e+07	-4.403
4.2e+09	2e+07	-3.1732
4.3e+09	2e+07	-2.5761
4.4e+09	2e+07	-1.3439
4e+08	2.1e+07	-13.785
5e+08	2.1e+07	-13.357
6e+08	2.1e+07	-13.086
7e+08	2.1e+07	-12.858
8e+08	2.1e+07	-13.072
9e+08	2.1e+07	-12.941
1e+09	2.1e+07	-12.456
1.1e+09	2.1e+07	-11.459
1.2e+09	2.1e+07	-11.639
1.3e+09	2.1e+07	-11.489
1.4e+09	2.1e+07	-11.176
1.5e+09	2.1e+07	-10.387
1.6e+09	2.1e+07	-10.155
1.7e+09	2.1e+07	-10.503
1.8e+09	2.1e+07	-10.388
1.9e+09	2.1e+07	-10.148
2e+09	2.1e+07	-9.2961
2.1e+09	2.1e+07	-9.2752
2.2e+09	2.1e+07	-8.9608
2.3e+09	2.1e+07	-8.6506
2.4e+09	2.1e+07	-7.8797
2.5e+09	2.1e+07	-7.712
2.6e+09	2.1e+07	-7.654
2.7e+09	2.1e+07	-7.821
2.8e+09	2.1e+07	-7.8112
2.9e+09	2.1e+07	-7.5843
3e+09	2.1e+07	-7.199
3.1e+09	2.1e+07	-6.7056
3.2e+09	2.1e+07	-6.3492
3.3e+09	2.1e+07	-5.3038
3.4e+09	2.1e+07	-5.1952
3.5e+09	2.1e+07	-4.9123
3.6e+09	2.1e+07	-4.6872
3.7e+09	2.1e+07	-4.2635
3.8e+09	2.1e+07	-4.3364
3.9e+09	2.1e+07	-4.1639
4e+09	2.1e+07	-3.5116
4.1e+09	2.1e+07	-2.8278
4.2e+09	2.1e+07	-1.6203
4.3e+09	2.1e+07	-1.0214
4.4e+09	2.1e+07	0.19486
4e+08	2.2e+07	-11.617
5e+08	2.2e+07	-11.193
6e+08	2.2e+07	-10.919
7e+08	2.2e+07	-10.696
8e+08	2.2e+07	-10.903
9e+08	2.2e+07	-10.774
1e+09	2.2e+07	-10.306
1.1e+09	2.2e+07	-9.3005
1.2e+09	2.2e+07	-9.5126
1.3e+09	2.2e+07	-9.3344
1.4e+09	2.2e+07	-9.0236
1.5e+09	2.2e+07	-8.2147
1.6e+09	2.2e+07	-8.0181
1.7e+09	2.2e+07	-8.3401
1.8e+09	2.2e+07	-8.2457
1.9e+09	2.2e+07	-7.9898
2e+09	2.2e+07	-7.166
2.1e+09	2.2e+07	-7.1415
2.2e+09	2.2e+07	-6.8229
2.3e+09	2.2e+07	-6.5087
2.4e+09	2.2e+07	-5.745
2.5e+09	2.2e+07	-5.5785
2.6e+09	2.2e+07	-5.5468
2.7e+09	2.2e+07	-5.6912
2.8e+09	2.2e+07	-5.6855
2.9e+09	2.2e+07	-5.456
3e+09	2.2e+07	-5.076
3.1e+09	2.2e+07	-4.5921
3.2e+09	2.2e+07	-4.2329
3.3e+09	2.2e+07	-3.1907
3.4e+09	2.2e+07	-3.1032
3.5e+09	2.2e+07	-2.8175
3.6e+09	2.2e+07	-2.6056
3.7e+09	2.2e+07	-2.1612
3.8e+09	2.2e+07	-2.2528
3.9e+09	2.2e+07	-2.0808
4e+09	2.2e+07	-1.4481
4.1e+09	2.2e+07	-0.76796
4.2e+09	2.2e+07	0.41725
4.3e+09	2.2e+07	1.0125
4.4e+09	2.2e+07	2.2001
4e+08	2.3e+07	-9.0424
5e+08	2.3e+07	-8.6228
6e+08	2.3e+07	-8.3374
7e+08	2.3e+07	-8.1248
8e+08	2.3e+07	-8.3412
9e+08	2.3e+07	-8.202
1e+09	2.3e+07	-7.7374
1.1e+09	2.3e+07	-6.7453
1.2e+09	2.3e+07	-6.9727
1.3e+09	2.3e+07	-6.7719
1.4e+09	2.3e+07	-6.4715
1.5e+09	2.3e+07	-5.6452
1.6e+09	2.3e+07	-5.4954
1.7e+09	2.3e+07	-5.7936
1.8e+09	2.3e+07	-5.7068
1.9e+09	2.3e+07	-5.4376
2e+09	2.3e+07	-4.6427
2.1e+09	2.3e+07	-4.6131
2.2e+09	2.3e+07	-4.2934
2.3e+09	2.3e+07	-3.9761
2.4e+09	2.3e+07	-3.2254
2.5e+09	2.3e+07	-3.0593
2.6e+09	2.3e+07	-3.0357
2.7e+09	2.3e+07	-3.1744
2.8e+09	2.3e+07	-3.1723
2.9e+09	2.3e+07	-2.9419
3e+09	2.3e+07	-2.5709
3.1e+09	2.3e+07	-2.0991
3.2e+09	2.3e+07	-1.7488
3.3e+09	2.3e+07	-0.70273
3.4e+09	2.3e+07	-0.63685
3.5e+09	2.3e+07	-0.35297
3.6e+09	2.3e+07	-0.14498
3.7e+09	2.3e+07	0.30451
3.8e+09	2.3e+07	0.19318
3.9e+09	2.3e+07	0.36347
4e+09	2.3e+07	0.98004
4.1e+09	2.3e+07	1.6484
4.2e+09	2.3e+07	2.7942
4.3e+09	2.3e+07	3.3773
4.4e+09	2.3e+07	4.5235
4e+08	2.4e+07	-6.2349
5e+08	2.4e+07	-5.8195
6e+08	2.4e+07	-5.5311
7e+08	2.4e+07	-5.3198
8e+08	2.4e+07	-5.5416
9e+08	2.4e+07	-5.3986
1e+09	2.4e+07	-4.9461
1.1e+09	2.4e+07	-3.9623
1.2e+09	2.4e+07	-4.2049
1.3e+09	2.4e+07	-3.9854
1.4e+09	2.4e+07	-3.6922
1.5e+09	2.4e+07	-2.8602
1.6e+09	2.4e+07	-2.7477
1.7e+09	2.4e+07	-3.0143
1.8e+09	2.4e+07	-2.9493
1.9e+09	2.4e+07	-2.6698
2e+09	2.4e+07	-1.903
2.1e+09	2.4e+07	-1.8662
2.2e+09	2.4e+07	-1.5516
2.3e+09	2.4e+07	-1.2343
2.4e+09	2.4e+07	-0.49748
2.5e+09	2.4e+07	-0.33103
2.6e+09	2.4e+07	-0.31604
2.7e+09	2.4e+07	-0.44633
2.8e+09	2.4e+07	-0.44522
2.9e+09	2.4e+07	-0.20477
3e+09	2.4e+07	0.14108
3.1e+09	2.4e+07	0.5947
3.2e+09	2.4e+07	0.94072
3.3e+09	2.4e+07	1.987
3.4e+09	2.4e+07	2.0133
3.5e+09	2.4e+07	2.2932
3.6e+09	2.4e+07	2.4998
3.7e+09	2.4e+07	2.9546
3.8e+09	2.4e+07	2.814
3.9e+09	2.4e+07	2.9795
4e+09	2.4e+07	3.5742
4.1e+09	2.4e+07	4.2142
4.2e+09	2.4e+07	5.3072
4.3e+09	2.4e+07	5.8738
4.4e+09	2.4e+07	6.9753
