4e+08	-1.2e+07	-18.401
5e+08	-1.2e+07	-18.329
6e+08	-1.2e+07	-18.448
7e+08	-1.2e+07	-18.499
8e+08	-1.2e+07	-18.77
9e+08	-1.2e+07	-18.756
1e+09	-1.2e+07	-19.407
1.1e+09	-1.2e+07	-20.302
1.2e+09	-1.2e+07	-20.583
1.3e+09	-1.2e+07	-20.443
1.4e+09	-1.2e+07	-20.806
1.5e+09	-1.2e+07	-21.385
1.6e+09	-1.2e+07	-21.722
1.7e+09	-1.2e+07	-21.679
1.8e+09	-1.2e+07	-21.157
1.9e+09	-1.2e+07	-21.726
2e+09	-1.2e+07	-22.103
2.1e+09	-1.2e+07	-22.855
2.2e+09	-1.2e+07	-22.862
2.3e+09	-1.2e+07	-23.149
2.4e+09	-1.2e+07	-23.784
2.5e+09	-1.2e+07	-24.185
2.6e+09	-1.2e+07	-24.17
2.7e+09	-1.2e+07	-24.069
2.8e+09	-1.2e+07	-24.138
2.9e+09	-1.2e+07	-24.247
3e+09	-1.2e+07	-24.376
3.1e+09	-1.2e+07	-24.821
3.2e+09	-1.2e+07	-25.617
3.3e+09	-1.2e+07	-25.85
3.4e+09	-1.2e+07	-26.412
3.5e+09	-1.2e+07	-26.796
3.6e+09	-1.2e+07	-27.314
3.7e+09	-1.2e+07	-27.285
3.8e+09	-1.2e+07	-27.389
3.9e+09	-1.2e+07	-27.612
4e+09	-1.2e+07	-28.026
4.1e+09	-1.2e+07	-28.67
4.2e+09	-1.2e+07	-29.672
4.3e+09	-1.2e+07	-30.624
4.4e+09	-1.2e+07	-31.26
4e+08	-1.15e+07	-16.789
5e+08	-1.15e+07	-16.715
6e+08	-1.15e+07	-16.83
7e+08	-1.15e+07	-16.883
8e+08	-1.15e+07	-17.143
9e+08	-1.15e+07	-17.144
1e+09	-1.15e+07	-17.802
1.1e+09	-1.15e+07	-18.696
1.2e+09	-1.15e+07	-18.98
1.3e+09	-1.15e+07	-18.831
1.4e+09	-1.15e+07	-19.204
1.5e+09	-1.15e+07	-19.782
1.6e+09	-1.15e+07	-20.123
1.7e+09	-1.15e+07	-20.066
1.8e+09	-1.15e+07	-19.555
1.9e+09	-1.15e+07	-20.121
2e+09	-1.15e+07	-20.511
2.1e+09	-1.15e+07	-21.257
2.2e+09	-1.15e+07	-21.264
2.3e+09	-1.15e+07	-21.554
2.4e+09	-1.15e+07	-22.191
2.5e+09	-1.15e+07	-22.588
2.6e+09	-1.15e+07	-22.576
2.7e+09	-1.15e+07	-22.474
2.8e+09	-1.15e+07	-22.546
2.9e+09	-1.15e+07	-22.65
3e+09	-1.15e+07	-22.788
3.1e+09	-1.15e+07	-23.238
3.2e+09	-1.15e+07	-24.034
3.3e+09	-1.15e+07	-24.273
3.4e+09	-1.15e+07	-24.838
3.5e+09	-1.15e+07	-25.22
3.6e+09	-1.15e+07	-25.74
3.7e+09	-1.15e+07	-25.704
3.8e+09	-1.15e+07	-25.816
3.9e+09	-1.15e+07	-26.043
4e+09	-1.15e+07	-26.457
4.1e+09	-1.15e+07	-27.113
4.2e+09	-1.15e+07	-28.127
4.3e+09	-1.15e+07	-29.088
4.4e+09	-1.15e+07	-29.722
4e+08	-1.1e+07	-15.697
5e+08	-1.1e+07	-15.624
6e+08	-1.1e+07	-15.735
7e+08	-1.1e+07	-15.79
8e+08	-1.1e+07	-16.051
9e+08	-1.1e+07	-16.054
1e+09	-1.1e+07	-16.705
1.1e+09	-1.1e+07	-17.609
1.2e+09	-1.1e+07	-17.894
1.3e+09	-1.1e+07	-17.726
1.4e+09	-1.1e+07	-18.12
1.5e+09	-1.1e+07	-18.687
1.6e+09	-1.1e+07	-19.04
1.7e+09	-1.1e+07	-18.958
1.8e+09	-1.1e+07	-18.482
1.9e+09	-1.1e+07	-19.033
2e+09	-1.1e+07	-19.437
2.1e+09	-1.1e+07	-20.173
2.2e+09	-1.1e+07	-20.182
2.3e+09	-1.1e+07	-20.473
2.4e+09	-1.1e+07	-21.11
2.5e+09	-1.1e+07	-21.501
2.6e+09	-1.1e+07	-21.494
2.7e+09	-1.1e+07	-21.392
2.8e+09	-1.1e+07	-21.465
2.9e+09	-1.1e+07	-21.564
3e+09	-1.1e+07	-21.71
3.1e+09	-1.1e+07	-22.166
3.2e+09	-1.1e+07	-22.96
3.3e+09	-1.1e+07	-23.204
3.4e+09	-1.1e+07	-23.772
3.5e+09	-1.1e+07	-24.15
3.6e+09	-1.1e+07	-24.671
3.7e+09	-1.1e+07	-24.626
3.8e+09	-1.1e+07	-24.747
3.9e+09	-1.1e+07	-24.977
4e+09	-1.1e+07	-25.39
4.1e+09	-1.1e+07	-26.055
4.2e+09	-1.1e+07	-27.077
4.3e+09	-1.1e+07	-28.043
4.4e+09	-1.1e+07	-28.683
4e+08	-1.05e+07	-15.019
5e+08	-1.05e+07	-14.945
6e+08	-1.05e+07	-15.052
7e+08	-1.05e+07	-15.103
8e+08	-1.05e+07	-15.372
9e+08	-1.05e+07	-15.377
1e+09	-1.05e+07	-16.033
1.1e+09	-1.05e+07	-16.935
1.2e+09	-1.05e+07	-17.221
1.3e+09	-1.05e+07	-17.044
1.4e+09	-1.05e+07	-17.448
1.5e+09	-1.05e+07	-18.004
1.6e+09	-1.05e+07	-18.368
1.7e+09	-1.05e+07	-18.272
1.8e+09	-1.05e+07	-17.81
1.9e+09	-1.05e+07	-18.346
2e+09	-1.05e+07	-18.773
2.1e+09	-1.05e+07	-19.499
2.2e+09	-1.05e+07	-19.5
2.3e+09	-1.05e+07	-19.802
2.4e+09	-1.05e+07	-20.438
2.5e+09	-1.05e+07	-20.824
2.6e+09	-1.05e+07	-20.821
2.7e+09	-1.05e+07	-20.718
2.8e+09	-1.05e+07	-20.792
2.9e+09	-1.05e+07	-20.886
3e+09	-1.05e+07	-21.041
3.1e+09	-1.05e+07	-21.501
3.2e+09	-1.05e+07	-22.291
3.3e+09	-1.05e+07	-22.541
3.4e+09	-1.05e+07	-23.099
3.5e+09	-1.05e+07	-23.484
3.6e+09	-1.05e+07	-24.005
3.7e+09	-1.05e+07	-23.952
3.8e+09	-1.05e+07	-24.08
3.9e+09	-1.05e+07	-24.313
4e+09	-1.05e+07	-24.723
4.1e+09	-1.05e+07	-25.398
4.2e+09	-1.05e+07	-26.424
4.3e+09	-1.05e+07	-27.392
4.4e+09	-1.05e+07	-28.036
4e+08	-1e+07	-14.643
5e+08	-1e+07	-14.568
6e+08	-1e+07	-14.673
7e+08	-1e+07	-14.727
8e+08	-1e+07	-14.995
9e+08	-1e+07	-15.003
1e+09	-1e+07	-15.664
1.1e+09	-1e+07	-16.563
1.2e+09	-1e+07	-16.849
1.3e+09	-1e+07	-16.665
1.4e+09	-1e+07	-17.078
1.5e+09	-1e+07	-17.621
1.6e+09	-1e+07	-17.997
1.7e+09	-1e+07	-17.888
1.8e+09	-1e+07	-17.441
1.9e+09	-1e+07	-17.97
2e+09	-1e+07	-18.411
2.1e+09	-1e+07	-19.126
2.2e+09	-1e+07	-19.128
2.3e+09	-1e+07	-19.434
2.4e+09	-1e+07	-20.048
2.5e+09	-1e+07	-20.449
2.6e+09	-1e+07	-20.448
2.7e+09	-1e+07	-20.343
2.8e+09	-1e+07	-20.419
2.9e+09	-1e+07	-20.509
3e+09	-1e+07	-20.671
3.1e+09	-1e+07	-21.134
3.2e+09	-1e+07	-21.92
3.3e+09	-1e+07	-22.167
3.4e+09	-1e+07	-22.734
3.5e+09	-1e+07	-23.116
3.6e+09	-1e+07	-23.636
3.7e+09	-1e+07	-23.575
3.8e+09	-1e+07	-23.71
3.9e+09	-1e+07	-23.945
4e+09	-1e+07	-24.353
4.1e+09	-1e+07	-25.035
4.2e+09	-1e+07	-26.063
4.3e+09	-1e+07	-27.033
4.4e+09	-1e+07	-27.68
4e+08	-9.5e+06	-14.469
5e+08	-9.5e+06	-14.392
6e+08	-9.5e+06	-14.492
7e+08	-9.5e+06	-14.55
8e+08	-9.5e+06	-14.819
9e+08	-9.5e+06	-14.828
1e+09	-9.5e+06	-15.494
1.1e+09	-9.5e+06	-16.389
1.2e+09	-9.5e+06	-16.675
1.3e+09	-9.5e+06	-16.485
1.4e+09	-9.5e+06	-16.905
1.5e+09	-9.5e+06	-17.437
1.6e+09	-9.5e+06	-17.825
1.7e+09	-9.5e+06	-17.701
1.8e+09	-9.5e+06	-17.27
1.9e+09	-9.5e+06	-17.782
2e+09	-9.5e+06	-18.246
2.1e+09	-9.5e+06	-18.94
2.2e+09	-9.5e+06	-18.953
2.3e+09	-9.5e+06	-19.251
2.4e+09	-9.5e+06	-19.872
2.5e+09	-9.5e+06	-20.276
2.6e+09	-9.5e+06	-20.27
2.7e+09	-9.5e+06	-20.166
2.8e+09	-9.5e+06	-20.243
2.9e+09	-9.5e+06	-20.328
3e+09	-9.5e+06	-20.498
3.1e+09	-9.5e+06	-20.965
3.2e+09	-9.5e+06	-21.747
3.3e+09	-9.5e+06	-21.998
3.4e+09	-9.5e+06	-22.566
3.5e+09	-9.5e+06	-22.942
3.6e+09	-9.5e+06	-23.459
3.7e+09	-9.5e+06	-23.381
3.8e+09	-9.5e+06	-23.534
3.9e+09	-9.5e+06	-23.771
4e+09	-9.5e+06	-24.187
4.1e+09	-9.5e+06	-24.867
4.2e+09	-9.5e+06	-25.896
4.3e+09	-9.5e+06	-26.865
4.4e+09	-9.5e+06	-27.515
4e+08	-9e+06	-14.403
5e+08	-9e+06	-14.327
6e+08	-9e+06	-14.419
7e+08	-9e+06	-14.483
8e+08	-9e+06	-14.739
9e+08	-9e+06	-14.765
1e+09	-9e+06	-15.432
1.1e+09	-9e+06	-16.326
1.2e+09	-9e+06	-16.612
1.3e+09	-9e+06	-16.414
1.4e+09	-9e+06	-16.842
1.5e+09	-9e+06	-17.364
1.6e+09	-9e+06	-17.762
1.7e+09	-9e+06	-17.624
1.8e+09	-9e+06	-17.209
1.9e+09	-9e+06	-17.714
2e+09	-9e+06	-18.192
2.1e+09	-9e+06	-18.873
2.2e+09	-9e+06	-18.888
2.3e+09	-9e+06	-19.188
2.4e+09	-9e+06	-19.806
2.5e+09	-9e+06	-20.204
2.6e+09	-9e+06	-20.202
2.7e+09	-9e+06	-20.098
2.8e+09	-9e+06	-20.176
2.9e+09	-9e+06	-20.257
3e+09	-9e+06	-20.435
3.1e+09	-9e+06	-20.905
3.2e+09	-9e+06	-21.68
3.3e+09	-9e+06	-21.938
3.4e+09	-9e+06	-22.506
3.5e+09	-9e+06	-22.888
3.6e+09	-9e+06	-23.381
3.7e+09	-9e+06	-23.306
3.8e+09	-9e+06	-23.467
3.9e+09	-9e+06	-23.695
4e+09	-9e+06	-24.119
4.1e+09	-9e+06	-24.794
4.2e+09	-9e+06	-25.835
4.3e+09	-9e+06	-26.805
4.4e+09	-9e+06	-27.456
4e+08	-8.5e+06	-14.385
5e+08	-8.5e+06	-14.308
6e+08	-8.5e+06	-14.396
7e+08	-8.5e+06	-14.465
8e+08	-8.5e+06	-14.72
9e+08	-8.5e+06	-14.748
1e+09	-8.5e+06	-15.419
1.1e+09	-8.5e+06	-16.31
1.2e+09	-8.5e+06	-16.595
1.3e+09	-8.5e+06	-16.391
1.4e+09	-8.5e+06	-16.816
1.5e+09	-8.5e+06	-17.326
1.6e+09	-8.5e+06	-17.748
1.7e+09	-8.5e+06	-17.595
1.8e+09	-8.5e+06	-17.195
1.9e+09	-8.5e+06	-17.693
2e+09	-8.5e+06	-18.185
2.1e+09	-8.5e+06	-18.853
2.2e+09	-8.5e+06	-18.87
2.3e+09	-8.5e+06	-19.173
2.4e+09	-8.5e+06	-19.788
2.5e+09	-8.5e+06	-20.18
2.6e+09	-8.5e+06	-20.182
2.7e+09	-8.5e+06	-20.077
2.8e+09	-8.5e+06	-20.157
2.9e+09	-8.5e+06	-20.233
3e+09	-8.5e+06	-20.418
3.1e+09	-8.5e+06	-20.892
3.2e+09	-8.5e+06	-21.661
3.3e+09	-8.5e+06	-21.925
3.4e+09	-8.5e+06	-22.492
3.5e+09	-8.5e+06	-22.869
3.6e+09	-8.5e+06	-23.359
3.7e+09	-8.5e+06	-23.279
3.8e+09	-8.5e+06	-23.447
3.9e+09	-8.5e+06	-23.676
4e+09	-8.5e+06	-24.097
4.1e+09	-8.5e+06	-24.78
4.2e+09	-8.5e+06	-25.822
4.3e+09	-8.5e+06	-26.79
4.4e+09	-8.5e+06	-27.444
4e+08	-8e+06	-14.379
5e+08	-8e+06	-14.303
6e+08	-8e+06	-14.387
7e+08	-8e+06	-14.46
8e+08	-8e+06	-14.714
9e+08	-8e+06	-14.733
1e+09	-8e+06	-15.419
1.1e+09	-8e+06	-16.308
1.2e+09	-8e+06	-16.592
1.3e+09	-8e+06	-16.382
1.4e+09	-8e+06	-16.816
1.5e+09	-8e+06	-17.314
1.6e+09	-8e+06	-17.747
1.7e+09	-8e+06	-17.579
1.8e+09	-8e+06	-17.185
1.9e+09	-8e+06	-17.686
2e+09	-8e+06	-18.192
2.1e+09	-8e+06	-18.847
2.2e+09	-8e+06	-18.875
2.3e+09	-8e+06	-19.171
2.4e+09	-8e+06	-19.782
2.5e+09	-8e+06	-20.161
2.6e+09	-8e+06	-20.176
2.7e+09	-8e+06	-20.069
2.8e+09	-8e+06	-20.15
2.9e+09	-8e+06	-20.223
3e+09	-8e+06	-20.415
3.1e+09	-8e+06	-20.891
3.2e+09	-8e+06	-21.654
3.3e+09	-8e+06	-21.927
3.4e+09	-8e+06	-22.492
3.5e+09	-8e+06	-22.864
3.6e+09	-8e+06	-23.351
3.7e+09	-8e+06	-23.265
3.8e+09	-8e+06	-23.441
3.9e+09	-8e+06	-23.67
4e+09	-8e+06	-24.088
4.1e+09	-8e+06	-24.769
4.2e+09	-8e+06	-25.821
4.3e+09	-8e+06	-26.789
4.4e+09	-8e+06	-27.435
4e+08	-7.5e+06	-14.376
5e+08	-7.5e+06	-14.3
6e+08	-7.5e+06	-14.379
7e+08	-7.5e+06	-14.456
8e+08	-7.5e+06	-14.71
9e+08	-7.5e+06	-14.732
1e+09	-7.5e+06	-15.42
1.1e+09	-7.5e+06	-16.306
1.2e+09	-7.5e+06	-16.592
1.3e+09	-7.5e+06	-16.375
1.4e+09	-7.5e+06	-16.816
1.5e+09	-7.5e+06	-17.303
1.6e+09	-7.5e+06	-17.748
1.7e+09	-7.5e+06	-17.565
1.8e+09	-7.5e+06	-17.186
1.9e+09	-7.5e+06	-17.67
2e+09	-7.5e+06	-18.209
2.1e+09	-7.5e+06	-18.841
2.2e+09	-7.5e+06	-18.863
2.3e+09	-7.5e+06	-19.172
2.4e+09	-7.5e+06	-19.78
2.5e+09	-7.5e+06	-20.152
2.6e+09	-7.5e+06	-20.17
2.7e+09	-7.5e+06	-20.063
2.8e+09	-7.5e+06	-20.145
2.9e+09	-7.5e+06	-20.215
3e+09	-7.5e+06	-20.412
3.1e+09	-7.5e+06	-20.893
3.2e+09	-7.5e+06	-21.649
3.3e+09	-7.5e+06	-21.921
3.4e+09	-7.5e+06	-22.493
3.5e+09	-7.5e+06	-22.86
3.6e+09	-7.5e+06	-23.344
3.7e+09	-7.5e+06	-23.254
3.8e+09	-7.5e+06	-23.436
3.9e+09	-7.5e+06	-23.667
4e+09	-7.5e+06	-24.08
4.1e+09	-7.5e+06	-24.77
4.2e+09	-7.5e+06	-25.821
4.3e+09	-7.5e+06	-26.79
4.4e+09	-7.5e+06	-27.439
4e+08	-7e+06	-14.374
5e+08	-7e+06	-14.299
6e+08	-7e+06	-14.374
7e+08	-7e+06	-14.455
8e+08	-7e+06	-14.708
9e+08	-7e+06	-14.733
1e+09	-7e+06	-15.423
1.1e+09	-7e+06	-16.307
1.2e+09	-7e+06	-16.589
1.3e+09	-7e+06	-16.369
1.4e+09	-7e+06	-16.816
1.5e+09	-7e+06	-17.307
1.6e+09	-7e+06	-17.749
1.7e+09	-7e+06	-17.551
1.8e+09	-7e+06	-17.19
1.9e+09	-7e+06	-17.666
2e+09	-7e+06	-18.219
2.1e+09	-7e+06	-18.837
2.2e+09	-7e+06	-18.863
2.3e+09	-7e+06	-19.174
2.4e+09	-7e+06	-19.768
2.5e+09	-7e+06	-20.144
2.6e+09	-7e+06	-20.168
2.7e+09	-7e+06	-20.059
2.8e+09	-7e+06	-20.132
2.9e+09	-7e+06	-20.207
3e+09	-7e+06	-20.412
3.1e+09	-7e+06	-20.896
3.2e+09	-7e+06	-21.646
3.3e+09	-7e+06	-21.924
3.4e+09	-7e+06	-22.496
3.5e+09	-7e+06	-22.858
3.6e+09	-7e+06	-23.339
3.7e+09	-7e+06	-23.243
3.8e+09	-7e+06	-23.432
3.9e+09	-7e+06	-23.663
4e+09	-7e+06	-24.075
4.1e+09	-7e+06	-24.772
4.2e+09	-7e+06	-25.824
4.3e+09	-7e+06	-26.791
4.4e+09	-7e+06	-27.442
4e+08	-6.5e+06	-14.36
5e+08	-6.5e+06	-14.3
6e+08	-6.5e+06	-14.369
7e+08	-6.5e+06	-14.456
8e+08	-6.5e+06	-14.694
9e+08	-6.5e+06	-14.737
1e+09	-6.5e+06	-15.427
1.1e+09	-6.5e+06	-16.31
1.2e+09	-6.5e+06	-16.591
1.3e+09	-6.5e+06	-16.365
1.4e+09	-6.5e+06	-16.819
1.5e+09	-6.5e+06	-17.3
1.6e+09	-6.5e+06	-17.753
1.7e+09	-6.5e+06	-17.53
1.8e+09	-6.5e+06	-17.206
1.9e+09	-6.5e+06	-17.664
2e+09	-6.5e+06	-18.231
2.1e+09	-6.5e+06	-18.835
2.2e+09	-6.5e+06	-18.862
2.3e+09	-6.5e+06	-19.176
2.4e+09	-6.5e+06	-19.768
2.5e+09	-6.5e+06	-20.148
2.6e+09	-6.5e+06	-20.166
2.7e+09	-6.5e+06	-20.056
2.8e+09	-6.5e+06	-20.131
2.9e+09	-6.5e+06	-20.203
3e+09	-6.5e+06	-20.414
3.1e+09	-6.5e+06	-20.902
3.2e+09	-6.5e+06	-21.643
3.3e+09	-6.5e+06	-21.93
3.4e+09	-6.5e+06	-22.501
3.5e+09	-6.5e+06	-22.859
3.6e+09	-6.5e+06	-23.336
3.7e+09	-6.5e+06	-23.234
3.8e+09	-6.5e+06	-23.43
3.9e+09	-6.5e+06	-23.661
4e+09	-6.5e+06	-24.07
4.1e+09	-6.5e+06	-24.776
4.2e+09	-6.5e+06	-25.827
4.3e+09	-6.5e+06	-26.794
4.4e+09	-6.5e+06	-27.448
4e+08	-6e+06	-14.361
5e+08	-6e+06	-14.3
6e+08	-6e+06	-14.352
7e+08	-6e+06	-14.458
8e+08	-6e+06	-14.695
9e+08	-6e+06	-14.741
1e+09	-6e+06	-15.432
1.1e+09	-6e+06	-16.314
1.2e+09	-6e+06	-16.581
1.3e+09	-6e+06	-16.362
1.4e+09	-6e+06	-16.822
1.5e+09	-6e+06	-17.294
1.6e+09	-6e+06	-17.757
1.7e+09	-6e+06	-17.519
1.8e+09	-6e+06	-17.214
1.9e+09	-6e+06	-17.663
2e+09	-6e+06	-18.243
2.1e+09	-6e+06	-18.825
2.2e+09	-6e+06	-18.865
2.3e+09	-6e+06	-19.181
2.4e+09	-6e+06	-19.778
2.5e+09	-6e+06	-20.145
2.6e+09	-6e+06	-20.167
2.7e+09	-6e+06	-20.054
2.8e+09	-6e+06	-20.13
2.9e+09	-6e+06	-20.198
3e+09	-6e+06	-20.417
3.1e+09	-6e+06	-20.908
3.2e+09	-6e+06	-21.641
3.3e+09	-6e+06	-21.938
3.4e+09	-6e+06	-22.507
3.5e+09	-6e+06	-22.859
3.6e+09	-6e+06	-23.333
3.7e+09	-6e+06	-23.227
3.8e+09	-6e+06	-23.429
3.9e+09	-6e+06	-23.651
4e+09	-6e+06	-24.068
4.1e+09	-6e+06	-24.781
4.2e+09	-6e+06	-25.832
4.3e+09	-6e+06	-26.798
4.4e+09	-6e+06	-27.456
4e+08	-5.5e+06	-14.36
5e+08	-5.5e+06	-14.3
6e+08	-5.5e+06	-14.348
7e+08	-5.5e+06	-14.458
8e+08	-5.5e+06	-14.694
9e+08	-5.5e+06	-14.745
1e+09	-5.5e+06	-15.437
1.1e+09	-5.5e+06	-16.316
1.2e+09	-5.5e+06	-16.58
1.3e+09	-5.5e+06	-16.358
1.4e+09	-5.5e+06	-16.824
1.5e+09	-5.5e+06	-17.289
1.6e+09	-5.5e+06	-17.751
1.7e+09	-5.5e+06	-17.508
1.8e+09	-5.5e+06	-17.219
1.9e+09	-5.5e+06	-17.651
2e+09	-5.5e+06	-18.255
2.1e+09	-5.5e+06	-18.812
2.2e+09	-5.5e+06	-18.865
2.3e+09	-5.5e+06	-19.183
2.4e+09	-5.5e+06	-19.778
2.5e+09	-5.5e+06	-20.14
2.6e+09	-5.5e+06	-20.166
2.7e+09	-5.5e+06	-20.033
2.8e+09	-5.5e+06	-20.128
2.9e+09	-5.5e+06	-20.194
3e+09	-5.5e+06	-20.418
3.1e+09	-5.5e+06	-20.912
3.2e+09	-5.5e+06	-21.639
3.3e+09	-5.5e+06	-21.936
3.4e+09	-5.5e+06	-22.51
3.5e+09	-5.5e+06	-22.859
3.6e+09	-5.5e+06	-23.328
3.7e+09	-5.5e+06	-23.219
3.8e+09	-5.5e+06	-23.428
3.9e+09	-5.5e+06	-23.649
4e+09	-5.5e+06	-24.085
4.1e+09	-5.5e+06	-24.785
4.2e+09	-5.5e+06	-25.836
4.3e+09	-5.5e+06	-26.801
4.4e+09	-5.5e+06	-27.463
4e+08	-5e+06	-14.356
5e+08	-5e+06	-14.297
6e+08	-5e+06	-14.341
7e+08	-5e+06	-14.458
8e+08	-5e+06	-14.691
9e+08	-5e+06	-14.746
1e+09	-5e+06	-15.439
1.1e+09	-5e+06	-16.316
1.2e+09	-5e+06	-16.578
1.3e+09	-5e+06	-16.351
1.4e+09	-5e+06	-16.815
1.5e+09	-5e+06	-17.27
1.6e+09	-5e+06	-17.753
1.7e+09	-5e+06	-17.494
1.8e+09	-5e+06	-17.223
1.9e+09	-5e+06	-17.647
2e+09	-5e+06	-18.265
2.1e+09	-5e+06	-18.807
2.2e+09	-5e+06	-18.865
2.3e+09	-5e+06	-19.184
2.4e+09	-5e+06	-19.776
2.5e+09	-5e+06	-20.134
2.6e+09	-5e+06	-20.155
2.7e+09	-5e+06	-20.029
2.8e+09	-5e+06	-20.124
2.9e+09	-5e+06	-20.189
3e+09	-5e+06	-20.419
3.1e+09	-5e+06	-20.916
3.2e+09	-5e+06	-21.635
3.3e+09	-5e+06	-21.94
3.4e+09	-5e+06	-22.513
3.5e+09	-5e+06	-22.857
3.6e+09	-5e+06	-23.323
3.7e+09	-5e+06	-23.21
3.8e+09	-5e+06	-23.424
3.9e+09	-5e+06	-23.647
4e+09	-5e+06	-24.08
4.1e+09	-5e+06	-24.786
4.2e+09	-5e+06	-25.839
4.3e+09	-5e+06	-26.813
4.4e+09	-5e+06	-27.467
4e+08	-4.5e+06	-14.353
5e+08	-4.5e+06	-14.282
6e+08	-4.5e+06	-14.334
7e+08	-4.5e+06	-14.456
8e+08	-4.5e+06	-14.689
9e+08	-4.5e+06	-14.747
1e+09	-4.5e+06	-15.441
1.1e+09	-4.5e+06	-16.304
1.2e+09	-4.5e+06	-16.563
1.3e+09	-4.5e+06	-16.346
1.4e+09	-4.5e+06	-16.813
1.5e+09	-4.5e+06	-17.262
1.6e+09	-4.5e+06	-17.753
1.7e+09	-4.5e+06	-17.471
1.8e+09	-4.5e+06	-17.227
1.9e+09	-4.5e+06	-17.632
2e+09	-4.5e+06	-18.283
2.1e+09	-4.5e+06	-18.802
2.2e+09	-4.5e+06	-18.853
2.3e+09	-4.5e+06	-19.192
2.4e+09	-4.5e+06	-19.773
2.5e+09	-4.5e+06	-20.126
2.6e+09	-4.5e+06	-20.15
2.7e+09	-4.5e+06	-20.023
2.8e+09	-4.5e+06	-20.119
2.9e+09	-4.5e+06	-20.189
3e+09	-4.5e+06	-20.416
3.1e+09	-4.5e+06	-20.918
3.2e+09	-4.5e+06	-21.63
3.3e+09	-4.5e+06	-21.944
3.4e+09	-4.5e+06	-22.514
3.5e+09	-4.5e+06	-22.854
3.6e+09	-4.5e+06	-23.315
3.7e+09	-4.5e+06	-23.201
3.8e+09	-4.5e+06	-23.421
3.9e+09	-4.5e+06	-23.643
4e+09	-4.5e+06	-24.073
4.1e+09	-4.5e+06	-24.788
4.2e+09	-4.5e+06	-25.839
4.3e+09	-4.5e+06	-26.812
4.4e+09	-4.5e+06	-27.462
4e+08	-4e+06	-14.348
5e+08	-4e+06	-14.279
6e+08	-4e+06	-14.326
7e+08	-4e+06	-14.454
8e+08	-4e+06	-14.684
9e+08	-4e+06	-14.747
1e+09	-4e+06	-15.442
1.1e+09	-4e+06	-16.304
1.2e+09	-4e+06	-16.56
1.3e+09	-4e+06	-16.34
1.4e+09	-4e+06	-16.812
1.5e+09	-4e+06	-17.254
1.6e+09	-4e+06	-17.754
1.7e+09	-4e+06	-17.456
1.8e+09	-4e+06	-17.23
1.9e+09	-4e+06	-17.626
2e+09	-4e+06	-18.292
2.1e+09	-4e+06	-18.794
2.2e+09	-4e+06	-18.85
2.3e+09	-4e+06	-19.191
2.4e+09	-4e+06	-19.761
2.5e+09	-4e+06	-20.127
2.6e+09	-4e+06	-20.146
2.7e+09	-4e+06	-20.017
2.8e+09	-4e+06	-20.105
2.9e+09	-4e+06	-20.181
3e+09	-4e+06	-20.414
3.1e+09	-4e+06	-20.92
3.2e+09	-4e+06	-21.625
3.3e+09	-4e+06	-21.948
3.4e+09	-4e+06	-22.516
3.5e+09	-4e+06	-22.851
3.6e+09	-4e+06	-23.308
3.7e+09	-4e+06	-23.192
3.8e+09	-4e+06	-23.417
3.9e+09	-4e+06	-23.639
4e+09	-4e+06	-24.067
4.1e+09	-4e+06	-24.789
4.2e+09	-4e+06	-25.839
4.3e+09	-4e+06	-26.811
4.4e+09	-4e+06	-27.465
4e+08	-3.5e+06	-14.343
5e+08	-3.5e+06	-14.276
6e+08	-3.5e+06	-14.319
7e+08	-3.5e+06	-14.445
8e+08	-3.5e+06	-14.667
9e+08	-3.5e+06	-14.748
1e+09	-3.5e+06	-15.443
1.1e+09	-3.5e+06	-16.303
1.2e+09	-3.5e+06	-16.556
1.3e+09	-3.5e+06	-16.322
1.4e+09	-3.5e+06	-16.809
1.5e+09	-3.5e+06	-17.246
1.6e+09	-3.5e+06	-17.754
1.7e+09	-3.5e+06	-17.442
1.8e+09	-3.5e+06	-17.234
1.9e+09	-3.5e+06	-17.621
2e+09	-3.5e+06	-18.3
2.1e+09	-3.5e+06	-18.786
2.2e+09	-3.5e+06	-18.847
2.3e+09	-3.5e+06	-19.188
2.4e+09	-3.5e+06	-19.758
2.5e+09	-3.5e+06	-20.12
2.6e+09	-3.5e+06	-20.142
2.7e+09	-3.5e+06	-20.011
2.8e+09	-3.5e+06	-20.099
2.9e+09	-3.5e+06	-20.173
3e+09	-3.5e+06	-20.412
3.1e+09	-3.5e+06	-20.922
3.2e+09	-3.5e+06	-21.619
3.3e+09	-3.5e+06	-21.952
3.4e+09	-3.5e+06	-22.516
3.5e+09	-3.5e+06	-22.848
3.6e+09	-3.5e+06	-23.3
3.7e+09	-3.5e+06	-23.182
3.8e+09	-3.5e+06	-23.411
3.9e+09	-3.5e+06	-23.633
4e+09	-3.5e+06	-24.06
4.1e+09	-3.5e+06	-24.79
4.2e+09	-3.5e+06	-25.841
4.3e+09	-3.5e+06	-26.811
4.4e+09	-3.5e+06	-27.468
4e+08	-3e+06	-14.337
5e+08	-3e+06	-14.271
6e+08	-3e+06	-14.306
7e+08	-3e+06	-14.443
8e+08	-3e+06	-14.663
9e+08	-3e+06	-14.749
1e+09	-3e+06	-15.442
1.1e+09	-3e+06	-16.301
1.2e+09	-3e+06	-16.55
1.3e+09	-3e+06	-16.316
1.4e+09	-3e+06	-16.807
1.5e+09	-3e+06	-17.238
1.6e+09	-3e+06	-17.752
1.7e+09	-3e+06	-17.427
1.8e+09	-3e+06	-17.236
1.9e+09	-3e+06	-17.614
2e+09	-3e+06	-18.306
2.1e+09	-3e+06	-18.779
2.2e+09	-3e+06	-18.844
2.3e+09	-3e+06	-19.185
2.4e+09	-3e+06	-19.753
2.5e+09	-3e+06	-20.112
2.6e+09	-3e+06	-20.137
2.7e+09	-3e+06	-20.004
2.8e+09	-3e+06	-20.093
2.9e+09	-3e+06	-20.166
3e+09	-3e+06	-20.409
3.1e+09	-3e+06	-20.923
3.2e+09	-3e+06	-21.612
3.3e+09	-3e+06	-21.947
3.4e+09	-3e+06	-22.516
3.5e+09	-3e+06	-22.844
3.6e+09	-3e+06	-23.28
3.7e+09	-3e+06	-23.172
3.8e+09	-3e+06	-23.407
3.9e+09	-3e+06	-23.618
4e+09	-3e+06	-24.052
4.1e+09	-3e+06	-24.78
4.2e+09	-3e+06	-25.841
4.3e+09	-3e+06	-26.811
4.4e+09	-3e+06	-27.471
4e+08	-2.5e+06	-14.33
5e+08	-2.5e+06	-14.264
6e+08	-2.5e+06	-14.296
7e+08	-2.5e+06	-14.441
8e+08	-2.5e+06	-14.657
9e+08	-2.5e+06	-14.748
1e+09	-2.5e+06	-15.44
1.1e+09	-2.5e+06	-16.299
1.2e+09	-2.5e+06	-16.544
1.3e+09	-2.5e+06	-16.309
1.4e+09	-2.5e+06	-16.802
1.5e+09	-2.5e+06	-17.23
1.6e+09	-2.5e+06	-17.751
1.7e+09	-2.5e+06	-17.411
1.8e+09	-2.5e+06	-17.238
1.9e+09	-2.5e+06	-17.606
2e+09	-2.5e+06	-18.321
2.1e+09	-2.5e+06	-18.77
2.2e+09	-2.5e+06	-18.839
2.3e+09	-2.5e+06	-19.179
2.4e+09	-2.5e+06	-19.747
2.5e+09	-2.5e+06	-20.102
2.6e+09	-2.5e+06	-20.131
2.7e+09	-2.5e+06	-19.996
2.8e+09	-2.5e+06	-20.085
2.9e+09	-2.5e+06	-20.157
3e+09	-2.5e+06	-20.404
3.1e+09	-2.5e+06	-20.922
3.2e+09	-2.5e+06	-21.605
3.3e+09	-2.5e+06	-21.949
3.4e+09	-2.5e+06	-22.515
3.5e+09	-2.5e+06	-22.838
3.6e+09	-2.5e+06	-23.27
3.7e+09	-2.5e+06	-23.161
3.8e+09	-2.5e+06	-23.4
3.9e+09	-2.5e+06	-23.61
4e+09	-2.5e+06	-24.043
4.1e+09	-2.5e+06	-24.779
4.2e+09	-2.5e+06	-25.839
4.3e+09	-2.5e+06	-26.808
4.4e+09	-2.5e+06	-27.473
4e+08	-2e+06	-14.307
5e+08	-2e+06	-14.258
6e+08	-2e+06	-14.285
7e+08	-2e+06	-14.436
8e+08	-2e+06	-14.649
9e+08	-2e+06	-14.746
1e+09	-2e+06	-15.425
1.1e+09	-2e+06	-16.296
1.2e+09	-2e+06	-16.536
1.3e+09	-2e+06	-16.311
1.4e+09	-2e+06	-16.797
1.5e+09	-2e+06	-17.231
1.6e+09	-2e+06	-17.749
1.7e+09	-2e+06	-17.384
1.8e+09	-2e+06	-17.248
1.9e+09	-2e+06	-17.599
2e+09	-2e+06	-18.326
2.1e+09	-2e+06	-18.759
2.2e+09	-2e+06	-18.834
2.3e+09	-2e+06	-19.173
2.4e+09	-2e+06	-19.741
2.5e+09	-2e+06	-20.093
2.6e+09	-2e+06	-20.123
2.7e+09	-2e+06	-19.987
2.8e+09	-2e+06	-20.076
2.9e+09	-2e+06	-20.147
3e+09	-2e+06	-20.4
3.1e+09	-2e+06	-20.921
3.2e+09	-2e+06	-21.594
3.3e+09	-2e+06	-21.949
3.4e+09	-2e+06	-22.511
3.5e+09	-2e+06	-22.832
3.6e+09	-2e+06	-23.259
3.7e+09	-2e+06	-23.149
3.8e+09	-2e+06	-23.393
3.9e+09	-2e+06	-23.602
4e+09	-2e+06	-24.034
4.1e+09	-2e+06	-24.777
4.2e+09	-2e+06	-25.836
4.3e+09	-2e+06	-26.804
4.4e+09	-2e+06	-27.474
4e+08	-1.5e+06	-14.299
5e+08	-1.5e+06	-14.251
6e+08	-1.5e+06	-14.274
7e+08	-1.5e+06	-14.432
8e+08	-1.5e+06	-14.642
9e+08	-1.5e+06	-14.743
1e+09	-1.5e+06	-15.421
1.1e+09	-1.5e+06	-16.292
1.2e+09	-1.5e+06	-16.527
1.3e+09	-1.5e+06	-16.303
1.4e+09	-1.5e+06	-16.78
1.5e+09	-1.5e+06	-17.21
1.6e+09	-1.5e+06	-17.746
1.7e+09	-1.5e+06	-17.367
1.8e+09	-1.5e+06	-17.249
1.9e+09	-1.5e+06	-17.571
2e+09	-1.5e+06	-18.331
2.1e+09	-1.5e+06	-18.738
2.2e+09	-1.5e+06	-18.818
2.3e+09	-1.5e+06	-19.166
2.4e+09	-1.5e+06	-19.735
2.5e+09	-1.5e+06	-20.082
2.6e+09	-1.5e+06	-20.116
2.7e+09	-1.5e+06	-19.969
2.8e+09	-1.5e+06	-20.067
2.9e+09	-1.5e+06	-20.136
3e+09	-1.5e+06	-20.395
3.1e+09	-1.5e+06	-20.919
3.2e+09	-1.5e+06	-21.585
3.3e+09	-1.5e+06	-21.95
3.4e+09	-1.5e+06	-22.509
3.5e+09	-1.5e+06	-22.826
3.6e+09	-1.5e+06	-23.247
3.7e+09	-1.5e+06	-23.138
3.8e+09	-1.5e+06	-23.386
3.9e+09	-1.5e+06	-23.594
4e+09	-1.5e+06	-24.035
4.1e+09	-1.5e+06	-24.776
4.2e+09	-1.5e+06	-25.834
4.3e+09	-1.5e+06	-26.8
4.4e+09	-1.5e+06	-27.465
4e+08	-1e+06	-14.29
5e+08	-1e+06	-14.244
6e+08	-1e+06	-14.263
7e+08	-1e+06	-14.429
8e+08	-1e+06	-14.635
9e+08	-1e+06	-14.742
1e+09	-1e+06	-15.418
1.1e+09	-1e+06	-16.289
1.2e+09	-1e+06	-16.519
1.3e+09	-1e+06	-16.283
1.4e+09	-1e+06	-16.774
1.5e+09	-1e+06	-17.202
1.6e+09	-1e+06	-17.742
1.7e+09	-1e+06	-17.351
1.8e+09	-1e+06	-17.249
1.9e+09	-1e+06	-17.563
2e+09	-1e+06	-18.335
2.1e+09	-1e+06	-18.727
2.2e+09	-1e+06	-18.812
2.3e+09	-1e+06	-19.159
2.4e+09	-1e+06	-19.719
2.5e+09	-1e+06	-20.082
2.6e+09	-1e+06	-20.11
2.7e+09	-1e+06	-19.96
2.8e+09	-1e+06	-20.058
2.9e+09	-1e+06	-20.126
3e+09	-1e+06	-20.39
3.1e+09	-1e+06	-20.917
3.2e+09	-1e+06	-21.575
3.3e+09	-1e+06	-21.943
3.4e+09	-1e+06	-22.506
3.5e+09	-1e+06	-22.82
3.6e+09	-1e+06	-23.236
3.7e+09	-1e+06	-23.126
3.8e+09	-1e+06	-23.378
3.9e+09	-1e+06	-23.586
4e+09	-1e+06	-24.025
4.1e+09	-1e+06	-24.775
4.2e+09	-1e+06	-25.831
4.3e+09	-1e+06	-26.796
4.4e+09	-1e+06	-27.466
4e+08	-5e+05	-14.277
5e+08	-5e+05	-14.233
6e+08	-5e+05	-14.251
7e+08	-5e+05	-14.422
8e+08	-5e+05	-14.624
9e+08	-5e+05	-14.736
1e+09	-5e+05	-15.411
1.1e+09	-5e+05	-16.281
1.2e+09	-5e+05	-16.507
1.3e+09	-5e+05	-16.272
1.4e+09	-5e+05	-16.764
1.5e+09	-5e+05	-17.191
1.6e+09	-5e+05	-17.736
1.7e+09	-5e+05	-17.332
1.8e+09	-5e+05	-17.247
1.9e+09	-5e+05	-17.552
2e+09	-5e+05	-18.335
2.1e+09	-5e+05	-18.712
2.2e+09	-5e+05	-18.803
2.3e+09	-5e+05	-19.149
2.4e+09	-5e+05	-19.711
2.5e+09	-5e+05	-20.069
2.6e+09	-5e+05	-20.1
2.7e+09	-5e+05	-19.948
2.8e+09	-5e+05	-20.045
2.9e+09	-5e+05	-20.113
3e+09	-5e+05	-20.381
3.1e+09	-5e+05	-20.912
3.2e+09	-5e+05	-21.562
3.3e+09	-5e+05	-21.94
3.4e+09	-5e+05	-22.499
3.5e+09	-5e+05	-22.81
3.6e+09	-5e+05	-23.221
3.7e+09	-5e+05	-23.112
3.8e+09	-5e+05	-23.368
3.9e+09	-5e+05	-23.574
4e+09	-5e+05	-24.013
4.1e+09	-5e+05	-24.769
4.2e+09	-5e+05	-25.824
4.3e+09	-5e+05	-26.788
4.4e+09	-5e+05	-27.464
4e+08	0	-14.075
5e+08	0	-13.589
6e+08	0	-14.291
7e+08	0	-14.234
8e+08	0	-14.452
9e+08	0	-14.438
1e+09	0	-15.061
1.1e+09	0	-16.059
1.2e+09	0	-16.553
1.3e+09	0	-16.039
1.4e+09	0	-16.858
1.5e+09	0	-16.826
1.6e+09	0	-17.855
1.7e+09	0	-17.418
1.8e+09	0	-16.945
1.9e+09	0	-17.398
2e+09	0	-18.474
2.1e+09	0	-18.219
2.2e+09	0	-18.547
2.3e+09	0	-19.035
2.4e+09	0	-19.353
2.5e+09	0	-19.78
2.6e+09	0	-20.265
2.7e+09	0	-19.7
2.8e+09	0	-19.913
2.9e+09	0	-20.14
3e+09	0	-19.956
3.1e+09	0	-21.098
3.2e+09	0	-21.075
3.3e+09	0	-21.473
3.4e+09	0	-21.921
3.5e+09	0	-23.017
3.6e+09	0	-22.881
3.7e+09	0	-22.594
3.8e+09	0	-22.843
3.9e+09	0	-23.052
4e+09	0	-23.299
4.1e+09	0	-24.915
4.2e+09	0	-25.677
4.3e+09	0	-27.143
4.4e+09	0	-27.906
4e+08	5e+05	-14.282
5e+08	5e+05	-14.237
6e+08	5e+05	-14.246
7e+08	5e+05	-14.436
8e+08	5e+05	-14.63
9e+08	5e+05	-14.755
1e+09	5e+05	-15.424
1.1e+09	5e+05	-16.295
1.2e+09	5e+05	-16.504
1.3e+09	5e+05	-16.274
1.4e+09	5e+05	-16.764
1.5e+09	5e+05	-17.154
1.6e+09	5e+05	-17.742
1.7e+09	5e+05	-17.313
1.8e+09	5e+05	-17.262
1.9e+09	5e+05	-17.549
2e+09	5e+05	-18.358
2.1e+09	5e+05	-18.702
2.2e+09	5e+05	-18.803
2.3e+09	5e+05	-19.144
2.4e+09	5e+05	-19.707
2.5e+09	5e+05	-20.058
2.6e+09	5e+05	-20.094
2.7e+09	5e+05	-19.939
2.8e+09	5e+05	-20.036
2.9e+09	5e+05	-20.104
3e+09	5e+05	-20.38
3.1e+09	5e+05	-20.917
3.2e+09	5e+05	-21.548
3.3e+09	5e+05	-21.995
3.4e+09	5e+05	-22.497
3.5e+09	5e+05	-22.801
3.6e+09	5e+05	-23.201
3.7e+09	5e+05	-23.095
3.8e+09	5e+05	-23.357
3.9e+09	5e+05	-23.56
4e+09	5e+05	-23.996
4.1e+09	5e+05	-24.767
4.2e+09	5e+05	-25.818
4.3e+09	5e+05	-26.78
4.4e+09	5e+05	-27.465
4e+08	1e+06	-14.289
5e+08	1e+06	-14.248
6e+08	1e+06	-14.255
7e+08	1e+06	-14.452
8e+08	1e+06	-14.643
9e+08	1e+06	-14.773
1e+09	1e+06	-15.44
1.1e+09	1e+06	-16.311
1.2e+09	1e+06	-16.514
1.3e+09	1e+06	-16.286
1.4e+09	1e+06	-16.778
1.5e+09	1e+06	-17.168
1.6e+09	1e+06	-17.759
1.7e+09	1e+06	-17.32
1.8e+09	1e+06	-17.284
1.9e+09	1e+06	-17.564
2e+09	1e+06	-18.383
2.1e+09	1e+06	-18.712
2.2e+09	1e+06	-18.819
2.3e+09	1e+06	-19.159
2.4e+09	1e+06	-19.724
2.5e+09	1e+06	-20.072
2.6e+09	1e+06	-20.111
2.7e+09	1e+06	-19.953
2.8e+09	1e+06	-20.049
2.9e+09	1e+06	-20.119
3e+09	1e+06	-20.398
3.1e+09	1e+06	-20.938
3.2e+09	1e+06	-21.562
3.3e+09	1e+06	-22.018
3.4e+09	1e+06	-22.518
3.5e+09	1e+06	-22.819
3.6e+09	1e+06	-23.214
3.7e+09	1e+06	-23.11
3.8e+09	1e+06	-23.375
3.9e+09	1e+06	-23.577
4e+09	1e+06	-24.013
4.1e+09	1e+06	-24.792
4.2e+09	1e+06	-25.841
4.3e+09	1e+06	-26.803
4.4e+09	1e+06	-27.494
4e+08	1.5e+06	-14.295
5e+08	1.5e+06	-14.255
6e+08	1.5e+06	-14.261
7e+08	1.5e+06	-14.466
8e+08	1.5e+06	-14.639
9e+08	1.5e+06	-14.788
1e+09	1.5e+06	-15.452
1.1e+09	1.5e+06	-16.323
1.2e+09	1.5e+06	-16.521
1.3e+09	1.5e+06	-16.295
1.4e+09	1.5e+06	-16.787
1.5e+09	1.5e+06	-17.178
1.6e+09	1.5e+06	-17.773
1.7e+09	1.5e+06	-17.322
1.8e+09	1.5e+06	-17.302
1.9e+09	1.5e+06	-17.575
2e+09	1.5e+06	-18.403
2.1e+09	1.5e+06	-18.718
2.2e+09	1.5e+06	-18.83
2.3e+09	1.5e+06	-19.17
2.4e+09	1.5e+06	-19.736
2.5e+09	1.5e+06	-20.082
2.6e+09	1.5e+06	-20.122
2.7e+09	1.5e+06	-19.964
2.8e+09	1.5e+06	-20.058
2.9e+09	1.5e+06	-20.127
3e+09	1.5e+06	-20.411
3.1e+09	1.5e+06	-20.953
3.2e+09	1.5e+06	-21.561
3.3e+09	1.5e+06	-22.036
3.4e+09	1.5e+06	-22.532
3.5e+09	1.5e+06	-22.831
3.6e+09	1.5e+06	-23.22
3.7e+09	1.5e+06	-23.12
3.8e+09	1.5e+06	-23.387
3.9e+09	1.5e+06	-23.588
4e+09	1.5e+06	-24.023
4.1e+09	1.5e+06	-24.81
4.2e+09	1.5e+06	-25.857
4.3e+09	1.5e+06	-26.818
4.4e+09	1.5e+06	-27.504
4e+08	2e+06	-14.302
5e+08	2e+06	-14.265
6e+08	2e+06	-14.267
7e+08	2e+06	-14.48
8e+08	2e+06	-14.65
9e+08	2e+06	-14.803
1e+09	2e+06	-15.463
1.1e+09	2e+06	-16.337
1.2e+09	2e+06	-16.527
1.3e+09	2e+06	-16.282
1.4e+09	2e+06	-16.796
1.5e+09	2e+06	-17.189
1.6e+09	2e+06	-17.786
1.7e+09	2e+06	-17.324
1.8e+09	2e+06	-17.309
1.9e+09	2e+06	-17.585
2e+09	2e+06	-18.424
2.1e+09	2e+06	-18.723
2.2e+09	2e+06	-18.841
2.3e+09	2e+06	-19.179
2.4e+09	2e+06	-19.747
2.5e+09	2e+06	-20.09
2.6e+09	2e+06	-20.134
2.7e+09	2e+06	-19.972
2.8e+09	2e+06	-20.066
2.9e+09	2e+06	-20.136
3e+09	2e+06	-20.424
3.1e+09	2e+06	-20.968
3.2e+09	2e+06	-21.569
3.3e+09	2e+06	-22.054
3.4e+09	2e+06	-22.546
3.5e+09	2e+06	-22.842
3.6e+09	2e+06	-23.226
3.7e+09	2e+06	-23.13
3.8e+09	2e+06	-23.398
3.9e+09	2e+06	-23.598
4e+09	2e+06	-24.033
4.1e+09	2e+06	-24.826
4.2e+09	2e+06	-25.873
4.3e+09	2e+06	-26.832
4.4e+09	2e+06	-27.524
4e+08	2.5e+06	-14.308
5e+08	2.5e+06	-14.273
6e+08	2.5e+06	-14.272
7e+08	2.5e+06	-14.495
8e+08	2.5e+06	-14.658
9e+08	2.5e+06	-14.819
1e+09	2.5e+06	-15.475
1.1e+09	2.5e+06	-16.351
1.2e+09	2.5e+06	-16.545
1.3e+09	2.5e+06	-16.292
1.4e+09	2.5e+06	-16.804
1.5e+09	2.5e+06	-17.201
1.6e+09	2.5e+06	-17.8
1.7e+09	2.5e+06	-17.327
1.8e+09	2.5e+06	-17.327
1.9e+09	2.5e+06	-17.595
2e+09	2.5e+06	-18.444
2.1e+09	2.5e+06	-18.728
2.2e+09	2.5e+06	-18.843
2.3e+09	2.5e+06	-19.188
2.4e+09	2.5e+06	-19.758
2.5e+09	2.5e+06	-20.1
2.6e+09	2.5e+06	-20.145
2.7e+09	2.5e+06	-19.98
2.8e+09	2.5e+06	-20.074
2.9e+09	2.5e+06	-20.144
3e+09	2.5e+06	-20.436
3.1e+09	2.5e+06	-20.983
3.2e+09	2.5e+06	-21.576
3.3e+09	2.5e+06	-22.069
3.4e+09	2.5e+06	-22.56
3.5e+09	2.5e+06	-22.853
3.6e+09	2.5e+06	-23.231
3.7e+09	2.5e+06	-23.139
3.8e+09	2.5e+06	-23.408
3.9e+09	2.5e+06	-23.607
4e+09	2.5e+06	-24.043
4.1e+09	2.5e+06	-24.842
4.2e+09	2.5e+06	-25.887
4.3e+09	2.5e+06	-26.847
4.4e+09	2.5e+06	-27.542
4e+08	3e+06	-14.313
5e+08	3e+06	-14.281
6e+08	3e+06	-14.277
7e+08	3e+06	-14.508
8e+08	3e+06	-14.667
9e+08	3e+06	-14.834
1e+09	3e+06	-15.487
1.1e+09	3e+06	-16.363
1.2e+09	3e+06	-16.55
1.3e+09	3e+06	-16.301
1.4e+09	3e+06	-16.813
1.5e+09	3e+06	-17.213
1.6e+09	3e+06	-17.8
1.7e+09	3e+06	-17.329
1.8e+09	3e+06	-17.344
1.9e+09	3e+06	-17.614
2e+09	3e+06	-18.453
2.1e+09	3e+06	-18.732
2.2e+09	3e+06	-18.852
2.3e+09	3e+06	-19.188
2.4e+09	3e+06	-19.767
2.5e+09	3e+06	-20.107
2.6e+09	3e+06	-20.155
2.7e+09	3e+06	-19.988
2.8e+09	3e+06	-20.082
2.9e+09	3e+06	-20.153
3e+09	3e+06	-20.457
3.1e+09	3e+06	-20.988
3.2e+09	3e+06	-21.582
3.3e+09	3e+06	-22.087
3.4e+09	3e+06	-22.572
3.5e+09	3e+06	-22.864
3.6e+09	3e+06	-23.236
3.7e+09	3e+06	-23.147
3.8e+09	3e+06	-23.407
3.9e+09	3e+06	-23.616
4e+09	3e+06	-24.051
4.1e+09	3e+06	-24.858
4.2e+09	3e+06	-25.901
4.3e+09	3e+06	-26.86
4.4e+09	3e+06	-27.561
4e+08	3.5e+06	-14.317
5e+08	3.5e+06	-14.286
6e+08	3.5e+06	-14.277
7e+08	3.5e+06	-14.512
8e+08	3.5e+06	-14.676
9e+08	3.5e+06	-14.848
1e+09	3.5e+06	-15.485
1.1e+09	3.5e+06	-16.376
1.2e+09	3.5e+06	-16.542
1.3e+09	3.5e+06	-16.31
1.4e+09	3.5e+06	-16.82
1.5e+09	3.5e+06	-17.223
1.6e+09	3.5e+06	-17.811
1.7e+09	3.5e+06	-17.331
1.8e+09	3.5e+06	-17.36
1.9e+09	3.5e+06	-17.623
2e+09	3.5e+06	-18.47
2.1e+09	3.5e+06	-18.735
2.2e+09	3.5e+06	-18.861
2.3e+09	3.5e+06	-19.196
2.4e+09	3.5e+06	-19.777
2.5e+09	3.5e+06	-20.114
2.6e+09	3.5e+06	-20.153
2.7e+09	3.5e+06	-19.995
2.8e+09	3.5e+06	-20.088
2.9e+09	3.5e+06	-20.16
3e+09	3.5e+06	-20.467
3.1e+09	3.5e+06	-21
3.2e+09	3.5e+06	-21.587
3.3e+09	3.5e+06	-22.101
3.4e+09	3.5e+06	-22.583
3.5e+09	3.5e+06	-22.873
3.6e+09	3.5e+06	-23.229
3.7e+09	3.5e+06	-23.155
3.8e+09	3.5e+06	-23.415
3.9e+09	3.5e+06	-23.623
4e+09	3.5e+06	-24.058
4.1e+09	3.5e+06	-24.861
4.2e+09	3.5e+06	-25.912
4.3e+09	3.5e+06	-26.871
4.4e+09	3.5e+06	-27.578
4e+08	4e+06	-14.306
5e+08	4e+06	-14.293
6e+08	4e+06	-14.268
7e+08	4e+06	-14.511
8e+08	4e+06	-14.683
9e+08	4e+06	-14.861
1e+09	4e+06	-15.493
1.1e+09	4e+06	-16.375
1.2e+09	4e+06	-16.545
1.3e+09	4e+06	-16.318
1.4e+09	4e+06	-16.826
1.5e+09	4e+06	-17.232
1.6e+09	4e+06	-17.821
1.7e+09	4e+06	-17.331
1.8e+09	4e+06	-17.373
1.9e+09	4e+06	-17.62
2e+09	4e+06	-18.485
2.1e+09	4e+06	-18.727
2.2e+09	4e+06	-18.869
2.3e+09	4e+06	-19.203
2.4e+09	4e+06	-19.795
2.5e+09	4e+06	-20.119
2.6e+09	4e+06	-20.161
2.7e+09	4e+06	-20.001
2.8e+09	4e+06	-20.083
2.9e+09	4e+06	-20.165
3e+09	4e+06	-20.477
3.1e+09	4e+06	-21.012
3.2e+09	4e+06	-21.582
3.3e+09	4e+06	-22.114
3.4e+09	4e+06	-22.592
3.5e+09	4e+06	-22.88
3.6e+09	4e+06	-23.23
3.7e+09	4e+06	-23.163
3.8e+09	4e+06	-23.422
3.9e+09	4e+06	-23.63
4e+09	4e+06	-24.065
4.1e+09	4e+06	-24.874
4.2e+09	4e+06	-25.923
4.3e+09	4e+06	-26.882
4.4e+09	4e+06	-27.593
4e+08	4.5e+06	-14.31
5e+08	4.5e+06	-14.298
6e+08	4.5e+06	-14.272
7e+08	4.5e+06	-14.522
8e+08	4.5e+06	-14.676
9e+08	4.5e+06	-14.873
1e+09	4.5e+06	-15.501
1.1e+09	4.5e+06	-16.384
1.2e+09	4.5e+06	-16.546
1.3e+09	4.5e+06	-16.327
1.4e+09	4.5e+06	-16.83
1.5e+09	4.5e+06	-17.243
1.6e+09	4.5e+06	-17.829
1.7e+09	4.5e+06	-17.331
1.8e+09	4.5e+06	-17.387
1.9e+09	4.5e+06	-17.627
2e+09	4.5e+06	-18.5
2.1e+09	4.5e+06	-18.728
2.2e+09	4.5e+06	-18.876
2.3e+09	4.5e+06	-19.21
2.4e+09	4.5e+06	-19.804
2.5e+09	4.5e+06	-20.127
2.6e+09	4.5e+06	-20.169
2.7e+09	4.5e+06	-20.006
2.8e+09	4.5e+06	-20.088
2.9e+09	4.5e+06	-20.17
3e+09	4.5e+06	-20.486
3.1e+09	4.5e+06	-21.024
3.2e+09	4.5e+06	-21.586
3.3e+09	4.5e+06	-22.128
3.4e+09	4.5e+06	-22.602
3.5e+09	4.5e+06	-22.889
3.6e+09	4.5e+06	-23.232
3.7e+09	4.5e+06	-23.171
3.8e+09	4.5e+06	-23.43
3.9e+09	4.5e+06	-23.635
4e+09	4.5e+06	-24.072
4.1e+09	4.5e+06	-24.888
4.2e+09	4.5e+06	-25.933
4.3e+09	4.5e+06	-26.893
4.4e+09	4.5e+06	-27.599
4e+08	5e+06	-14.311
5e+08	5e+06	-14.302
6e+08	5e+06	-14.275
7e+08	5e+06	-14.534
8e+08	5e+06	-14.683
9e+08	5e+06	-14.885
1e+09	5e+06	-15.508
1.1e+09	5e+06	-16.383
1.2e+09	5e+06	-16.549
1.3e+09	5e+06	-16.334
1.4e+09	5e+06	-16.834
1.5e+09	5e+06	-17.254
1.6e+09	5e+06	-17.826
1.7e+09	5e+06	-17.333
1.8e+09	5e+06	-17.402
1.9e+09	5e+06	-17.634
2e+09	5e+06	-18.515
2.1e+09	5e+06	-18.729
2.2e+09	5e+06	-18.883
2.3e+09	5e+06	-19.216
2.4e+09	5e+06	-19.812
2.5e+09	5e+06	-20.134
2.6e+09	5e+06	-20.175
2.7e+09	5e+06	-20.003
2.8e+09	5e+06	-20.092
2.9e+09	5e+06	-20.176
3e+09	5e+06	-20.494
3.1e+09	5e+06	-21.035
3.2e+09	5e+06	-21.591
3.3e+09	5e+06	-22.14
3.4e+09	5e+06	-22.61
3.5e+09	5e+06	-22.895
3.6e+09	5e+06	-23.234
3.7e+09	5e+06	-23.177
3.8e+09	5e+06	-23.437
3.9e+09	5e+06	-23.641
4e+09	5e+06	-24.078
4.1e+09	5e+06	-24.9
4.2e+09	5e+06	-25.943
4.3e+09	5e+06	-26.903
4.4e+09	5e+06	-27.615
4e+08	5.5e+06	-14.313
5e+08	5.5e+06	-14.306
6e+08	5.5e+06	-14.278
7e+08	5.5e+06	-14.543
8e+08	5.5e+06	-14.688
9e+08	5.5e+06	-14.896
1e+09	5.5e+06	-15.515
1.1e+09	5.5e+06	-16.392
1.2e+09	5.5e+06	-16.548
1.3e+09	5.5e+06	-16.329
1.4e+09	5.5e+06	-16.838
1.5e+09	5.5e+06	-17.264
1.6e+09	5.5e+06	-17.834
1.7e+09	5.5e+06	-17.332
1.8e+09	5.5e+06	-17.414
1.9e+09	5.5e+06	-17.641
2e+09	5.5e+06	-18.528
2.1e+09	5.5e+06	-18.729
2.2e+09	5.5e+06	-18.889
2.3e+09	5.5e+06	-19.223
2.4e+09	5.5e+06	-19.819
2.5e+09	5.5e+06	-20.139
2.6e+09	5.5e+06	-20.182
2.7e+09	5.5e+06	-20.006
2.8e+09	5.5e+06	-20.096
2.9e+09	5.5e+06	-20.18
3e+09	5.5e+06	-20.501
3.1e+09	5.5e+06	-21.045
3.2e+09	5.5e+06	-21.595
3.3e+09	5.5e+06	-22.153
3.4e+09	5.5e+06	-22.619
3.5e+09	5.5e+06	-22.903
3.6e+09	5.5e+06	-23.234
3.7e+09	5.5e+06	-23.184
3.8e+09	5.5e+06	-23.443
3.9e+09	5.5e+06	-23.646
4e+09	5.5e+06	-24.085
4.1e+09	5.5e+06	-24.912
4.2e+09	5.5e+06	-25.953
4.3e+09	5.5e+06	-26.902
4.4e+09	5.5e+06	-27.628
4e+08	6e+06	-14.312
5e+08	6e+06	-14.309
6e+08	6e+06	-14.28
7e+08	6e+06	-14.553
8e+08	6e+06	-14.692
9e+08	6e+06	-14.905
1e+09	6e+06	-15.519
1.1e+09	6e+06	-16.399
1.2e+09	6e+06	-16.548
1.3e+09	6e+06	-16.323
1.4e+09	6e+06	-16.84
1.5e+09	6e+06	-17.261
1.6e+09	6e+06	-17.839
1.7e+09	6e+06	-17.331
1.8e+09	6e+06	-17.415
1.9e+09	6e+06	-17.646
2e+09	6e+06	-18.54
2.1e+09	6e+06	-18.727
2.2e+09	6e+06	-18.893
2.3e+09	6e+06	-19.226
2.4e+09	6e+06	-19.824
2.5e+09	6e+06	-20.142
2.6e+09	6e+06	-20.187
2.7e+09	6e+06	-20.008
2.8e+09	6e+06	-20.097
2.9e+09	6e+06	-20.182
3e+09	6e+06	-20.507
3.1e+09	6e+06	-21.053
3.2e+09	6e+06	-21.597
3.3e+09	6e+06	-22.164
3.4e+09	6e+06	-22.624
3.5e+09	6e+06	-22.907
3.6e+09	6e+06	-23.233
3.7e+09	6e+06	-23.189
3.8e+09	6e+06	-23.447
3.9e+09	6e+06	-23.659
4e+09	6e+06	-24.088
4.1e+09	6e+06	-24.932
4.2e+09	6e+06	-25.96
4.3e+09	6e+06	-26.909
4.4e+09	6e+06	-27.64
4e+08	6.5e+06	-14.311
5e+08	6.5e+06	-14.298
6e+08	6.5e+06	-14.28
7e+08	6.5e+06	-14.56
8e+08	6.5e+06	-14.695
9e+08	6.5e+06	-14.901
1e+09	6.5e+06	-15.524
1.1e+09	6.5e+06	-16.407
1.2e+09	6.5e+06	-16.545
1.3e+09	6.5e+06	-16.327
1.4e+09	6.5e+06	-16.839
1.5e+09	6.5e+06	-17.27
1.6e+09	6.5e+06	-17.843
1.7e+09	6.5e+06	-17.32
1.8e+09	6.5e+06	-17.424
1.9e+09	6.5e+06	-17.65
2e+09	6.5e+06	-18.54
2.1e+09	6.5e+06	-18.724
2.2e+09	6.5e+06	-18.896
2.3e+09	6.5e+06	-19.239
2.4e+09	6.5e+06	-19.828
2.5e+09	6.5e+06	-20.145
2.6e+09	6.5e+06	-20.191
2.7e+09	6.5e+06	-20.01
2.8e+09	6.5e+06	-20.097
2.9e+09	6.5e+06	-20.194
3e+09	6.5e+06	-20.512
3.1e+09	6.5e+06	-21.06
3.2e+09	6.5e+06	-21.597
3.3e+09	6.5e+06	-22.173
3.4e+09	6.5e+06	-22.629
3.5e+09	6.5e+06	-22.91
3.6e+09	6.5e+06	-23.231
3.7e+09	6.5e+06	-23.193
3.8e+09	6.5e+06	-23.44
3.9e+09	6.5e+06	-23.671
4e+09	6.5e+06	-24.092
4.1e+09	6.5e+06	-24.941
4.2e+09	6.5e+06	-25.966
4.3e+09	6.5e+06	-26.916
4.4e+09	6.5e+06	-27.651
4e+08	7e+06	-14.31
5e+08	7e+06	-14.299
6e+08	7e+06	-14.282
7e+08	7e+06	-14.569
8e+08	7e+06	-14.699
9e+08	7e+06	-14.911
1e+09	7e+06	-15.528
1.1e+09	7e+06	-16.414
1.2e+09	7e+06	-16.543
1.3e+09	7e+06	-16.333
1.4e+09	7e+06	-16.83
1.5e+09	7e+06	-17.279
1.6e+09	7e+06	-17.849
1.7e+09	7e+06	-17.33
1.8e+09	7e+06	-17.434
1.9e+09	7e+06	-17.655
2e+09	7e+06	-18.55
2.1e+09	7e+06	-18.722
2.2e+09	7e+06	-18.892
2.3e+09	7e+06	-19.243
2.4e+09	7e+06	-19.833
2.5e+09	7e+06	-20.149
2.6e+09	7e+06	-20.195
2.7e+09	7e+06	-20.013
2.8e+09	7e+06	-20.098
2.9e+09	7e+06	-20.197
3e+09	7e+06	-20.518
3.1e+09	7e+06	-21.067
3.2e+09	7e+06	-21.589
3.3e+09	7e+06	-22.183
3.4e+09	7e+06	-22.634
3.5e+09	7e+06	-22.915
3.6e+09	7e+06	-23.23
3.7e+09	7e+06	-23.199
3.8e+09	7e+06	-23.444
3.9e+09	7e+06	-23.674
4e+09	7e+06	-24.096
4.1e+09	7e+06	-24.951
4.2e+09	7e+06	-25.973
4.3e+09	7e+06	-26.923
4.4e+09	7e+06	-27.664
4e+08	7.5e+06	-14.311
5e+08	7.5e+06	-14.303
6e+08	7.5e+06	-14.284
7e+08	7.5e+06	-14.581
8e+08	7.5e+06	-14.691
9e+08	7.5e+06	-14.922
1e+09	7.5e+06	-15.534
1.1e+09	7.5e+06	-16.423
1.2e+09	7.5e+06	-16.543
1.3e+09	7.5e+06	-16.341
1.4e+09	7.5e+06	-16.843
1.5e+09	7.5e+06	-17.29
1.6e+09	7.5e+06	-17.855
1.7e+09	7.5e+06	-17.333
1.8e+09	7.5e+06	-17.446
1.9e+09	7.5e+06	-17.664
2e+09	7.5e+06	-18.563
2.1e+09	7.5e+06	-18.721
2.2e+09	7.5e+06	-18.897
2.3e+09	7.5e+06	-19.25
2.4e+09	7.5e+06	-19.841
2.5e+09	7.5e+06	-20.156
2.6e+09	7.5e+06	-20.201
2.7e+09	7.5e+06	-20.008
2.8e+09	7.5e+06	-20.102
2.9e+09	7.5e+06	-20.201
3e+09	7.5e+06	-20.525
3.1e+09	7.5e+06	-21.077
3.2e+09	7.5e+06	-21.594
3.3e+09	7.5e+06	-22.195
3.4e+09	7.5e+06	-22.642
3.5e+09	7.5e+06	-22.922
3.6e+09	7.5e+06	-23.231
3.7e+09	7.5e+06	-23.207
3.8e+09	7.5e+06	-23.449
3.9e+09	7.5e+06	-23.679
4e+09	7.5e+06	-24.104
4.1e+09	7.5e+06	-24.963
4.2e+09	7.5e+06	-25.981
4.3e+09	7.5e+06	-26.932
4.4e+09	7.5e+06	-27.676
4e+08	8e+06	-14.314
5e+08	8e+06	-14.307
6e+08	8e+06	-14.29
7e+08	8e+06	-14.592
8e+08	8e+06	-14.699
9e+08	8e+06	-14.934
1e+09	8e+06	-15.542
1.1e+09	8e+06	-16.435
1.2e+09	8e+06	-16.556
1.3e+09	8e+06	-16.35
1.4e+09	8e+06	-16.846
1.5e+09	8e+06	-17.305
1.6e+09	8e+06	-17.852
1.7e+09	8e+06	-17.337
1.8e+09	8e+06	-17.46
1.9e+09	8e+06	-17.681
2e+09	8e+06	-18.576
2.1e+09	8e+06	-18.723
2.2e+09	8e+06	-18.905
2.3e+09	8e+06	-19.258
2.4e+09	8e+06	-19.849
2.5e+09	8e+06	-20.163
2.6e+09	8e+06	-20.21
2.7e+09	8e+06	-20.014
2.8e+09	8e+06	-20.105
2.9e+09	8e+06	-20.208
3e+09	8e+06	-20.533
3.1e+09	8e+06	-21.088
3.2e+09	8e+06	-21.599
3.3e+09	8e+06	-22.209
3.4e+09	8e+06	-22.65
3.5e+09	8e+06	-22.929
3.6e+09	8e+06	-23.233
3.7e+09	8e+06	-23.216
3.8e+09	8e+06	-23.456
3.9e+09	8e+06	-23.685
4e+09	8e+06	-24.111
4.1e+09	8e+06	-24.976
4.2e+09	8e+06	-25.991
4.3e+09	8e+06	-26.943
4.4e+09	8e+06	-27.692
4e+08	8.5e+06	-14.318
5e+08	8.5e+06	-14.314
6e+08	8.5e+06	-14.297
7e+08	8.5e+06	-14.606
8e+08	8.5e+06	-14.708
9e+08	8.5e+06	-14.947
1e+09	8.5e+06	-15.55
1.1e+09	8.5e+06	-16.447
1.2e+09	8.5e+06	-16.557
1.3e+09	8.5e+06	-16.361
1.4e+09	8.5e+06	-16.852
1.5e+09	8.5e+06	-17.321
1.6e+09	8.5e+06	-17.861
1.7e+09	8.5e+06	-17.343
1.8e+09	8.5e+06	-17.474
1.9e+09	8.5e+06	-17.692
2e+09	8.5e+06	-18.58
2.1e+09	8.5e+06	-18.736
2.2e+09	8.5e+06	-18.913
2.3e+09	8.5e+06	-19.258
2.4e+09	8.5e+06	-19.849
2.5e+09	8.5e+06	-20.173
2.6e+09	8.5e+06	-20.22
2.7e+09	8.5e+06	-20.021
2.8e+09	8.5e+06	-20.112
2.9e+09	8.5e+06	-20.216
3e+09	8.5e+06	-20.553
3.1e+09	8.5e+06	-21.09
3.2e+09	8.5e+06	-21.606
3.3e+09	8.5e+06	-22.224
3.4e+09	8.5e+06	-22.659
3.5e+09	8.5e+06	-22.939
3.6e+09	8.5e+06	-23.236
3.7e+09	8.5e+06	-23.239
3.8e+09	8.5e+06	-23.454
3.9e+09	8.5e+06	-23.693
4e+09	8.5e+06	-24.101
4.1e+09	8.5e+06	-24.992
4.2e+09	8.5e+06	-26.003
4.3e+09	8.5e+06	-26.955
4.4e+09	8.5e+06	-27.718
4e+08	9e+06	-14.334
5e+08	9e+06	-14.333
6e+08	9e+06	-14.317
7e+08	9e+06	-14.633
8e+08	9e+06	-14.731
9e+08	9e+06	-14.975
1e+09	9e+06	-15.574
1.1e+09	9e+06	-16.473
1.2e+09	9e+06	-16.574
1.3e+09	9e+06	-16.375
1.4e+09	9e+06	-16.871
1.5e+09	9e+06	-17.352
1.6e+09	9e+06	-17.884
1.7e+09	9e+06	-17.364
1.8e+09	9e+06	-17.503
1.9e+09	9e+06	-17.716
2e+09	9e+06	-18.607
2.1e+09	9e+06	-18.751
2.2e+09	9e+06	-18.936
2.3e+09	9e+06	-19.282
2.4e+09	9e+06	-19.874
2.5e+09	9e+06	-20.196
2.6e+09	9e+06	-20.242
2.7e+09	9e+06	-20.043
2.8e+09	9e+06	-20.131
2.9e+09	9e+06	-20.237
3e+09	9e+06	-20.576
3.1e+09	9e+06	-21.116
3.2e+09	9e+06	-21.626
3.3e+09	9e+06	-22.253
3.4e+09	9e+06	-22.683
3.5e+09	9e+06	-22.962
3.6e+09	9e+06	-23.254
3.7e+09	9e+06	-23.264
3.8e+09	9e+06	-23.476
3.9e+09	9e+06	-23.714
4e+09	9e+06	-24.124
4.1e+09	9e+06	-25.02
4.2e+09	9e+06	-26.027
4.3e+09	9e+06	-26.981
4.4e+09	9e+06	-27.747
4e+08	9.5e+06	-14.399
5e+08	9.5e+06	-14.402
6e+08	9.5e+06	-14.381
7e+08	9.5e+06	-14.701
8e+08	9.5e+06	-14.802
9e+08	9.5e+06	-15.05
1e+09	9.5e+06	-15.632
1.1e+09	9.5e+06	-16.546
1.2e+09	9.5e+06	-16.624
1.3e+09	9.5e+06	-16.448
1.4e+09	9.5e+06	-16.938
1.5e+09	9.5e+06	-17.429
1.6e+09	9.5e+06	-17.953
1.7e+09	9.5e+06	-17.432
1.8e+09	9.5e+06	-17.578
1.9e+09	9.5e+06	-17.788
2e+09	9.5e+06	-18.682
2.1e+09	9.5e+06	-18.815
2.2e+09	9.5e+06	-19.005
2.3e+09	9.5e+06	-19.353
2.4e+09	9.5e+06	-19.944
2.5e+09	9.5e+06	-20.268
2.6e+09	9.5e+06	-20.306
2.7e+09	9.5e+06	-20.111
2.8e+09	9.5e+06	-20.198
2.9e+09	9.5e+06	-20.306
3e+09	9.5e+06	-20.648
3.1e+09	9.5e+06	-21.188
3.2e+09	9.5e+06	-21.685
3.3e+09	9.5e+06	-22.328
3.4e+09	9.5e+06	-22.753
3.5e+09	9.5e+06	-23.032
3.6e+09	9.5e+06	-23.308
3.7e+09	9.5e+06	-23.336
3.8e+09	9.5e+06	-23.545
3.9e+09	9.5e+06	-23.783
4e+09	9.5e+06	-24.194
4.1e+09	9.5e+06	-25.085
4.2e+09	9.5e+06	-26.097
4.3e+09	9.5e+06	-27.053
4.4e+09	9.5e+06	-27.822
4e+08	1e+07	-14.575
5e+08	1e+07	-14.578
6e+08	1e+07	-14.561
7e+08	1e+07	-14.887
8e+08	1e+07	-14.982
9e+08	1e+07	-15.235
1e+09	1e+07	-15.812
1.1e+09	1e+07	-16.73
1.2e+09	1e+07	-16.797
1.3e+09	1e+07	-16.632
1.4e+09	1e+07	-17.113
1.5e+09	1e+07	-17.617
1.6e+09	1e+07	-18.132
1.7e+09	1e+07	-17.611
1.8e+09	1e+07	-17.752
1.9e+09	1e+07	-17.97
2e+09	1e+07	-18.866
2.1e+09	1e+07	-18.989
2.2e+09	1e+07	-19.173
2.3e+09	1e+07	-19.535
2.4e+09	1e+07	-20.124
2.5e+09	1e+07	-20.448
2.6e+09	1e+07	-20.495
2.7e+09	1e+07	-20.289
2.8e+09	1e+07	-20.374
2.9e+09	1e+07	-20.485
3e+09	1e+07	-20.828
3.1e+09	1e+07	-21.369
3.2e+09	1e+07	-21.862
3.3e+09	1e+07	-22.514
3.4e+09	1e+07	-22.931
3.5e+09	1e+07	-23.21
3.6e+09	1e+07	-23.47
3.7e+09	1e+07	-23.517
3.8e+09	1e+07	-23.722
3.9e+09	1e+07	-23.958
4e+09	1e+07	-24.374
4.1e+09	1e+07	-25.267
4.2e+09	1e+07	-26.275
4.3e+09	1e+07	-27.232
4.4e+09	1e+07	-28.003
4e+08	1.05e+07	-14.949
5e+08	1.05e+07	-14.955
6e+08	1.05e+07	-14.939
7e+08	1.05e+07	-15.271
8e+08	1.05e+07	-15.348
9e+08	1.05e+07	-15.619
1e+09	1.05e+07	-16.19
1.1e+09	1.05e+07	-17.112
1.2e+09	1.05e+07	-17.168
1.3e+09	1.05e+07	-17.013
1.4e+09	1.05e+07	-17.487
1.5e+09	1.05e+07	-18.004
1.6e+09	1.05e+07	-18.508
1.7e+09	1.05e+07	-17.977
1.8e+09	1.05e+07	-18.136
1.9e+09	1.05e+07	-18.35
2e+09	1.05e+07	-19.247
2.1e+09	1.05e+07	-19.36
2.2e+09	1.05e+07	-19.55
2.3e+09	1.05e+07	-19.912
2.4e+09	1.05e+07	-20.503
2.5e+09	1.05e+07	-20.826
2.6e+09	1.05e+07	-20.871
2.7e+09	1.05e+07	-20.663
2.8e+09	1.05e+07	-20.747
2.9e+09	1.05e+07	-20.86
3e+09	1.05e+07	-21.205
3.1e+09	1.05e+07	-21.748
3.2e+09	1.05e+07	-22.235
3.3e+09	1.05e+07	-22.893
3.4e+09	1.05e+07	-23.306
3.5e+09	1.05e+07	-23.584
3.6e+09	1.05e+07	-23.838
3.7e+09	1.05e+07	-23.893
3.8e+09	1.05e+07	-24.095
3.9e+09	1.05e+07	-24.33
4e+09	1.05e+07	-24.747
4.1e+09	1.05e+07	-25.644
4.2e+09	1.05e+07	-26.646
4.3e+09	1.05e+07	-27.602
4.4e+09	1.05e+07	-28.366
4e+08	1.1e+07	-15.626
5e+08	1.1e+07	-15.635
6e+08	1.1e+07	-15.621
7e+08	1.1e+07	-15.945
8e+08	1.1e+07	-16.031
9e+08	1.1e+07	-16.306
1e+09	1.1e+07	-16.872
1.1e+09	1.1e+07	-17.784
1.2e+09	1.1e+07	-17.84
1.3e+09	1.1e+07	-17.696
1.4e+09	1.1e+07	-18.163
1.5e+09	1.1e+07	-18.693
1.6e+09	1.1e+07	-19.186
1.7e+09	1.1e+07	-18.657
1.8e+09	1.1e+07	-18.82
1.9e+09	1.1e+07	-19.022
2e+09	1.1e+07	-19.928
2.1e+09	1.1e+07	-20.022
2.2e+09	1.1e+07	-20.228
2.3e+09	1.1e+07	-20.591
2.4e+09	1.1e+07	-21.19
2.5e+09	1.1e+07	-21.504
2.6e+09	1.1e+07	-21.547
2.7e+09	1.1e+07	-21.338
2.8e+09	1.1e+07	-21.411
2.9e+09	1.1e+07	-21.536
3e+09	1.1e+07	-21.881
3.1e+09	1.1e+07	-22.424
3.2e+09	1.1e+07	-22.907
3.3e+09	1.1e+07	-23.571
3.4e+09	1.1e+07	-23.977
3.5e+09	1.1e+07	-24.255
3.6e+09	1.1e+07	-24.504
3.7e+09	1.1e+07	-24.566
3.8e+09	1.1e+07	-24.763
3.9e+09	1.1e+07	-24.997
4e+09	1.1e+07	-25.416
4.1e+09	1.1e+07	-26.315
4.2e+09	1.1e+07	-27.309
4.3e+09	1.1e+07	-28.265
4.4e+09	1.1e+07	-29.027
4e+08	1.15e+07	-16.718
5e+08	1.15e+07	-16.729
6e+08	1.15e+07	-16.716
7e+08	1.15e+07	-17.045
8e+08	1.15e+07	-17.127
9e+08	1.15e+07	-17.406
1e+09	1.15e+07	-17.966
1.1e+09	1.15e+07	-18.879
1.2e+09	1.15e+07	-18.926
1.3e+09	1.15e+07	-18.793
1.4e+09	1.15e+07	-19.241
1.5e+09	1.15e+07	-19.794
1.6e+09	1.15e+07	-20.275
1.7e+09	1.15e+07	-19.758
1.8e+09	1.15e+07	-19.915
1.9e+09	1.15e+07	-20.115
2e+09	1.15e+07	-21.02
2.1e+09	1.15e+07	-21.105
2.2e+09	1.15e+07	-21.305
2.3e+09	1.15e+07	-21.679
2.4e+09	1.15e+07	-22.276
2.5e+09	1.15e+07	-22.589
2.6e+09	1.15e+07	-22.631
2.7e+09	1.15e+07	-22.421
2.8e+09	1.15e+07	-22.492
2.9e+09	1.15e+07	-22.619
3e+09	1.15e+07	-22.964
3.1e+09	1.15e+07	-23.508
3.2e+09	1.15e+07	-23.986
3.3e+09	1.15e+07	-24.654
3.4e+09	1.15e+07	-25.052
3.5e+09	1.15e+07	-25.33
3.6e+09	1.15e+07	-25.573
3.7e+09	1.15e+07	-25.642
3.8e+09	1.15e+07	-25.836
3.9e+09	1.15e+07	-26.067
4e+09	1.15e+07	-26.485
4.1e+09	1.15e+07	-27.385
4.2e+09	1.15e+07	-28.367
4.3e+09	1.15e+07	-29.321
4.4e+09	1.15e+07	-30.079
4e+08	1.2e+07	-18.331
5e+08	1.2e+07	-18.344
6e+08	1.2e+07	-18.334
7e+08	1.2e+07	-18.668
8e+08	1.2e+07	-18.745
9e+08	1.2e+07	-19.026
1e+09	1.2e+07	-19.581
1.1e+09	1.2e+07	-20.496
1.2e+09	1.2e+07	-20.529
1.3e+09	1.2e+07	-20.409
1.4e+09	1.2e+07	-20.858
1.5e+09	1.2e+07	-21.412
1.6e+09	1.2e+07	-21.881
1.7e+09	1.2e+07	-21.366
1.8e+09	1.2e+07	-21.526
1.9e+09	1.2e+07	-21.724
2e+09	1.2e+07	-22.626
2.1e+09	1.2e+07	-22.703
2.2e+09	1.2e+07	-22.906
2.3e+09	1.2e+07	-23.282
2.4e+09	1.2e+07	-23.874
2.5e+09	1.2e+07	-24.187
2.6e+09	1.2e+07	-24.228
2.7e+09	1.2e+07	-24.016
2.8e+09	1.2e+07	-24.087
2.9e+09	1.2e+07	-24.215
3e+09	1.2e+07	-24.56
3.1e+09	1.2e+07	-25.101
3.2e+09	1.2e+07	-25.564
3.3e+09	1.2e+07	-26.244
3.4e+09	1.2e+07	-26.634
3.5e+09	1.2e+07	-26.909
3.6e+09	1.2e+07	-27.147
3.7e+09	1.2e+07	-27.223
3.8e+09	1.2e+07	-27.411
3.9e+09	1.2e+07	-27.639
4e+09	1.2e+07	-28.058
4.1e+09	1.2e+07	-28.952
4.2e+09	1.2e+07	-29.92
4.3e+09	1.2e+07	-30.867
4.4e+09	1.2e+07	-31.616
