4e+08	-1.2e+07	-18.58
5e+08	-1.2e+07	-18.509
6e+08	-1.2e+07	-18.63
7e+08	-1.2e+07	-18.681
8e+08	-1.2e+07	-18.956
9e+08	-1.2e+07	-18.943
1e+09	-1.2e+07	-19.605
1.1e+09	-1.2e+07	-20.515
1.2e+09	-1.2e+07	-20.803
1.3e+09	-1.2e+07	-20.66
1.4e+09	-1.2e+07	-21.03
1.5e+09	-1.2e+07	-21.62
1.6e+09	-1.2e+07	-21.967
1.7e+09	-1.2e+07	-21.921
1.8e+09	-1.2e+07	-21.389
1.9e+09	-1.2e+07	-21.97
2e+09	-1.2e+07	-22.357
2.1e+09	-1.2e+07	-23.126
2.2e+09	-1.2e+07	-23.135
2.3e+09	-1.2e+07	-23.429
2.4e+09	-1.2e+07	-24.082
2.5e+09	-1.2e+07	-24.495
2.6e+09	-1.2e+07	-24.479
2.7e+09	-1.2e+07	-24.377
2.8e+09	-1.2e+07	-24.448
2.9e+09	-1.2e+07	-24.559
3e+09	-1.2e+07	-24.695
3.1e+09	-1.2e+07	-25.153
3.2e+09	-1.2e+07	-25.976
3.3e+09	-1.2e+07	-26.22
3.4e+09	-1.2e+07	-26.801
3.5e+09	-1.2e+07	-27.202
3.6e+09	-1.2e+07	-27.741
3.7e+09	-1.2e+07	-27.717
3.8e+09	-1.2e+07	-27.821
3.9e+09	-1.2e+07	-28.056
4e+09	-1.2e+07	-28.492
4.1e+09	-1.2e+07	-29.166
4.2e+09	-1.2e+07	-30.233
4.3e+09	-1.2e+07	-31.237
4.4e+09	-1.2e+07	-31.931
4e+08	-1.15e+07	-16.948
5e+08	-1.15e+07	-16.875
6e+08	-1.15e+07	-16.992
7e+08	-1.15e+07	-17.045
8e+08	-1.15e+07	-17.308
9e+08	-1.15e+07	-17.309
1e+09	-1.15e+07	-17.976
1.1e+09	-1.15e+07	-18.884
1.2e+09	-1.15e+07	-19.171
1.3e+09	-1.15e+07	-19.021
1.4e+09	-1.15e+07	-19.4
1.5e+09	-1.15e+07	-19.989
1.6e+09	-1.15e+07	-20.336
1.7e+09	-1.15e+07	-20.277
1.8e+09	-1.15e+07	-19.759
1.9e+09	-1.15e+07	-20.333
2e+09	-1.15e+07	-20.734
2.1e+09	-1.15e+07	-21.492
2.2e+09	-1.15e+07	-21.501
2.3e+09	-1.15e+07	-21.796
2.4e+09	-1.15e+07	-22.448
2.5e+09	-1.15e+07	-22.855
2.6e+09	-1.15e+07	-22.843
2.7e+09	-1.15e+07	-22.74
2.8e+09	-1.15e+07	-22.813
2.9e+09	-1.15e+07	-22.919
3e+09	-1.15e+07	-23.062
3.1e+09	-1.15e+07	-23.524
3.2e+09	-1.15e+07	-24.342
3.3e+09	-1.15e+07	-24.59
3.4e+09	-1.15e+07	-25.172
3.5e+09	-1.15e+07	-25.568
3.6e+09	-1.15e+07	-26.105
3.7e+09	-1.15e+07	-26.073
3.8e+09	-1.15e+07	-26.185
3.9e+09	-1.15e+07	-26.421
4e+09	-1.15e+07	-26.855
4.1e+09	-1.15e+07	-27.534
4.2e+09	-1.15e+07	-28.603
4.3e+09	-1.15e+07	-29.607
4.4e+09	-1.15e+07	-30.29
4e+08	-1.1e+07	-15.845
5e+08	-1.1e+07	-15.771
6e+08	-1.1e+07	-15.883
7e+08	-1.1e+07	-15.94
8e+08	-1.1e+07	-16.204
9e+08	-1.1e+07	-16.207
1e+09	-1.1e+07	-16.866
1.1e+09	-1.1e+07	-17.782
1.2e+09	-1.1e+07	-18.071
1.3e+09	-1.1e+07	-17.901
1.4e+09	-1.1e+07	-18.3
1.5e+09	-1.1e+07	-18.875
1.6e+09	-1.1e+07	-19.235
1.7e+09	-1.1e+07	-19.152
1.8e+09	-1.1e+07	-18.669
1.9e+09	-1.1e+07	-19.227
2e+09	-1.1e+07	-19.64
2.1e+09	-1.1e+07	-20.388
2.2e+09	-1.1e+07	-20.398
2.3e+09	-1.1e+07	-20.694
2.4e+09	-1.1e+07	-21.344
2.5e+09	-1.1e+07	-21.745
2.6e+09	-1.1e+07	-21.737
2.7e+09	-1.1e+07	-21.633
2.8e+09	-1.1e+07	-21.708
2.9e+09	-1.1e+07	-21.808
3e+09	-1.1e+07	-21.959
3.1e+09	-1.1e+07	-22.425
3.2e+09	-1.1e+07	-23.238
3.3e+09	-1.1e+07	-23.492
3.4e+09	-1.1e+07	-24.073
3.5e+09	-1.1e+07	-24.463
3.6e+09	-1.1e+07	-25
3.7e+09	-1.1e+07	-24.958
3.8e+09	-1.1e+07	-25.079
3.9e+09	-1.1e+07	-25.316
4e+09	-1.1e+07	-25.747
4.1e+09	-1.1e+07	-26.433
4.2e+09	-1.1e+07	-27.503
4.3e+09	-1.1e+07	-28.507
4.4e+09	-1.1e+07	-29.19
4e+08	-1.05e+07	-15.16
5e+08	-1.05e+07	-15.086
6e+08	-1.05e+07	-15.194
7e+08	-1.05e+07	-15.246
8e+08	-1.05e+07	-15.518
9e+08	-1.05e+07	-15.522
1e+09	-1.05e+07	-16.185
1.1e+09	-1.05e+07	-17.099
1.2e+09	-1.05e+07	-17.388
1.3e+09	-1.05e+07	-17.21
1.4e+09	-1.05e+07	-17.619
1.5e+09	-1.05e+07	-18.181
1.6e+09	-1.05e+07	-18.553
1.7e+09	-1.05e+07	-18.456
1.8e+09	-1.05e+07	-17.987
1.9e+09	-1.05e+07	-18.53
2e+09	-1.05e+07	-18.966
2.1e+09	-1.05e+07	-19.702
2.2e+09	-1.05e+07	-19.703
2.3e+09	-1.05e+07	-20.011
2.4e+09	-1.05e+07	-20.658
2.5e+09	-1.05e+07	-21.053
2.6e+09	-1.05e+07	-21.049
2.7e+09	-1.05e+07	-20.946
2.8e+09	-1.05e+07	-21.021
2.9e+09	-1.05e+07	-21.117
3e+09	-1.05e+07	-21.276
3.1e+09	-1.05e+07	-21.745
3.2e+09	-1.05e+07	-22.553
3.3e+09	-1.05e+07	-22.811
3.4e+09	-1.05e+07	-23.383
3.5e+09	-1.05e+07	-23.778
3.6e+09	-1.05e+07	-24.313
3.7e+09	-1.05e+07	-24.263
3.8e+09	-1.05e+07	-24.391
3.9e+09	-1.05e+07	-24.631
4e+09	-1.05e+07	-25.058
4.1e+09	-1.05e+07	-25.753
4.2e+09	-1.05e+07	-26.822
4.3e+09	-1.05e+07	-27.825
4.4e+09	-1.05e+07	-28.51
4e+08	-1e+07	-14.782
5e+08	-1e+07	-14.706
6e+08	-1e+07	-14.812
7e+08	-1e+07	-14.866
8e+08	-1e+07	-15.138
9e+08	-1e+07	-15.145
1e+09	-1e+07	-15.813
1.1e+09	-1e+07	-16.723
1.2e+09	-1e+07	-17.012
1.3e+09	-1e+07	-16.826
1.4e+09	-1e+07	-17.244
1.5e+09	-1e+07	-17.795
1.6e+09	-1e+07	-18.176
1.7e+09	-1e+07	-18.065
1.8e+09	-1e+07	-17.613
1.9e+09	-1e+07	-18.149
2e+09	-1e+07	-18.597
2.1e+09	-1e+07	-19.322
2.2e+09	-1e+07	-19.326
2.3e+09	-1e+07	-19.635
2.4e+09	-1e+07	-20.261
2.5e+09	-1e+07	-20.669
2.6e+09	-1e+07	-20.669
2.7e+09	-1e+07	-20.563
2.8e+09	-1e+07	-20.641
2.9e+09	-1e+07	-20.732
3e+09	-1e+07	-20.898
3.1e+09	-1e+07	-21.371
3.2e+09	-1e+07	-22.173
3.3e+09	-1e+07	-22.428
3.4e+09	-1e+07	-23.008
3.5e+09	-1e+07	-23.399
3.6e+09	-1e+07	-23.931
3.7e+09	-1e+07	-23.874
3.8e+09	-1e+07	-24.01
3.9e+09	-1e+07	-24.252
4e+09	-1e+07	-24.675
4.1e+09	-1e+07	-25.377
4.2e+09	-1e+07	-26.447
4.3e+09	-1e+07	-27.451
4.4e+09	-1e+07	-28.136
4e+08	-9.5e+06	-14.605
5e+08	-9.5e+06	-14.528
6e+08	-9.5e+06	-14.63
7e+08	-9.5e+06	-14.688
8e+08	-9.5e+06	-14.959
9e+08	-9.5e+06	-14.969
1e+09	-9.5e+06	-15.641
1.1e+09	-9.5e+06	-16.546
1.2e+09	-9.5e+06	-16.836
1.3e+09	-9.5e+06	-16.644
1.4e+09	-9.5e+06	-17.069
1.5e+09	-9.5e+06	-17.607
1.6e+09	-9.5e+06	-18.002
1.7e+09	-9.5e+06	-17.876
1.8e+09	-9.5e+06	-17.44
1.9e+09	-9.5e+06	-17.958
2e+09	-9.5e+06	-18.43
2.1e+09	-9.5e+06	-19.134
2.2e+09	-9.5e+06	-19.148
2.3e+09	-9.5e+06	-19.45
2.4e+09	-9.5e+06	-20.082
2.5e+09	-9.5e+06	-20.494
2.6e+09	-9.5e+06	-20.488
2.7e+09	-9.5e+06	-20.383
2.8e+09	-9.5e+06	-20.462
2.9e+09	-9.5e+06	-20.548
3e+09	-9.5e+06	-20.723
3.1e+09	-9.5e+06	-21.198
3.2e+09	-9.5e+06	-21.996
3.3e+09	-9.5e+06	-22.255
3.4e+09	-9.5e+06	-22.835
3.5e+09	-9.5e+06	-23.222
3.6e+09	-9.5e+06	-23.752
3.7e+09	-9.5e+06	-23.675
3.8e+09	-9.5e+06	-23.829
3.9e+09	-9.5e+06	-24.074
4e+09	-9.5e+06	-24.505
4.1e+09	-9.5e+06	-25.203
4.2e+09	-9.5e+06	-26.274
4.3e+09	-9.5e+06	-27.276
4.4e+09	-9.5e+06	-27.963
4e+08	-9e+06	-14.539
5e+08	-9e+06	-14.462
6e+08	-9e+06	-14.555
7e+08	-9e+06	-14.621
8e+08	-9e+06	-14.879
9e+08	-9e+06	-14.904
1e+09	-9e+06	-15.58
1.1e+09	-9e+06	-16.482
1.2e+09	-9e+06	-16.772
1.3e+09	-9e+06	-16.573
1.4e+09	-9e+06	-17.006
1.5e+09	-9e+06	-17.533
1.6e+09	-9e+06	-17.939
1.7e+09	-9e+06	-17.798
1.8e+09	-9e+06	-17.378
1.9e+09	-9e+06	-17.889
2e+09	-9e+06	-18.376
2.1e+09	-9e+06	-19.065
2.2e+09	-9e+06	-19.081
2.3e+09	-9e+06	-19.386
2.4e+09	-9e+06	-20.015
2.5e+09	-9e+06	-20.422
2.6e+09	-9e+06	-20.419
2.7e+09	-9e+06	-20.314
2.8e+09	-9e+06	-20.393
2.9e+09	-9e+06	-20.475
3e+09	-9e+06	-20.657
3.1e+09	-9e+06	-21.137
3.2e+09	-9e+06	-21.928
3.3e+09	-9e+06	-22.194
3.4e+09	-9e+06	-22.774
3.5e+09	-9e+06	-23.166
3.6e+09	-9e+06	-23.671
3.7e+09	-9e+06	-23.599
3.8e+09	-9e+06	-23.76
3.9e+09	-9e+06	-23.996
4e+09	-9e+06	-24.435
4.1e+09	-9e+06	-25.129
4.2e+09	-9e+06	-26.212
4.3e+09	-9e+06	-27.213
4.4e+09	-9e+06	-27.902
4e+08	-8.5e+06	-14.52
5e+08	-8.5e+06	-14.444
6e+08	-8.5e+06	-14.532
7e+08	-8.5e+06	-14.601
8e+08	-8.5e+06	-14.859
9e+08	-8.5e+06	-14.888
1e+09	-8.5e+06	-15.565
1.1e+09	-8.5e+06	-16.467
1.2e+09	-8.5e+06	-16.755
1.3e+09	-8.5e+06	-16.549
1.4e+09	-8.5e+06	-16.98
1.5e+09	-8.5e+06	-17.495
1.6e+09	-8.5e+06	-17.923
1.7e+09	-8.5e+06	-17.768
1.8e+09	-8.5e+06	-17.364
1.9e+09	-8.5e+06	-17.867
2e+09	-8.5e+06	-18.368
2.1e+09	-8.5e+06	-19.045
2.2e+09	-8.5e+06	-19.063
2.3e+09	-8.5e+06	-19.371
2.4e+09	-8.5e+06	-19.996
2.5e+09	-8.5e+06	-20.397
2.6e+09	-8.5e+06	-20.398
2.7e+09	-8.5e+06	-20.292
2.8e+09	-8.5e+06	-20.373
2.9e+09	-8.5e+06	-20.451
3e+09	-8.5e+06	-20.64
3.1e+09	-8.5e+06	-21.124
3.2e+09	-8.5e+06	-21.908
3.3e+09	-8.5e+06	-22.182
3.4e+09	-8.5e+06	-22.76
3.5e+09	-8.5e+06	-23.147
3.6e+09	-8.5e+06	-23.649
3.7e+09	-8.5e+06	-23.571
3.8e+09	-8.5e+06	-23.74
3.9e+09	-8.5e+06	-23.976
4e+09	-8.5e+06	-24.411
4.1e+09	-8.5e+06	-25.114
4.2e+09	-8.5e+06	-26.197
4.3e+09	-8.5e+06	-27.198
4.4e+09	-8.5e+06	-27.89
4e+08	-8e+06	-14.516
5e+08	-8e+06	-14.438
6e+08	-8e+06	-14.523
7e+08	-8e+06	-14.596
8e+08	-8e+06	-14.853
9e+08	-8e+06	-14.872
1e+09	-8e+06	-15.565
1.1e+09	-8e+06	-16.465
1.2e+09	-8e+06	-16.752
1.3e+09	-8e+06	-16.54
1.4e+09	-8e+06	-16.978
1.5e+09	-8e+06	-17.483
1.6e+09	-8e+06	-17.923
1.7e+09	-8e+06	-17.752
1.8e+09	-8e+06	-17.354
1.9e+09	-8e+06	-17.861
2e+09	-8e+06	-18.376
2.1e+09	-8e+06	-19.038
2.2e+09	-8e+06	-19.07
2.3e+09	-8e+06	-19.37
2.4e+09	-8e+06	-19.992
2.5e+09	-8e+06	-20.377
2.6e+09	-8e+06	-20.392
2.7e+09	-8e+06	-20.285
2.8e+09	-8e+06	-20.366
2.9e+09	-8e+06	-20.441
3e+09	-8e+06	-20.637
3.1e+09	-8e+06	-21.124
3.2e+09	-8e+06	-21.901
3.3e+09	-8e+06	-22.182
3.4e+09	-8e+06	-22.76
3.5e+09	-8e+06	-23.141
3.6e+09	-8e+06	-23.641
3.7e+09	-8e+06	-23.557
3.8e+09	-8e+06	-23.733
3.9e+09	-8e+06	-23.97
4e+09	-8e+06	-24.402
4.1e+09	-8e+06	-25.102
4.2e+09	-8e+06	-26.197
4.3e+09	-8e+06	-27.197
4.4e+09	-8e+06	-27.88
4e+08	-7.5e+06	-14.512
5e+08	-7.5e+06	-14.435
6e+08	-7.5e+06	-14.516
7e+08	-7.5e+06	-14.594
8e+08	-7.5e+06	-14.85
9e+08	-7.5e+06	-14.872
1e+09	-7.5e+06	-15.567
1.1e+09	-7.5e+06	-16.463
1.2e+09	-7.5e+06	-16.75
1.3e+09	-7.5e+06	-16.533
1.4e+09	-7.5e+06	-16.979
1.5e+09	-7.5e+06	-17.473
1.6e+09	-7.5e+06	-17.923
1.7e+09	-7.5e+06	-17.737
1.8e+09	-7.5e+06	-17.356
1.9e+09	-7.5e+06	-17.845
2e+09	-7.5e+06	-18.393
2.1e+09	-7.5e+06	-19.034
2.2e+09	-7.5e+06	-19.057
2.3e+09	-7.5e+06	-19.371
2.4e+09	-7.5e+06	-19.988
2.5e+09	-7.5e+06	-20.369
2.6e+09	-7.5e+06	-20.388
2.7e+09	-7.5e+06	-20.279
2.8e+09	-7.5e+06	-20.362
2.9e+09	-7.5e+06	-20.432
3e+09	-7.5e+06	-20.635
3.1e+09	-7.5e+06	-21.125
3.2e+09	-7.5e+06	-21.896
3.3e+09	-7.5e+06	-22.176
3.4e+09	-7.5e+06	-22.761
3.5e+09	-7.5e+06	-23.138
3.6e+09	-7.5e+06	-23.635
3.7e+09	-7.5e+06	-23.545
3.8e+09	-7.5e+06	-23.728
3.9e+09	-7.5e+06	-23.966
4e+09	-7.5e+06	-24.395
4.1e+09	-7.5e+06	-25.103
4.2e+09	-7.5e+06	-26.197
4.3e+09	-7.5e+06	-27.197
4.4e+09	-7.5e+06	-27.883
4e+08	-7e+06	-14.508
5e+08	-7e+06	-14.434
6e+08	-7e+06	-14.51
7e+08	-7e+06	-14.592
8e+08	-7e+06	-14.847
9e+08	-7e+06	-14.873
1e+09	-7e+06	-15.569
1.1e+09	-7e+06	-16.464
1.2e+09	-7e+06	-16.75
1.3e+09	-7e+06	-16.526
1.4e+09	-7e+06	-16.979
1.5e+09	-7e+06	-17.475
1.6e+09	-7e+06	-17.925
1.7e+09	-7e+06	-17.724
1.8e+09	-7e+06	-17.36
1.9e+09	-7e+06	-17.841
2e+09	-7e+06	-18.402
2.1e+09	-7e+06	-19.029
2.2e+09	-7e+06	-19.056
2.3e+09	-7e+06	-19.372
2.4e+09	-7e+06	-19.976
2.5e+09	-7e+06	-20.361
2.6e+09	-7e+06	-20.384
2.7e+09	-7e+06	-20.274
2.8e+09	-7e+06	-20.349
2.9e+09	-7e+06	-20.425
3e+09	-7e+06	-20.634
3.1e+09	-7e+06	-21.128
3.2e+09	-7e+06	-21.893
3.3e+09	-7e+06	-22.179
3.4e+09	-7e+06	-22.764
3.5e+09	-7e+06	-23.136
3.6e+09	-7e+06	-23.629
3.7e+09	-7e+06	-23.534
3.8e+09	-7e+06	-23.725
3.9e+09	-7e+06	-23.963
4e+09	-7e+06	-24.389
4.1e+09	-7e+06	-25.105
4.2e+09	-7e+06	-26.199
4.3e+09	-7e+06	-27.2
4.4e+09	-7e+06	-27.887
4e+08	-6.5e+06	-14.495
5e+08	-6.5e+06	-14.435
6e+08	-6.5e+06	-14.506
7e+08	-6.5e+06	-14.593
8e+08	-6.5e+06	-14.834
9e+08	-6.5e+06	-14.876
1e+09	-6.5e+06	-15.574
1.1e+09	-6.5e+06	-16.467
1.2e+09	-6.5e+06	-16.75
1.3e+09	-6.5e+06	-16.522
1.4e+09	-6.5e+06	-16.982
1.5e+09	-6.5e+06	-17.469
1.6e+09	-6.5e+06	-17.929
1.7e+09	-6.5e+06	-17.703
1.8e+09	-6.5e+06	-17.376
1.9e+09	-6.5e+06	-17.838
2e+09	-6.5e+06	-18.415
2.1e+09	-6.5e+06	-19.027
2.2e+09	-6.5e+06	-19.057
2.3e+09	-6.5e+06	-19.375
2.4e+09	-6.5e+06	-19.976
2.5e+09	-6.5e+06	-20.365
2.6e+09	-6.5e+06	-20.383
2.7e+09	-6.5e+06	-20.271
2.8e+09	-6.5e+06	-20.347
2.9e+09	-6.5e+06	-20.42
3e+09	-6.5e+06	-20.636
3.1e+09	-6.5e+06	-21.134
3.2e+09	-6.5e+06	-21.89
3.3e+09	-6.5e+06	-22.186
3.4e+09	-6.5e+06	-22.769
3.5e+09	-6.5e+06	-23.136
3.6e+09	-6.5e+06	-23.625
3.7e+09	-6.5e+06	-23.526
3.8e+09	-6.5e+06	-23.723
3.9e+09	-6.5e+06	-23.961
4e+09	-6.5e+06	-24.385
4.1e+09	-6.5e+06	-25.109
4.2e+09	-6.5e+06	-26.203
4.3e+09	-6.5e+06	-27.202
4.4e+09	-6.5e+06	-27.894
4e+08	-6e+06	-14.496
5e+08	-6e+06	-14.436
6e+08	-6e+06	-14.488
7e+08	-6e+06	-14.594
8e+08	-6e+06	-14.834
9e+08	-6e+06	-14.881
1e+09	-6e+06	-15.579
1.1e+09	-6e+06	-16.47
1.2e+09	-6e+06	-16.74
1.3e+09	-6e+06	-16.52
1.4e+09	-6e+06	-16.986
1.5e+09	-6e+06	-17.463
1.6e+09	-6e+06	-17.933
1.7e+09	-6e+06	-17.692
1.8e+09	-6e+06	-17.383
1.9e+09	-6e+06	-17.837
2e+09	-6e+06	-18.427
2.1e+09	-6e+06	-19.016
2.2e+09	-6e+06	-19.058
2.3e+09	-6e+06	-19.379
2.4e+09	-6e+06	-19.986
2.5e+09	-6e+06	-20.361
2.6e+09	-6e+06	-20.382
2.7e+09	-6e+06	-20.269
2.8e+09	-6e+06	-20.346
2.9e+09	-6e+06	-20.415
3e+09	-6e+06	-20.639
3.1e+09	-6e+06	-21.139
3.2e+09	-6e+06	-21.888
3.3e+09	-6e+06	-22.193
3.4e+09	-6e+06	-22.775
3.5e+09	-6e+06	-23.137
3.6e+09	-6e+06	-23.622
3.7e+09	-6e+06	-23.518
3.8e+09	-6e+06	-23.722
3.9e+09	-6e+06	-23.95
4e+09	-6e+06	-24.381
4.1e+09	-6e+06	-25.115
4.2e+09	-6e+06	-26.208
4.3e+09	-6e+06	-27.206
4.4e+09	-6e+06	-27.902
4e+08	-5.5e+06	-14.495
5e+08	-5.5e+06	-14.435
6e+08	-5.5e+06	-14.484
7e+08	-5.5e+06	-14.596
8e+08	-5.5e+06	-14.833
9e+08	-5.5e+06	-14.884
1e+09	-5.5e+06	-15.584
1.1e+09	-5.5e+06	-16.473
1.2e+09	-5.5e+06	-16.74
1.3e+09	-5.5e+06	-16.516
1.4e+09	-5.5e+06	-16.987
1.5e+09	-5.5e+06	-17.458
1.6e+09	-5.5e+06	-17.926
1.7e+09	-5.5e+06	-17.68
1.8e+09	-5.5e+06	-17.39
1.9e+09	-5.5e+06	-17.825
2e+09	-5.5e+06	-18.44
2.1e+09	-5.5e+06	-19.003
2.2e+09	-5.5e+06	-19.059
2.3e+09	-5.5e+06	-19.382
2.4e+09	-5.5e+06	-19.987
2.5e+09	-5.5e+06	-20.356
2.6e+09	-5.5e+06	-20.381
2.7e+09	-5.5e+06	-20.247
2.8e+09	-5.5e+06	-20.344
2.9e+09	-5.5e+06	-20.411
3e+09	-5.5e+06	-20.64
3.1e+09	-5.5e+06	-21.144
3.2e+09	-5.5e+06	-21.885
3.3e+09	-5.5e+06	-22.191
3.4e+09	-5.5e+06	-22.779
3.5e+09	-5.5e+06	-23.137
3.6e+09	-5.5e+06	-23.617
3.7e+09	-5.5e+06	-23.51
3.8e+09	-5.5e+06	-23.72
3.9e+09	-5.5e+06	-23.949
4e+09	-5.5e+06	-24.4
4.1e+09	-5.5e+06	-25.118
4.2e+09	-5.5e+06	-26.212
4.3e+09	-5.5e+06	-27.21
4.4e+09	-5.5e+06	-27.909
4e+08	-5e+06	-14.492
5e+08	-5e+06	-14.434
6e+08	-5e+06	-14.478
7e+08	-5e+06	-14.594
8e+08	-5e+06	-14.83
9e+08	-5e+06	-14.887
1e+09	-5e+06	-15.586
1.1e+09	-5e+06	-16.474
1.2e+09	-5e+06	-16.738
1.3e+09	-5e+06	-16.51
1.4e+09	-5e+06	-16.977
1.5e+09	-5e+06	-17.439
1.6e+09	-5e+06	-17.929
1.7e+09	-5e+06	-17.668
1.8e+09	-5e+06	-17.393
1.9e+09	-5e+06	-17.821
2e+09	-5e+06	-18.449
2.1e+09	-5e+06	-18.999
2.2e+09	-5e+06	-19.059
2.3e+09	-5e+06	-19.382
2.4e+09	-5e+06	-19.985
2.5e+09	-5e+06	-20.35
2.6e+09	-5e+06	-20.37
2.7e+09	-5e+06	-20.243
2.8e+09	-5e+06	-20.341
2.9e+09	-5e+06	-20.404
3e+09	-5e+06	-20.64
3.1e+09	-5e+06	-21.148
3.2e+09	-5e+06	-21.882
3.3e+09	-5e+06	-22.196
3.4e+09	-5e+06	-22.781
3.5e+09	-5e+06	-23.135
3.6e+09	-5e+06	-23.611
3.7e+09	-5e+06	-23.501
3.8e+09	-5e+06	-23.717
3.9e+09	-5e+06	-23.946
4e+09	-5e+06	-24.394
4.1e+09	-5e+06	-25.121
4.2e+09	-5e+06	-26.215
4.3e+09	-5e+06	-27.221
4.4e+09	-5e+06	-27.914
4e+08	-4.5e+06	-14.488
5e+08	-4.5e+06	-14.418
6e+08	-4.5e+06	-14.47
7e+08	-4.5e+06	-14.593
8e+08	-4.5e+06	-14.827
9e+08	-4.5e+06	-14.887
1e+09	-4.5e+06	-15.587
1.1e+09	-4.5e+06	-16.461
1.2e+09	-4.5e+06	-16.723
1.3e+09	-4.5e+06	-16.504
1.4e+09	-4.5e+06	-16.976
1.5e+09	-4.5e+06	-17.43
1.6e+09	-4.5e+06	-17.93
1.7e+09	-4.5e+06	-17.643
1.8e+09	-4.5e+06	-17.397
1.9e+09	-4.5e+06	-17.806
2e+09	-4.5e+06	-18.468
2.1e+09	-4.5e+06	-18.993
2.2e+09	-4.5e+06	-19.046
2.3e+09	-4.5e+06	-19.391
2.4e+09	-4.5e+06	-19.982
2.5e+09	-4.5e+06	-20.342
2.6e+09	-4.5e+06	-20.366
2.7e+09	-4.5e+06	-20.237
2.8e+09	-4.5e+06	-20.335
2.9e+09	-4.5e+06	-20.406
3e+09	-4.5e+06	-20.638
3.1e+09	-4.5e+06	-21.15
3.2e+09	-4.5e+06	-21.876
3.3e+09	-4.5e+06	-22.201
3.4e+09	-4.5e+06	-22.783
3.5e+09	-4.5e+06	-23.132
3.6e+09	-4.5e+06	-23.605
3.7e+09	-4.5e+06	-23.491
3.8e+09	-4.5e+06	-23.713
3.9e+09	-4.5e+06	-23.943
4e+09	-4.5e+06	-24.388
4.1e+09	-4.5e+06	-25.122
4.2e+09	-4.5e+06	-26.216
4.3e+09	-4.5e+06	-27.221
4.4e+09	-4.5e+06	-27.908
4e+08	-4e+06	-14.483
5e+08	-4e+06	-14.414
6e+08	-4e+06	-14.462
7e+08	-4e+06	-14.592
8e+08	-4e+06	-14.824
9e+08	-4e+06	-14.888
1e+09	-4e+06	-15.589
1.1e+09	-4e+06	-16.46
1.2e+09	-4e+06	-16.719
1.3e+09	-4e+06	-16.498
1.4e+09	-4e+06	-16.975
1.5e+09	-4e+06	-17.422
1.6e+09	-4e+06	-17.93
1.7e+09	-4e+06	-17.628
1.8e+09	-4e+06	-17.4
1.9e+09	-4e+06	-17.8
2e+09	-4e+06	-18.477
2.1e+09	-4e+06	-18.986
2.2e+09	-4e+06	-19.044
2.3e+09	-4e+06	-19.389
2.4e+09	-4e+06	-19.969
2.5e+09	-4e+06	-20.343
2.6e+09	-4e+06	-20.362
2.7e+09	-4e+06	-20.231
2.8e+09	-4e+06	-20.321
2.9e+09	-4e+06	-20.398
3e+09	-4e+06	-20.636
3.1e+09	-4e+06	-21.152
3.2e+09	-4e+06	-21.871
3.3e+09	-4e+06	-22.205
3.4e+09	-4e+06	-22.784
3.5e+09	-4e+06	-23.129
3.6e+09	-4e+06	-23.596
3.7e+09	-4e+06	-23.481
3.8e+09	-4e+06	-23.709
3.9e+09	-4e+06	-23.938
4e+09	-4e+06	-24.381
4.1e+09	-4e+06	-25.123
4.2e+09	-4e+06	-26.216
4.3e+09	-4e+06	-27.22
4.4e+09	-4e+06	-27.912
4e+08	-3.5e+06	-14.478
5e+08	-3.5e+06	-14.411
6e+08	-3.5e+06	-14.454
7e+08	-3.5e+06	-14.582
8e+08	-3.5e+06	-14.807
9e+08	-3.5e+06	-14.889
1e+09	-3.5e+06	-15.589
1.1e+09	-3.5e+06	-16.459
1.2e+09	-3.5e+06	-16.715
1.3e+09	-3.5e+06	-16.48
1.4e+09	-3.5e+06	-16.973
1.5e+09	-3.5e+06	-17.415
1.6e+09	-3.5e+06	-17.929
1.7e+09	-3.5e+06	-17.614
1.8e+09	-3.5e+06	-17.403
1.9e+09	-3.5e+06	-17.795
2e+09	-3.5e+06	-18.485
2.1e+09	-3.5e+06	-18.978
2.2e+09	-3.5e+06	-19.041
2.3e+09	-3.5e+06	-19.387
2.4e+09	-3.5e+06	-19.966
2.5e+09	-3.5e+06	-20.335
2.6e+09	-3.5e+06	-20.358
2.7e+09	-3.5e+06	-20.225
2.8e+09	-3.5e+06	-20.315
2.9e+09	-3.5e+06	-20.39
3e+09	-3.5e+06	-20.635
3.1e+09	-3.5e+06	-21.154
3.2e+09	-3.5e+06	-21.866
3.3e+09	-3.5e+06	-22.209
3.4e+09	-3.5e+06	-22.785
3.5e+09	-3.5e+06	-23.125
3.6e+09	-3.5e+06	-23.588
3.7e+09	-3.5e+06	-23.471
3.8e+09	-3.5e+06	-23.704
3.9e+09	-3.5e+06	-23.932
4e+09	-3.5e+06	-24.374
4.1e+09	-3.5e+06	-25.125
4.2e+09	-3.5e+06	-26.216
4.3e+09	-3.5e+06	-27.22
4.4e+09	-3.5e+06	-27.915
4e+08	-3e+06	-14.471
5e+08	-3e+06	-14.407
6e+08	-3e+06	-14.441
7e+08	-3e+06	-14.58
8e+08	-3e+06	-14.802
9e+08	-3e+06	-14.888
1e+09	-3e+06	-15.589
1.1e+09	-3e+06	-16.459
1.2e+09	-3e+06	-16.709
1.3e+09	-3e+06	-16.473
1.4e+09	-3e+06	-16.969
1.5e+09	-3e+06	-17.406
1.6e+09	-3e+06	-17.929
1.7e+09	-3e+06	-17.598
1.8e+09	-3e+06	-17.406
1.9e+09	-3e+06	-17.788
2e+09	-3e+06	-18.492
2.1e+09	-3e+06	-18.97
2.2e+09	-3e+06	-19.037
2.3e+09	-3e+06	-19.383
2.4e+09	-3e+06	-19.961
2.5e+09	-3e+06	-20.327
2.6e+09	-3e+06	-20.353
2.7e+09	-3e+06	-20.218
2.8e+09	-3e+06	-20.309
2.9e+09	-3e+06	-20.382
3e+09	-3e+06	-20.631
3.1e+09	-3e+06	-21.155
3.2e+09	-3e+06	-21.859
3.3e+09	-3e+06	-22.203
3.4e+09	-3e+06	-22.784
3.5e+09	-3e+06	-23.121
3.6e+09	-3e+06	-23.568
3.7e+09	-3e+06	-23.461
3.8e+09	-3e+06	-23.699
3.9e+09	-3e+06	-23.916
4e+09	-3e+06	-24.366
4.1e+09	-3e+06	-25.114
4.2e+09	-3e+06	-26.217
4.3e+09	-3e+06	-27.218
4.4e+09	-3e+06	-27.918
4e+08	-2.5e+06	-14.463
5e+08	-2.5e+06	-14.4
6e+08	-2.5e+06	-14.432
7e+08	-2.5e+06	-14.577
8e+08	-2.5e+06	-14.795
9e+08	-2.5e+06	-14.888
1e+09	-2.5e+06	-15.586
1.1e+09	-2.5e+06	-16.455
1.2e+09	-2.5e+06	-16.703
1.3e+09	-2.5e+06	-16.465
1.4e+09	-2.5e+06	-16.965
1.5e+09	-2.5e+06	-17.397
1.6e+09	-2.5e+06	-17.927
1.7e+09	-2.5e+06	-17.582
1.8e+09	-2.5e+06	-17.408
1.9e+09	-2.5e+06	-17.781
2e+09	-2.5e+06	-18.507
2.1e+09	-2.5e+06	-18.96
2.2e+09	-2.5e+06	-19.032
2.3e+09	-2.5e+06	-19.378
2.4e+09	-2.5e+06	-19.956
2.5e+09	-2.5e+06	-20.318
2.6e+09	-2.5e+06	-20.346
2.7e+09	-2.5e+06	-20.21
2.8e+09	-2.5e+06	-20.3
2.9e+09	-2.5e+06	-20.372
3e+09	-2.5e+06	-20.626
3.1e+09	-2.5e+06	-21.155
3.2e+09	-2.5e+06	-21.85
3.3e+09	-2.5e+06	-22.205
3.4e+09	-2.5e+06	-22.783
3.5e+09	-2.5e+06	-23.115
3.6e+09	-2.5e+06	-23.558
3.7e+09	-2.5e+06	-23.45
3.8e+09	-2.5e+06	-23.692
3.9e+09	-2.5e+06	-23.909
4e+09	-2.5e+06	-24.357
4.1e+09	-2.5e+06	-25.113
4.2e+09	-2.5e+06	-26.216
4.3e+09	-2.5e+06	-27.217
4.4e+09	-2.5e+06	-27.92
4e+08	-2e+06	-14.441
5e+08	-2e+06	-14.392
6e+08	-2e+06	-14.42
7e+08	-2e+06	-14.573
8e+08	-2e+06	-14.788
9e+08	-2e+06	-14.886
1e+09	-2e+06	-15.571
1.1e+09	-2e+06	-16.452
1.2e+09	-2e+06	-16.695
1.3e+09	-2e+06	-16.468
1.4e+09	-2e+06	-16.959
1.5e+09	-2e+06	-17.399
1.6e+09	-2e+06	-17.924
1.7e+09	-2e+06	-17.555
1.8e+09	-2e+06	-17.419
1.9e+09	-2e+06	-17.772
2e+09	-2e+06	-18.512
2.1e+09	-2e+06	-18.949
2.2e+09	-2e+06	-19.027
2.3e+09	-2e+06	-19.37
2.4e+09	-2e+06	-19.949
2.5e+09	-2e+06	-20.308
2.6e+09	-2e+06	-20.338
2.7e+09	-2e+06	-20.2
2.8e+09	-2e+06	-20.291
2.9e+09	-2e+06	-20.363
3e+09	-2e+06	-20.622
3.1e+09	-2e+06	-21.153
3.2e+09	-2e+06	-21.84
3.3e+09	-2e+06	-22.206
3.4e+09	-2e+06	-22.78
3.5e+09	-2e+06	-23.11
3.6e+09	-2e+06	-23.546
3.7e+09	-2e+06	-23.438
3.8e+09	-2e+06	-23.685
3.9e+09	-2e+06	-23.9
4e+09	-2e+06	-24.347
4.1e+09	-2e+06	-25.111
4.2e+09	-2e+06	-26.213
4.3e+09	-2e+06	-27.213
4.4e+09	-2e+06	-27.921
4e+08	-1.5e+06	-14.433
5e+08	-1.5e+06	-14.385
6e+08	-1.5e+06	-14.409
7e+08	-1.5e+06	-14.57
8e+08	-1.5e+06	-14.781
9e+08	-1.5e+06	-14.883
1e+09	-1.5e+06	-15.568
1.1e+09	-1.5e+06	-16.449
1.2e+09	-1.5e+06	-16.686
1.3e+09	-1.5e+06	-16.46
1.4e+09	-1.5e+06	-16.943
1.5e+09	-1.5e+06	-17.378
1.6e+09	-1.5e+06	-17.921
1.7e+09	-1.5e+06	-17.538
1.8e+09	-1.5e+06	-17.42
1.9e+09	-1.5e+06	-17.745
2e+09	-1.5e+06	-18.516
2.1e+09	-1.5e+06	-18.928
2.2e+09	-1.5e+06	-19.011
2.3e+09	-1.5e+06	-19.364
2.4e+09	-1.5e+06	-19.943
2.5e+09	-1.5e+06	-20.298
2.6e+09	-1.5e+06	-20.332
2.7e+09	-1.5e+06	-20.182
2.8e+09	-1.5e+06	-20.282
2.9e+09	-1.5e+06	-20.352
3e+09	-1.5e+06	-20.617
3.1e+09	-1.5e+06	-21.151
3.2e+09	-1.5e+06	-21.831
3.3e+09	-1.5e+06	-22.207
3.4e+09	-1.5e+06	-22.777
3.5e+09	-1.5e+06	-23.103
3.6e+09	-1.5e+06	-23.535
3.7e+09	-1.5e+06	-23.426
3.8e+09	-1.5e+06	-23.677
3.9e+09	-1.5e+06	-23.893
4e+09	-1.5e+06	-24.348
4.1e+09	-1.5e+06	-25.11
4.2e+09	-1.5e+06	-26.21
4.3e+09	-1.5e+06	-27.209
4.4e+09	-1.5e+06	-27.911
4e+08	-1e+06	-14.423
5e+08	-1e+06	-14.379
6e+08	-1e+06	-14.398
7e+08	-1e+06	-14.566
8e+08	-1e+06	-14.774
9e+08	-1e+06	-14.882
1e+09	-1e+06	-15.565
1.1e+09	-1e+06	-16.445
1.2e+09	-1e+06	-16.677
1.3e+09	-1e+06	-16.44
1.4e+09	-1e+06	-16.937
1.5e+09	-1e+06	-17.37
1.6e+09	-1e+06	-17.918
1.7e+09	-1e+06	-17.521
1.8e+09	-1e+06	-17.42
1.9e+09	-1e+06	-17.736
2e+09	-1e+06	-18.521
2.1e+09	-1e+06	-18.918
2.2e+09	-1e+06	-19.005
2.3e+09	-1e+06	-19.357
2.4e+09	-1e+06	-19.927
2.5e+09	-1e+06	-20.297
2.6e+09	-1e+06	-20.325
2.7e+09	-1e+06	-20.173
2.8e+09	-1e+06	-20.273
2.9e+09	-1e+06	-20.342
3e+09	-1e+06	-20.612
3.1e+09	-1e+06	-21.15
3.2e+09	-1e+06	-21.821
3.3e+09	-1e+06	-22.199
3.4e+09	-1e+06	-22.774
3.5e+09	-1e+06	-23.097
3.6e+09	-1e+06	-23.523
3.7e+09	-1e+06	-23.415
3.8e+09	-1e+06	-23.67
3.9e+09	-1e+06	-23.884
4e+09	-1e+06	-24.338
4.1e+09	-1e+06	-25.109
4.2e+09	-1e+06	-26.207
4.3e+09	-1e+06	-27.204
4.4e+09	-1e+06	-27.913
4e+08	-5e+05	-14.412
5e+08	-5e+05	-14.368
6e+08	-5e+05	-14.385
7e+08	-5e+05	-14.559
8e+08	-5e+05	-14.763
9e+08	-5e+05	-14.876
1e+09	-5e+05	-15.557
1.1e+09	-5e+05	-16.438
1.2e+09	-5e+05	-16.665
1.3e+09	-5e+05	-16.429
1.4e+09	-5e+05	-16.928
1.5e+09	-5e+05	-17.359
1.6e+09	-5e+05	-17.912
1.7e+09	-5e+05	-17.502
1.8e+09	-5e+05	-17.417
1.9e+09	-5e+05	-17.725
2e+09	-5e+05	-18.521
2.1e+09	-5e+05	-18.903
2.2e+09	-5e+05	-18.996
2.3e+09	-5e+05	-19.347
2.4e+09	-5e+05	-19.918
2.5e+09	-5e+05	-20.284
2.6e+09	-5e+05	-20.314
2.7e+09	-5e+05	-20.161
2.8e+09	-5e+05	-20.26
2.9e+09	-5e+05	-20.328
3e+09	-5e+05	-20.603
3.1e+09	-5e+05	-21.144
3.2e+09	-5e+05	-21.807
3.3e+09	-5e+05	-22.197
3.4e+09	-5e+05	-22.767
3.5e+09	-5e+05	-23.087
3.6e+09	-5e+05	-23.508
3.7e+09	-5e+05	-23.4
3.8e+09	-5e+05	-23.658
3.9e+09	-5e+05	-23.872
4e+09	-5e+05	-24.325
4.1e+09	-5e+05	-25.103
4.2e+09	-5e+05	-26.199
4.3e+09	-5e+05	-27.196
4.4e+09	-5e+05	-27.91
4e+08	0	-14.284
5e+08	0	-13.645
6e+08	0	-14.471
7e+08	0	-14.291
8e+08	0	-14.594
9e+08	0	-14.496
1e+09	0	-15.121
1.1e+09	0	-16.135
1.2e+09	0	-16.836
1.3e+09	0	-16.097
1.4e+09	0	-17.116
1.5e+09	0	-16.886
1.6e+09	0	-18.086
1.7e+09	0	-17.596
1.8e+09	0	-17.003
1.9e+09	0	-17.525
2e+09	0	-18.729
2.1e+09	0	-18.279
2.2e+09	0	-18.675
2.3e+09	0	-19.374
2.4e+09	0	-19.522
2.5e+09	0	-19.838
2.6e+09	0	-20.575
2.7e+09	0	-19.975
2.8e+09	0	-19.976
2.9e+09	0	-20.223
3e+09	0	-20.122
3.1e+09	0	-21.342
3.2e+09	0	-21.42
3.3e+09	0	-21.848
3.4e+09	0	-22.352
3.5e+09	0	-23.23
3.6e+09	0	-23.416
3.7e+09	0	-23.125
3.8e+09	0	-23.283
3.9e+09	0	-23.593
4e+09	0	-23.878
4.1e+09	0	-25.068
4.2e+09	0	-25.907
4.3e+09	0	-27.305
4.4e+09	0	-28.183
4e+08	5e+05	-14.416
5e+08	5e+05	-14.371
6e+08	5e+05	-14.381
7e+08	5e+05	-14.573
8e+08	5e+05	-14.769
9e+08	5e+05	-14.894
1e+09	5e+05	-15.57
1.1e+09	5e+05	-16.451
1.2e+09	5e+05	-16.663
1.3e+09	5e+05	-16.43
1.4e+09	5e+05	-16.927
1.5e+09	5e+05	-17.321
1.6e+09	5e+05	-17.918
1.7e+09	5e+05	-17.483
1.8e+09	5e+05	-17.432
1.9e+09	5e+05	-17.722
2e+09	5e+05	-18.544
2.1e+09	5e+05	-18.892
2.2e+09	5e+05	-18.995
2.3e+09	5e+05	-19.342
2.4e+09	5e+05	-19.914
2.5e+09	5e+05	-20.273
2.6e+09	5e+05	-20.309
2.7e+09	5e+05	-20.152
2.8e+09	5e+05	-20.251
2.9e+09	5e+05	-20.319
3e+09	5e+05	-20.602
3.1e+09	5e+05	-21.149
3.2e+09	5e+05	-21.794
3.3e+09	5e+05	-22.253
3.4e+09	5e+05	-22.766
3.5e+09	5e+05	-23.077
3.6e+09	5e+05	-23.487
3.7e+09	5e+05	-23.383
3.8e+09	5e+05	-23.647
3.9e+09	5e+05	-23.857
4e+09	5e+05	-24.308
4.1e+09	5e+05	-25.101
4.2e+09	5e+05	-26.193
4.3e+09	5e+05	-27.188
4.4e+09	5e+05	-27.912
4e+08	1e+06	-14.423
5e+08	1e+06	-14.382
6e+08	1e+06	-14.39
7e+08	1e+06	-14.59
8e+08	1e+06	-14.781
9e+08	1e+06	-14.914
1e+09	1e+06	-15.586
1.1e+09	1e+06	-16.468
1.2e+09	1e+06	-16.673
1.3e+09	1e+06	-16.443
1.4e+09	1e+06	-16.94
1.5e+09	1e+06	-17.335
1.6e+09	1e+06	-17.935
1.7e+09	1e+06	-17.49
1.8e+09	1e+06	-17.455
1.9e+09	1e+06	-17.737
2e+09	1e+06	-18.569
2.1e+09	1e+06	-18.903
2.2e+09	1e+06	-19.012
2.3e+09	1e+06	-19.357
2.4e+09	1e+06	-19.932
2.5e+09	1e+06	-20.287
2.6e+09	1e+06	-20.326
2.7e+09	1e+06	-20.166
2.8e+09	1e+06	-20.265
2.9e+09	1e+06	-20.334
3e+09	1e+06	-20.62
3.1e+09	1e+06	-21.171
3.2e+09	1e+06	-21.808
3.3e+09	1e+06	-22.277
3.4e+09	1e+06	-22.786
3.5e+09	1e+06	-23.096
3.6e+09	1e+06	-23.5
3.7e+09	1e+06	-23.398
3.8e+09	1e+06	-23.666
3.9e+09	1e+06	-23.875
4e+09	1e+06	-24.326
4.1e+09	1e+06	-25.126
4.2e+09	1e+06	-26.218
4.3e+09	1e+06	-27.211
4.4e+09	1e+06	-27.941
4e+08	1.5e+06	-14.43
5e+08	1.5e+06	-14.39
6e+08	1.5e+06	-14.395
7e+08	1.5e+06	-14.604
8e+08	1.5e+06	-14.779
9e+08	1.5e+06	-14.929
1e+09	1.5e+06	-15.599
1.1e+09	1.5e+06	-16.481
1.2e+09	1.5e+06	-16.68
1.3e+09	1.5e+06	-16.453
1.4e+09	1.5e+06	-16.95
1.5e+09	1.5e+06	-17.346
1.6e+09	1.5e+06	-17.949
1.7e+09	1.5e+06	-17.492
1.8e+09	1.5e+06	-17.473
1.9e+09	1.5e+06	-17.748
2e+09	1.5e+06	-18.591
2.1e+09	1.5e+06	-18.909
2.2e+09	1.5e+06	-19.024
2.3e+09	1.5e+06	-19.368
2.4e+09	1.5e+06	-19.943
2.5e+09	1.5e+06	-20.297
2.6e+09	1.5e+06	-20.337
2.7e+09	1.5e+06	-20.176
2.8e+09	1.5e+06	-20.273
2.9e+09	1.5e+06	-20.343
3e+09	1.5e+06	-20.634
3.1e+09	1.5e+06	-21.186
3.2e+09	1.5e+06	-21.806
3.3e+09	1.5e+06	-22.294
3.4e+09	1.5e+06	-22.801
3.5e+09	1.5e+06	-23.108
3.6e+09	1.5e+06	-23.507
3.7e+09	1.5e+06	-23.408
3.8e+09	1.5e+06	-23.678
3.9e+09	1.5e+06	-23.886
4e+09	1.5e+06	-24.336
4.1e+09	1.5e+06	-25.144
4.2e+09	1.5e+06	-26.234
4.3e+09	1.5e+06	-27.227
4.4e+09	1.5e+06	-27.953
4e+08	2e+06	-14.436
5e+08	2e+06	-14.399
6e+08	2e+06	-14.402
7e+08	2e+06	-14.618
8e+08	2e+06	-14.788
9e+08	2e+06	-14.944
1e+09	2e+06	-15.611
1.1e+09	2e+06	-16.494
1.2e+09	2e+06	-16.686
1.3e+09	2e+06	-16.439
1.4e+09	2e+06	-16.959
1.5e+09	2e+06	-17.357
1.6e+09	2e+06	-17.962
1.7e+09	2e+06	-17.494
1.8e+09	2e+06	-17.481
1.9e+09	2e+06	-17.758
2e+09	2e+06	-18.611
2.1e+09	2e+06	-18.914
2.2e+09	2e+06	-19.035
2.3e+09	2e+06	-19.378
2.4e+09	2e+06	-19.955
2.5e+09	2e+06	-20.305
2.6e+09	2e+06	-20.348
2.7e+09	2e+06	-20.185
2.8e+09	2e+06	-20.282
2.9e+09	2e+06	-20.352
3e+09	2e+06	-20.645
3.1e+09	2e+06	-21.202
3.2e+09	2e+06	-21.815
3.3e+09	2e+06	-22.312
3.4e+09	2e+06	-22.816
3.5e+09	2e+06	-23.12
3.6e+09	2e+06	-23.513
3.7e+09	2e+06	-23.417
3.8e+09	2e+06	-23.69
3.9e+09	2e+06	-23.896
4e+09	2e+06	-24.346
4.1e+09	2e+06	-25.161
4.2e+09	2e+06	-26.25
4.3e+09	2e+06	-27.242
4.4e+09	2e+06	-27.973
4e+08	2.5e+06	-14.442
5e+08	2.5e+06	-14.407
6e+08	2.5e+06	-14.408
7e+08	2.5e+06	-14.632
8e+08	2.5e+06	-14.798
9e+08	2.5e+06	-14.96
1e+09	2.5e+06	-15.623
1.1e+09	2.5e+06	-16.508
1.2e+09	2.5e+06	-16.705
1.3e+09	2.5e+06	-16.449
1.4e+09	2.5e+06	-16.968
1.5e+09	2.5e+06	-17.368
1.6e+09	2.5e+06	-17.976
1.7e+09	2.5e+06	-17.497
1.8e+09	2.5e+06	-17.498
1.9e+09	2.5e+06	-17.769
2e+09	2.5e+06	-18.631
2.1e+09	2.5e+06	-18.919
2.2e+09	2.5e+06	-19.036
2.3e+09	2.5e+06	-19.388
2.4e+09	2.5e+06	-19.966
2.5e+09	2.5e+06	-20.314
2.6e+09	2.5e+06	-20.36
2.7e+09	2.5e+06	-20.195
2.8e+09	2.5e+06	-20.29
2.9e+09	2.5e+06	-20.361
3e+09	2.5e+06	-20.659
3.1e+09	2.5e+06	-21.217
3.2e+09	2.5e+06	-21.821
3.3e+09	2.5e+06	-22.33
3.4e+09	2.5e+06	-22.83
3.5e+09	2.5e+06	-23.131
3.6e+09	2.5e+06	-23.518
3.7e+09	2.5e+06	-23.427
3.8e+09	2.5e+06	-23.701
3.9e+09	2.5e+06	-23.906
4e+09	2.5e+06	-24.355
4.1e+09	2.5e+06	-25.179
4.2e+09	2.5e+06	-26.265
4.3e+09	2.5e+06	-27.257
4.4e+09	2.5e+06	-27.993
4e+08	3e+06	-14.448
5e+08	3e+06	-14.415
6e+08	3e+06	-14.412
7e+08	3e+06	-14.645
8e+08	3e+06	-14.807
9e+08	3e+06	-14.975
1e+09	3e+06	-15.634
1.1e+09	3e+06	-16.521
1.2e+09	3e+06	-16.71
1.3e+09	3e+06	-16.459
1.4e+09	3e+06	-16.977
1.5e+09	3e+06	-17.38
1.6e+09	3e+06	-17.977
1.7e+09	3e+06	-17.499
1.8e+09	3e+06	-17.515
1.9e+09	3e+06	-17.788
2e+09	3e+06	-18.641
2.1e+09	3e+06	-18.923
2.2e+09	3e+06	-19.046
2.3e+09	3e+06	-19.387
2.4e+09	3e+06	-19.977
2.5e+09	3e+06	-20.322
2.6e+09	3e+06	-20.37
2.7e+09	3e+06	-20.202
2.8e+09	3e+06	-20.297
2.9e+09	3e+06	-20.369
3e+09	3e+06	-20.681
3.1e+09	3e+06	-21.222
3.2e+09	3e+06	-21.828
3.3e+09	3e+06	-22.346
3.4e+09	3e+06	-22.842
3.5e+09	3e+06	-23.142
3.6e+09	3e+06	-23.523
3.7e+09	3e+06	-23.436
3.8e+09	3e+06	-23.7
3.9e+09	3e+06	-23.915
4e+09	3e+06	-24.365
4.1e+09	3e+06	-25.194
4.2e+09	3e+06	-26.28
4.3e+09	3e+06	-27.271
4.4e+09	3e+06	-28.011
4e+08	3.5e+06	-14.452
5e+08	3.5e+06	-14.422
6e+08	3.5e+06	-14.413
7e+08	3.5e+06	-14.649
8e+08	3.5e+06	-14.815
9e+08	3.5e+06	-14.988
1e+09	3.5e+06	-15.631
1.1e+09	3.5e+06	-16.533
1.2e+09	3.5e+06	-16.701
1.3e+09	3.5e+06	-16.467
1.4e+09	3.5e+06	-16.984
1.5e+09	3.5e+06	-17.391
1.6e+09	3.5e+06	-17.988
1.7e+09	3.5e+06	-17.501
1.8e+09	3.5e+06	-17.531
1.9e+09	3.5e+06	-17.796
2e+09	3.5e+06	-18.658
2.1e+09	3.5e+06	-18.926
2.2e+09	3.5e+06	-19.055
2.3e+09	3.5e+06	-19.395
2.4e+09	3.5e+06	-19.985
2.5e+09	3.5e+06	-20.33
2.6e+09	3.5e+06	-20.369
2.7e+09	3.5e+06	-20.21
2.8e+09	3.5e+06	-20.303
2.9e+09	3.5e+06	-20.376
3e+09	3.5e+06	-20.69
3.1e+09	3.5e+06	-21.235
3.2e+09	3.5e+06	-21.833
3.3e+09	3.5e+06	-22.362
3.4e+09	3.5e+06	-22.853
3.5e+09	3.5e+06	-23.151
3.6e+09	3.5e+06	-23.515
3.7e+09	3.5e+06	-23.444
3.8e+09	3.5e+06	-23.708
3.9e+09	3.5e+06	-23.922
4e+09	3.5e+06	-24.372
4.1e+09	3.5e+06	-25.198
4.2e+09	3.5e+06	-26.292
4.3e+09	3.5e+06	-27.283
4.4e+09	3.5e+06	-28.03
4e+08	4e+06	-14.441
5e+08	4e+06	-14.427
6e+08	4e+06	-14.403
7e+08	4e+06	-14.648
8e+08	4e+06	-14.822
9e+08	4e+06	-15.002
1e+09	4e+06	-15.641
1.1e+09	4e+06	-16.532
1.2e+09	4e+06	-16.704
1.3e+09	4e+06	-16.475
1.4e+09	4e+06	-16.989
1.5e+09	4e+06	-17.401
1.6e+09	4e+06	-17.997
1.7e+09	4e+06	-17.502
1.8e+09	4e+06	-17.546
1.9e+09	4e+06	-17.794
2e+09	4e+06	-18.673
2.1e+09	4e+06	-18.917
2.2e+09	4e+06	-19.062
2.3e+09	4e+06	-19.402
2.4e+09	4e+06	-20.004
2.5e+09	4e+06	-20.336
2.6e+09	4e+06	-20.377
2.7e+09	4e+06	-20.215
2.8e+09	4e+06	-20.299
2.9e+09	4e+06	-20.382
3e+09	4e+06	-20.7
3.1e+09	4e+06	-21.247
3.2e+09	4e+06	-21.829
3.3e+09	4e+06	-22.375
3.4e+09	4e+06	-22.862
3.5e+09	4e+06	-23.159
3.6e+09	4e+06	-23.517
3.7e+09	4e+06	-23.451
3.8e+09	4e+06	-23.715
3.9e+09	4e+06	-23.928
4e+09	4e+06	-24.379
4.1e+09	4e+06	-25.212
4.2e+09	4e+06	-26.302
4.3e+09	4e+06	-27.294
4.4e+09	4e+06	-28.046
4e+08	4.5e+06	-14.445
5e+08	4.5e+06	-14.433
6e+08	4.5e+06	-14.407
7e+08	4.5e+06	-14.66
8e+08	4.5e+06	-14.816
9e+08	4.5e+06	-15.015
1e+09	4.5e+06	-15.649
1.1e+09	4.5e+06	-16.543
1.2e+09	4.5e+06	-16.707
1.3e+09	4.5e+06	-16.484
1.4e+09	4.5e+06	-16.993
1.5e+09	4.5e+06	-17.412
1.6e+09	4.5e+06	-18.006
1.7e+09	4.5e+06	-17.503
1.8e+09	4.5e+06	-17.559
1.9e+09	4.5e+06	-17.802
2e+09	4.5e+06	-18.688
2.1e+09	4.5e+06	-18.919
2.2e+09	4.5e+06	-19.07
2.3e+09	4.5e+06	-19.409
2.4e+09	4.5e+06	-20.013
2.5e+09	4.5e+06	-20.342
2.6e+09	4.5e+06	-20.385
2.7e+09	4.5e+06	-20.221
2.8e+09	4.5e+06	-20.303
2.9e+09	4.5e+06	-20.387
3e+09	4.5e+06	-20.709
3.1e+09	4.5e+06	-21.258
3.2e+09	4.5e+06	-21.833
3.3e+09	4.5e+06	-22.389
3.4e+09	4.5e+06	-22.873
3.5e+09	4.5e+06	-23.167
3.6e+09	4.5e+06	-23.519
3.7e+09	4.5e+06	-23.459
3.8e+09	4.5e+06	-23.723
3.9e+09	4.5e+06	-23.935
4e+09	4.5e+06	-24.386
4.1e+09	4.5e+06	-25.226
4.2e+09	4.5e+06	-26.313
4.3e+09	4.5e+06	-27.305
4.4e+09	4.5e+06	-28.052
4e+08	5e+06	-14.447
5e+08	5e+06	-14.437
6e+08	5e+06	-14.41
7e+08	5e+06	-14.671
8e+08	5e+06	-14.822
9e+08	5e+06	-15.027
1e+09	5e+06	-15.656
1.1e+09	5e+06	-16.541
1.2e+09	5e+06	-16.708
1.3e+09	5e+06	-16.492
1.4e+09	5e+06	-16.997
1.5e+09	5e+06	-17.422
1.6e+09	5e+06	-18.004
1.7e+09	5e+06	-17.503
1.8e+09	5e+06	-17.573
1.9e+09	5e+06	-17.81
2e+09	5e+06	-18.704
2.1e+09	5e+06	-18.92
2.2e+09	5e+06	-19.078
2.3e+09	5e+06	-19.415
2.4e+09	5e+06	-20.021
2.5e+09	5e+06	-20.349
2.6e+09	5e+06	-20.392
2.7e+09	5e+06	-20.216
2.8e+09	5e+06	-20.308
2.9e+09	5e+06	-20.393
3e+09	5e+06	-20.718
3.1e+09	5e+06	-21.269
3.2e+09	5e+06	-21.836
3.3e+09	5e+06	-22.402
3.4e+09	5e+06	-22.882
3.5e+09	5e+06	-23.174
3.6e+09	5e+06	-23.521
3.7e+09	5e+06	-23.467
3.8e+09	5e+06	-23.73
3.9e+09	5e+06	-23.94
4e+09	5e+06	-24.393
4.1e+09	5e+06	-25.238
4.2e+09	5e+06	-26.324
4.3e+09	5e+06	-27.317
4.4e+09	5e+06	-28.067
4e+08	5.5e+06	-14.448
5e+08	5.5e+06	-14.441
6e+08	5.5e+06	-14.414
7e+08	5.5e+06	-14.681
8e+08	5.5e+06	-14.828
9e+08	5.5e+06	-15.038
1e+09	5.5e+06	-15.662
1.1e+09	5.5e+06	-16.549
1.2e+09	5.5e+06	-16.708
1.3e+09	5.5e+06	-16.487
1.4e+09	5.5e+06	-17.001
1.5e+09	5.5e+06	-17.432
1.6e+09	5.5e+06	-18.011
1.7e+09	5.5e+06	-17.503
1.8e+09	5.5e+06	-17.586
1.9e+09	5.5e+06	-17.816
2e+09	5.5e+06	-18.717
2.1e+09	5.5e+06	-18.919
2.2e+09	5.5e+06	-19.084
2.3e+09	5.5e+06	-19.421
2.4e+09	5.5e+06	-20.028
2.5e+09	5.5e+06	-20.355
2.6e+09	5.5e+06	-20.398
2.7e+09	5.5e+06	-20.22
2.8e+09	5.5e+06	-20.311
2.9e+09	5.5e+06	-20.397
3e+09	5.5e+06	-20.725
3.1e+09	5.5e+06	-21.28
3.2e+09	5.5e+06	-21.84
3.3e+09	5.5e+06	-22.415
3.4e+09	5.5e+06	-22.89
3.5e+09	5.5e+06	-23.181
3.6e+09	5.5e+06	-23.521
3.7e+09	5.5e+06	-23.473
3.8e+09	5.5e+06	-23.736
3.9e+09	5.5e+06	-23.945
4e+09	5.5e+06	-24.398
4.1e+09	5.5e+06	-25.251
4.2e+09	5.5e+06	-26.333
4.3e+09	5.5e+06	-27.315
4.4e+09	5.5e+06	-28.082
4e+08	6e+06	-14.447
5e+08	6e+06	-14.444
6e+08	6e+06	-14.415
7e+08	6e+06	-14.691
8e+08	6e+06	-14.832
9e+08	6e+06	-15.047
1e+09	6e+06	-15.667
1.1e+09	6e+06	-16.557
1.2e+09	6e+06	-16.706
1.3e+09	6e+06	-16.481
1.4e+09	6e+06	-17.003
1.5e+09	6e+06	-17.43
1.6e+09	6e+06	-18.016
1.7e+09	6e+06	-17.502
1.8e+09	6e+06	-17.587
1.9e+09	6e+06	-17.821
2e+09	6e+06	-18.728
2.1e+09	6e+06	-18.917
2.2e+09	6e+06	-19.087
2.3e+09	6e+06	-19.425
2.4e+09	6e+06	-20.034
2.5e+09	6e+06	-20.358
2.6e+09	6e+06	-20.403
2.7e+09	6e+06	-20.223
2.8e+09	6e+06	-20.313
2.9e+09	6e+06	-20.4
3e+09	6e+06	-20.731
3.1e+09	6e+06	-21.288
3.2e+09	6e+06	-21.843
3.3e+09	6e+06	-22.425
3.4e+09	6e+06	-22.895
3.5e+09	6e+06	-23.186
3.6e+09	6e+06	-23.52
3.7e+09	6e+06	-23.479
3.8e+09	6e+06	-23.74
3.9e+09	6e+06	-23.959
4e+09	6e+06	-24.403
4.1e+09	6e+06	-25.272
4.2e+09	6e+06	-26.341
4.3e+09	6e+06	-27.322
4.4e+09	6e+06	-28.095
4e+08	6.5e+06	-14.446
5e+08	6.5e+06	-14.432
6e+08	6.5e+06	-14.415
7e+08	6.5e+06	-14.698
8e+08	6.5e+06	-14.834
9e+08	6.5e+06	-15.043
1e+09	6.5e+06	-15.671
1.1e+09	6.5e+06	-16.565
1.2e+09	6.5e+06	-16.705
1.3e+09	6.5e+06	-16.485
1.4e+09	6.5e+06	-17.003
1.5e+09	6.5e+06	-17.438
1.6e+09	6.5e+06	-18.021
1.7e+09	6.5e+06	-17.49
1.8e+09	6.5e+06	-17.597
1.9e+09	6.5e+06	-17.825
2e+09	6.5e+06	-18.728
2.1e+09	6.5e+06	-18.914
2.2e+09	6.5e+06	-19.091
2.3e+09	6.5e+06	-19.438
2.4e+09	6.5e+06	-20.038
2.5e+09	6.5e+06	-20.362
2.6e+09	6.5e+06	-20.407
2.7e+09	6.5e+06	-20.224
2.8e+09	6.5e+06	-20.313
2.9e+09	6.5e+06	-20.411
3e+09	6.5e+06	-20.736
3.1e+09	6.5e+06	-21.295
3.2e+09	6.5e+06	-21.843
3.3e+09	6.5e+06	-22.434
3.4e+09	6.5e+06	-22.9
3.5e+09	6.5e+06	-23.189
3.6e+09	6.5e+06	-23.518
3.7e+09	6.5e+06	-23.483
3.8e+09	6.5e+06	-23.732
3.9e+09	6.5e+06	-23.971
4e+09	6.5e+06	-24.406
4.1e+09	6.5e+06	-25.28
4.2e+09	6.5e+06	-26.347
4.3e+09	6.5e+06	-27.329
4.4e+09	6.5e+06	-28.106
4e+08	7e+06	-14.444
5e+08	7e+06	-14.434
6e+08	7e+06	-14.417
7e+08	7e+06	-14.707
8e+08	7e+06	-14.837
9e+08	7e+06	-15.053
1e+09	7e+06	-15.676
1.1e+09	7e+06	-16.572
1.2e+09	7e+06	-16.703
1.3e+09	7e+06	-16.491
1.4e+09	7e+06	-16.993
1.5e+09	7e+06	-17.448
1.6e+09	7e+06	-18.026
1.7e+09	7e+06	-17.5
1.8e+09	7e+06	-17.607
1.9e+09	7e+06	-17.829
2e+09	7e+06	-18.74
2.1e+09	7e+06	-18.912
2.2e+09	7e+06	-19.086
2.3e+09	7e+06	-19.443
2.4e+09	7e+06	-20.043
2.5e+09	7e+06	-20.366
2.6e+09	7e+06	-20.412
2.7e+09	7e+06	-20.227
2.8e+09	7e+06	-20.314
2.9e+09	7e+06	-20.414
3e+09	7e+06	-20.742
3.1e+09	7e+06	-21.303
3.2e+09	7e+06	-21.836
3.3e+09	7e+06	-22.445
3.4e+09	7e+06	-22.906
3.5e+09	7e+06	-23.195
3.6e+09	7e+06	-23.517
3.7e+09	7e+06	-23.489
3.8e+09	7e+06	-23.737
3.9e+09	7e+06	-23.975
4e+09	7e+06	-24.411
4.1e+09	7e+06	-25.291
4.2e+09	7e+06	-26.354
4.3e+09	7e+06	-27.337
4.4e+09	7e+06	-28.119
4e+08	7.5e+06	-14.446
5e+08	7.5e+06	-14.438
6e+08	7.5e+06	-14.42
7e+08	7.5e+06	-14.718
8e+08	7.5e+06	-14.831
9e+08	7.5e+06	-15.064
1e+09	7.5e+06	-15.683
1.1e+09	7.5e+06	-16.582
1.2e+09	7.5e+06	-16.703
1.3e+09	7.5e+06	-16.498
1.4e+09	7.5e+06	-17.007
1.5e+09	7.5e+06	-17.46
1.6e+09	7.5e+06	-18.033
1.7e+09	7.5e+06	-17.503
1.8e+09	7.5e+06	-17.62
1.9e+09	7.5e+06	-17.838
2e+09	7.5e+06	-18.752
2.1e+09	7.5e+06	-18.912
2.2e+09	7.5e+06	-19.091
2.3e+09	7.5e+06	-19.449
2.4e+09	7.5e+06	-20.05
2.5e+09	7.5e+06	-20.372
2.6e+09	7.5e+06	-20.418
2.7e+09	7.5e+06	-20.222
2.8e+09	7.5e+06	-20.317
2.9e+09	7.5e+06	-20.419
3e+09	7.5e+06	-20.749
3.1e+09	7.5e+06	-21.313
3.2e+09	7.5e+06	-21.839
3.3e+09	7.5e+06	-22.458
3.4e+09	7.5e+06	-22.913
3.5e+09	7.5e+06	-23.201
3.6e+09	7.5e+06	-23.518
3.7e+09	7.5e+06	-23.497
3.8e+09	7.5e+06	-23.743
3.9e+09	7.5e+06	-23.979
4e+09	7.5e+06	-24.418
4.1e+09	7.5e+06	-25.303
4.2e+09	7.5e+06	-26.363
4.3e+09	7.5e+06	-27.347
4.4e+09	7.5e+06	-28.133
4e+08	8e+06	-14.449
5e+08	8e+06	-14.442
6e+08	8e+06	-14.425
7e+08	8e+06	-14.73
8e+08	8e+06	-14.839
9e+08	8e+06	-15.076
1e+09	8e+06	-15.689
1.1e+09	8e+06	-16.593
1.2e+09	8e+06	-16.716
1.3e+09	8e+06	-16.508
1.4e+09	8e+06	-17.011
1.5e+09	8e+06	-17.474
1.6e+09	8e+06	-18.029
1.7e+09	8e+06	-17.507
1.8e+09	8e+06	-17.632
1.9e+09	8e+06	-17.856
2e+09	8e+06	-18.765
2.1e+09	8e+06	-18.914
2.2e+09	8e+06	-19.099
2.3e+09	8e+06	-19.458
2.4e+09	8e+06	-20.059
2.5e+09	8e+06	-20.38
2.6e+09	8e+06	-20.427
2.7e+09	8e+06	-20.228
2.8e+09	8e+06	-20.322
2.9e+09	8e+06	-20.426
3e+09	8e+06	-20.759
3.1e+09	8e+06	-21.324
3.2e+09	8e+06	-21.845
3.3e+09	8e+06	-22.472
3.4e+09	8e+06	-22.921
3.5e+09	8e+06	-23.209
3.6e+09	8e+06	-23.519
3.7e+09	8e+06	-23.506
3.8e+09	8e+06	-23.749
3.9e+09	8e+06	-23.985
4e+09	8e+06	-24.427
4.1e+09	8e+06	-25.317
4.2e+09	8e+06	-26.373
4.3e+09	8e+06	-27.357
4.4e+09	8e+06	-28.149
4e+08	8.5e+06	-14.452
5e+08	8.5e+06	-14.448
6e+08	8.5e+06	-14.432
7e+08	8.5e+06	-14.744
8e+08	8.5e+06	-14.847
9e+08	8.5e+06	-15.09
1e+09	8.5e+06	-15.699
1.1e+09	8.5e+06	-16.606
1.2e+09	8.5e+06	-16.718
1.3e+09	8.5e+06	-16.519
1.4e+09	8.5e+06	-17.016
1.5e+09	8.5e+06	-17.49
1.6e+09	8.5e+06	-18.038
1.7e+09	8.5e+06	-17.514
1.8e+09	8.5e+06	-17.648
1.9e+09	8.5e+06	-17.867
2e+09	8.5e+06	-18.769
2.1e+09	8.5e+06	-18.927
2.2e+09	8.5e+06	-19.108
2.3e+09	8.5e+06	-19.458
2.4e+09	8.5e+06	-20.059
2.5e+09	8.5e+06	-20.39
2.6e+09	8.5e+06	-20.437
2.7e+09	8.5e+06	-20.236
2.8e+09	8.5e+06	-20.328
2.9e+09	8.5e+06	-20.433
3e+09	8.5e+06	-20.778
3.1e+09	8.5e+06	-21.327
3.2e+09	8.5e+06	-21.852
3.3e+09	8.5e+06	-22.487
3.4e+09	8.5e+06	-22.932
3.5e+09	8.5e+06	-23.218
3.6e+09	8.5e+06	-23.523
3.7e+09	8.5e+06	-23.53
3.8e+09	8.5e+06	-23.748
3.9e+09	8.5e+06	-23.993
4e+09	8.5e+06	-24.415
4.1e+09	8.5e+06	-25.332
4.2e+09	8.5e+06	-26.385
4.3e+09	8.5e+06	-27.37
4.4e+09	8.5e+06	-28.177
4e+08	9e+06	-14.47
5e+08	9e+06	-14.469
6e+08	9e+06	-14.453
7e+08	9e+06	-14.772
8e+08	9e+06	-14.871
9e+08	9e+06	-15.117
1e+09	9e+06	-15.722
1.1e+09	9e+06	-16.632
1.2e+09	9e+06	-16.734
1.3e+09	9e+06	-16.533
1.4e+09	9e+06	-17.035
1.5e+09	9e+06	-17.521
1.6e+09	9e+06	-18.061
1.7e+09	9e+06	-17.535
1.8e+09	9e+06	-17.676
1.9e+09	9e+06	-17.892
2e+09	9e+06	-18.798
2.1e+09	9e+06	-18.943
2.2e+09	9e+06	-19.13
2.3e+09	9e+06	-19.482
2.4e+09	9e+06	-20.084
2.5e+09	9e+06	-20.414
2.6e+09	9e+06	-20.459
2.7e+09	9e+06	-20.258
2.8e+09	9e+06	-20.348
2.9e+09	9e+06	-20.455
3e+09	9e+06	-20.802
3.1e+09	9e+06	-21.353
3.2e+09	9e+06	-21.873
3.3e+09	9e+06	-22.517
3.4e+09	9e+06	-22.955
3.5e+09	9e+06	-23.242
3.6e+09	9e+06	-23.542
3.7e+09	9e+06	-23.556
3.8e+09	9e+06	-23.771
3.9e+09	9e+06	-24.016
4e+09	9e+06	-24.44
4.1e+09	9e+06	-25.361
4.2e+09	9e+06	-26.41
4.3e+09	9e+06	-27.397
4.4e+09	9e+06	-28.207
4e+08	9.5e+06	-14.535
5e+08	9.5e+06	-14.537
6e+08	9.5e+06	-14.517
7e+08	9.5e+06	-14.84
8e+08	9.5e+06	-14.943
9e+08	9.5e+06	-15.192
1e+09	9.5e+06	-15.781
1.1e+09	9.5e+06	-16.706
1.2e+09	9.5e+06	-16.785
1.3e+09	9.5e+06	-16.606
1.4e+09	9.5e+06	-17.102
1.5e+09	9.5e+06	-17.6
1.6e+09	9.5e+06	-18.132
1.7e+09	9.5e+06	-17.604
1.8e+09	9.5e+06	-17.753
1.9e+09	9.5e+06	-17.964
2e+09	9.5e+06	-18.873
2.1e+09	9.5e+06	-19.008
2.2e+09	9.5e+06	-19.201
2.3e+09	9.5e+06	-19.554
2.4e+09	9.5e+06	-20.156
2.5e+09	9.5e+06	-20.486
2.6e+09	9.5e+06	-20.525
2.7e+09	9.5e+06	-20.327
2.8e+09	9.5e+06	-20.416
2.9e+09	9.5e+06	-20.525
3e+09	9.5e+06	-20.875
3.1e+09	9.5e+06	-21.427
3.2e+09	9.5e+06	-21.932
3.3e+09	9.5e+06	-22.594
3.4e+09	9.5e+06	-23.028
3.5e+09	9.5e+06	-23.314
3.6e+09	9.5e+06	-23.596
3.7e+09	9.5e+06	-23.63
3.8e+09	9.5e+06	-23.841
3.9e+09	9.5e+06	-24.085
4e+09	9.5e+06	-24.513
4.1e+09	9.5e+06	-25.429
4.2e+09	9.5e+06	-26.484
4.3e+09	9.5e+06	-27.473
4.4e+09	9.5e+06	-28.286
4e+08	1e+07	-14.711
5e+08	1e+07	-14.717
6e+08	1e+07	-14.698
7e+08	1e+07	-15.027
8e+08	1e+07	-15.124
9e+08	1e+07	-15.38
1e+09	1e+07	-15.963
1.1e+09	1e+07	-16.892
1.2e+09	1e+07	-16.96
1.3e+09	1e+07	-16.792
1.4e+09	1e+07	-17.28
1.5e+09	1e+07	-17.79
1.6e+09	1e+07	-18.313
1.7e+09	1e+07	-17.785
1.8e+09	1e+07	-17.928
1.9e+09	1e+07	-18.148
2e+09	1e+07	-19.06
2.1e+09	1e+07	-19.183
2.2e+09	1e+07	-19.374
2.3e+09	1e+07	-19.738
2.4e+09	1e+07	-20.34
2.5e+09	1e+07	-20.67
2.6e+09	1e+07	-20.717
2.7e+09	1e+07	-20.508
2.8e+09	1e+07	-20.595
2.9e+09	1e+07	-20.707
3e+09	1e+07	-21.058
3.1e+09	1e+07	-21.612
3.2e+09	1e+07	-22.113
3.3e+09	1e+07	-22.783
3.4e+09	1e+07	-23.211
3.5e+09	1e+07	-23.497
3.6e+09	1e+07	-23.763
3.7e+09	1e+07	-23.816
3.8e+09	1e+07	-24.023
3.9e+09	1e+07	-24.267
4e+09	1e+07	-24.697
4.1e+09	1e+07	-25.618
4.2e+09	1e+07	-26.668
4.3e+09	1e+07	-27.659
4.4e+09	1e+07	-28.477
4e+08	1.05e+07	-15.09
5e+08	1.05e+07	-15.096
6e+08	1.05e+07	-15.081
7e+08	1.05e+07	-15.415
8e+08	1.05e+07	-15.494
9e+08	1.05e+07	-15.768
1e+09	1.05e+07	-16.346
1.1e+09	1.05e+07	-17.278
1.2e+09	1.05e+07	-17.335
1.3e+09	1.05e+07	-17.178
1.4e+09	1.05e+07	-17.659
1.5e+09	1.05e+07	-18.182
1.6e+09	1.05e+07	-18.695
1.7e+09	1.05e+07	-18.156
1.8e+09	1.05e+07	-18.318
1.9e+09	1.05e+07	-18.534
2e+09	1.05e+07	-19.447
2.1e+09	1.05e+07	-19.56
2.2e+09	1.05e+07	-19.755
2.3e+09	1.05e+07	-20.123
2.4e+09	1.05e+07	-20.725
2.5e+09	1.05e+07	-21.055
2.6e+09	1.05e+07	-21.101
2.7e+09	1.05e+07	-20.89
2.8e+09	1.05e+07	-20.976
2.9e+09	1.05e+07	-21.09
3e+09	1.05e+07	-21.442
3.1e+09	1.05e+07	-21.997
3.2e+09	1.05e+07	-22.495
3.3e+09	1.05e+07	-23.173
3.4e+09	1.05e+07	-23.595
3.5e+09	1.05e+07	-23.881
3.6e+09	1.05e+07	-24.142
3.7e+09	1.05e+07	-24.202
3.8e+09	1.05e+07	-24.407
3.9e+09	1.05e+07	-24.649
4e+09	1.05e+07	-25.082
4.1e+09	1.05e+07	-26.008
4.2e+09	1.05e+07	-27.054
4.3e+09	1.05e+07	-28.045
4.4e+09	1.05e+07	-28.857
4e+08	1.1e+07	-15.773
5e+08	1.1e+07	-15.783
6e+08	1.1e+07	-15.768
7e+08	1.1e+07	-16.096
8e+08	1.1e+07	-16.183
9e+08	1.1e+07	-16.462
1e+09	1.1e+07	-17.035
1.1e+09	1.1e+07	-17.959
1.2e+09	1.1e+07	-18.016
1.3e+09	1.1e+07	-17.871
1.4e+09	1.1e+07	-18.344
1.5e+09	1.1e+07	-18.882
1.6e+09	1.1e+07	-19.383
1.7e+09	1.1e+07	-18.845
1.8e+09	1.1e+07	-19.012
1.9e+09	1.1e+07	-19.216
2e+09	1.1e+07	-20.14
2.1e+09	1.1e+07	-20.234
2.2e+09	1.1e+07	-20.445
2.3e+09	1.1e+07	-20.814
2.4e+09	1.1e+07	-21.426
2.5e+09	1.1e+07	-21.747
2.6e+09	1.1e+07	-21.791
2.7e+09	1.1e+07	-21.578
2.8e+09	1.1e+07	-21.653
2.9e+09	1.1e+07	-21.779
3e+09	1.1e+07	-22.134
3.1e+09	1.1e+07	-22.69
3.2e+09	1.1e+07	-23.183
3.3e+09	1.1e+07	-23.869
3.4e+09	1.1e+07	-24.285
3.5e+09	1.1e+07	-24.572
3.6e+09	1.1e+07	-24.827
3.7e+09	1.1e+07	-24.896
3.8e+09	1.1e+07	-25.096
3.9e+09	1.1e+07	-25.338
4e+09	1.1e+07	-25.774
4.1e+09	1.1e+07	-26.704
4.2e+09	1.1e+07	-27.745
4.3e+09	1.1e+07	-28.74
4.4e+09	1.1e+07	-29.554
4e+08	1.15e+07	-16.877
5e+08	1.15e+07	-16.889
6e+08	1.15e+07	-16.877
7e+08	1.15e+07	-17.211
8e+08	1.15e+07	-17.292
9e+08	1.15e+07	-17.575
1e+09	1.15e+07	-18.143
1.1e+09	1.15e+07	-19.07
1.2e+09	1.15e+07	-19.117
1.3e+09	1.15e+07	-18.982
1.4e+09	1.15e+07	-19.437
1.5e+09	1.15e+07	-20
1.6e+09	1.15e+07	-20.491
1.7e+09	1.15e+07	-19.964
1.8e+09	1.15e+07	-20.126
1.9e+09	1.15e+07	-20.328
2e+09	1.15e+07	-21.251
2.1e+09	1.15e+07	-21.337
2.2e+09	1.15e+07	-21.543
2.3e+09	1.15e+07	-21.924
2.4e+09	1.15e+07	-22.535
2.5e+09	1.15e+07	-22.857
2.6e+09	1.15e+07	-22.899
2.7e+09	1.15e+07	-22.685
2.8e+09	1.15e+07	-22.759
2.9e+09	1.15e+07	-22.887
3e+09	1.15e+07	-23.243
3.1e+09	1.15e+07	-23.802
3.2e+09	1.15e+07	-24.292
3.3e+09	1.15e+07	-24.984
3.4e+09	1.15e+07	-25.394
3.5e+09	1.15e+07	-25.681
3.6e+09	1.15e+07	-25.932
3.7e+09	1.15e+07	-26.009
3.8e+09	1.15e+07	-26.205
3.9e+09	1.15e+07	-26.446
4e+09	1.15e+07	-26.884
4.1e+09	1.15e+07	-27.819
4.2e+09	1.15e+07	-28.856
4.3e+09	1.15e+07	-29.853
4.4e+09	1.15e+07	-30.669
4e+08	1.2e+07	-18.511
5e+08	1.2e+07	-18.525
6e+08	1.2e+07	-18.514
7e+08	1.2e+07	-18.854
8e+08	1.2e+07	-18.933
9e+08	1.2e+07	-19.219
1e+09	1.2e+07	-19.781
1.1e+09	1.2e+07	-20.713
1.2e+09	1.2e+07	-20.749
1.3e+09	1.2e+07	-20.626
1.4e+09	1.2e+07	-21.083
1.5e+09	1.2e+07	-21.648
1.6e+09	1.2e+07	-22.129
1.7e+09	1.2e+07	-21.604
1.8e+09	1.2e+07	-21.769
1.9e+09	1.2e+07	-21.969
2e+09	1.2e+07	-22.894
2.1e+09	1.2e+07	-22.971
2.2e+09	1.2e+07	-23.181
2.3e+09	1.2e+07	-23.566
2.4e+09	1.2e+07	-24.176
2.5e+09	1.2e+07	-24.498
2.6e+09	1.2e+07	-24.538
2.7e+09	1.2e+07	-24.323
2.8e+09	1.2e+07	-24.396
2.9e+09	1.2e+07	-24.527
3e+09	1.2e+07	-24.884
3.1e+09	1.2e+07	-25.443
3.2e+09	1.2e+07	-25.921
3.3e+09	1.2e+07	-26.63
3.4e+09	1.2e+07	-27.033
3.5e+09	1.2e+07	-27.321
3.6e+09	1.2e+07	-27.568
3.7e+09	1.2e+07	-27.654
3.8e+09	1.2e+07	-27.844
3.9e+09	1.2e+07	-28.085
4e+09	1.2e+07	-28.526
4.1e+09	1.2e+07	-29.464
4.2e+09	1.2e+07	-30.497
4.3e+09	1.2e+07	-31.497
4.4e+09	1.2e+07	-32.316
