4e+08	-1.2e+07	-34.069
5e+08	-1.2e+07	-34.251
6e+08	-1.2e+07	-34.558
7e+08	-1.2e+07	-34.585
8e+08	-1.2e+07	-34.537
9e+08	-1.2e+07	-34.338
1e+09	-1.2e+07	-34.853
1.1e+09	-1.2e+07	-35.719
1.2e+09	-1.2e+07	-35.996
1.3e+09	-1.2e+07	-35.83
1.4e+09	-1.2e+07	-36.222
1.5e+09	-1.2e+07	-36.773
1.6e+09	-1.2e+07	-37.079
1.7e+09	-1.2e+07	-36.978
1.8e+09	-1.2e+07	-36.491
1.9e+09	-1.2e+07	-36.959
2e+09	-1.2e+07	-37.453
2.1e+09	-1.2e+07	-38.13
2.2e+09	-1.2e+07	-38.118
2.3e+09	-1.2e+07	-38.466
2.4e+09	-1.2e+07	-38.935
2.5e+09	-1.2e+07	-39.457
2.6e+09	-1.2e+07	-39.349
2.7e+09	-1.2e+07	-39.248
2.8e+09	-1.2e+07	-39.316
2.9e+09	-1.2e+07	-39.41
3e+09	-1.2e+07	-39.552
3.1e+09	-1.2e+07	-40.026
3.2e+09	-1.2e+07	-40.759
3.3e+09	-1.2e+07	-40.92
3.4e+09	-1.2e+07	-41.624
3.5e+09	-1.2e+07	-41.98
3.6e+09	-1.2e+07	-42.535
3.7e+09	-1.2e+07	-42.567
3.8e+09	-1.2e+07	-42.676
3.9e+09	-1.2e+07	-42.889
4e+09	-1.2e+07	-43.355
4.1e+09	-1.2e+07	-44.012
4.2e+09	-1.2e+07	-44.969
4.3e+09	-1.2e+07	-45.969
4.4e+09	-1.2e+07	-46.666
4e+08	-1.15e+07	-32.435
5e+08	-1.15e+07	-32.617
6e+08	-1.15e+07	-32.92
7e+08	-1.15e+07	-32.948
8e+08	-1.15e+07	-32.888
9e+08	-1.15e+07	-32.702
1e+09	-1.15e+07	-33.223
1.1e+09	-1.15e+07	-34.086
1.2e+09	-1.15e+07	-34.366
1.3e+09	-1.15e+07	-34.192
1.4e+09	-1.15e+07	-34.591
1.5e+09	-1.15e+07	-35.129
1.6e+09	-1.15e+07	-35.447
1.7e+09	-1.15e+07	-35.333
1.8e+09	-1.15e+07	-34.86
1.9e+09	-1.15e+07	-35.324
2e+09	-1.15e+07	-35.829
2.1e+09	-1.15e+07	-36.498
2.2e+09	-1.15e+07	-36.483
2.3e+09	-1.15e+07	-36.831
2.4e+09	-1.15e+07	-37.312
2.5e+09	-1.15e+07	-37.806
2.6e+09	-1.15e+07	-37.712
2.7e+09	-1.15e+07	-37.613
2.8e+09	-1.15e+07	-37.679
2.9e+09	-1.15e+07	-37.772
3e+09	-1.15e+07	-37.919
3.1e+09	-1.15e+07	-38.397
3.2e+09	-1.15e+07	-39.127
3.3e+09	-1.15e+07	-39.287
3.4e+09	-1.15e+07	-39.994
3.5e+09	-1.15e+07	-40.345
3.6e+09	-1.15e+07	-40.898
3.7e+09	-1.15e+07	-40.922
3.8e+09	-1.15e+07	-41.038
3.9e+09	-1.15e+07	-41.253
4e+09	-1.15e+07	-41.718
4.1e+09	-1.15e+07	-42.382
4.2e+09	-1.15e+07	-43.34
4.3e+09	-1.15e+07	-44.338
4.4e+09	-1.15e+07	-45.025
4e+08	-1.1e+07	-31.317
5e+08	-1.1e+07	-31.514
6e+08	-1.1e+07	-31.812
7e+08	-1.1e+07	-31.84
8e+08	-1.1e+07	-31.783
9e+08	-1.1e+07	-31.597
1e+09	-1.1e+07	-32.112
1.1e+09	-1.1e+07	-32.984
1.2e+09	-1.1e+07	-33.265
1.3e+09	-1.1e+07	-33.084
1.4e+09	-1.1e+07	-33.49
1.5e+09	-1.1e+07	-34.017
1.6e+09	-1.1e+07	-34.345
1.7e+09	-1.1e+07	-34.206
1.8e+09	-1.1e+07	-33.759
1.9e+09	-1.1e+07	-34.22
2e+09	-1.1e+07	-34.734
2.1e+09	-1.1e+07	-35.395
2.2e+09	-1.1e+07	-35.379
2.3e+09	-1.1e+07	-35.725
2.4e+09	-1.1e+07	-36.211
2.5e+09	-1.1e+07	-36.695
2.6e+09	-1.1e+07	-36.606
2.7e+09	-1.1e+07	-36.507
2.8e+09	-1.1e+07	-36.572
2.9e+09	-1.1e+07	-36.665
3e+09	-1.1e+07	-36.816
3.1e+09	-1.1e+07	-37.298
3.2e+09	-1.1e+07	-38.025
3.3e+09	-1.1e+07	-38.186
3.4e+09	-1.1e+07	-38.894
3.5e+09	-1.1e+07	-39.241
3.6e+09	-1.1e+07	-39.792
3.7e+09	-1.1e+07	-39.81
3.8e+09	-1.1e+07	-39.931
3.9e+09	-1.1e+07	-40.148
4e+09	-1.1e+07	-40.612
4.1e+09	-1.1e+07	-41.281
4.2e+09	-1.1e+07	-42.241
4.3e+09	-1.1e+07	-43.239
4.4e+09	-1.1e+07	-43.925
4e+08	-1.05e+07	-30.631
5e+08	-1.05e+07	-30.831
6e+08	-1.05e+07	-31.123
7e+08	-1.05e+07	-31.143
8e+08	-1.05e+07	-31.096
9e+08	-1.05e+07	-30.91
1e+09	-1.05e+07	-31.432
1.1e+09	-1.05e+07	-32.302
1.2e+09	-1.05e+07	-32.582
1.3e+09	-1.05e+07	-32.395
1.4e+09	-1.05e+07	-32.808
1.5e+09	-1.05e+07	-33.322
1.6e+09	-1.05e+07	-33.664
1.7e+09	-1.05e+07	-33.51
1.8e+09	-1.05e+07	-33.078
1.9e+09	-1.05e+07	-33.523
2e+09	-1.05e+07	-34.058
2.1e+09	-1.05e+07	-34.711
2.2e+09	-1.05e+07	-34.685
2.3e+09	-1.05e+07	-35.04
2.4e+09	-1.05e+07	-35.528
2.5e+09	-1.05e+07	-36.003
2.6e+09	-1.05e+07	-35.918
2.7e+09	-1.05e+07	-35.82
2.8e+09	-1.05e+07	-35.884
2.9e+09	-1.05e+07	-35.967
3e+09	-1.05e+07	-36.131
3.1e+09	-1.05e+07	-36.618
3.2e+09	-1.05e+07	-37.343
3.3e+09	-1.05e+07	-37.504
3.4e+09	-1.05e+07	-38.202
3.5e+09	-1.05e+07	-38.556
3.6e+09	-1.05e+07	-39.104
3.7e+09	-1.05e+07	-39.116
3.8e+09	-1.05e+07	-39.243
3.9e+09	-1.05e+07	-39.464
4e+09	-1.05e+07	-39.924
4.1e+09	-1.05e+07	-40.599
4.2e+09	-1.05e+07	-41.561
4.3e+09	-1.05e+07	-42.558
4.4e+09	-1.05e+07	-43.243
4e+08	-1e+07	-30.253
5e+08	-1e+07	-30.454
6e+08	-1e+07	-30.74
7e+08	-1e+07	-30.763
8e+08	-1e+07	-30.715
9e+08	-1e+07	-30.53
1e+09	-1e+07	-31.058
1.1e+09	-1e+07	-31.925
1.2e+09	-1e+07	-32.206
1.3e+09	-1e+07	-32.013
1.4e+09	-1e+07	-32.432
1.5e+09	-1e+07	-32.936
1.6e+09	-1e+07	-33.287
1.7e+09	-1e+07	-33.12
1.8e+09	-1e+07	-32.704
1.9e+09	-1e+07	-33.145
2e+09	-1e+07	-33.689
2.1e+09	-1e+07	-34.333
2.2e+09	-1e+07	-34.306
2.3e+09	-1e+07	-34.66
2.4e+09	-1e+07	-35.142
2.5e+09	-1e+07	-35.618
2.6e+09	-1e+07	-35.538
2.7e+09	-1e+07	-35.44
2.8e+09	-1e+07	-35.502
2.9e+09	-1e+07	-35.585
3e+09	-1e+07	-35.754
3.1e+09	-1e+07	-36.244
3.2e+09	-1e+07	-36.965
3.3e+09	-1e+07	-37.11
3.4e+09	-1e+07	-37.827
3.5e+09	-1e+07	-38.176
3.6e+09	-1e+07	-38.723
3.7e+09	-1e+07	-38.728
3.8e+09	-1e+07	-38.862
3.9e+09	-1e+07	-39.085
4e+09	-1e+07	-39.543
4.1e+09	-1e+07	-40.223
4.2e+09	-1e+07	-41.188
4.3e+09	-1e+07	-42.184
4.4e+09	-1e+07	-42.868
4e+08	-9.5e+06	-30.073
5e+08	-9.5e+06	-30.277
6e+08	-9.5e+06	-30.558
7e+08	-9.5e+06	-30.582
8e+08	-9.5e+06	-30.535
9e+08	-9.5e+06	-30.351
1e+09	-9.5e+06	-30.886
1.1e+09	-9.5e+06	-31.749
1.2e+09	-9.5e+06	-32.032
1.3e+09	-9.5e+06	-31.831
1.4e+09	-9.5e+06	-32.257
1.5e+09	-9.5e+06	-32.75
1.6e+09	-9.5e+06	-33.112
1.7e+09	-9.5e+06	-32.931
1.8e+09	-9.5e+06	-32.53
1.9e+09	-9.5e+06	-32.965
2e+09	-9.5e+06	-33.521
2.1e+09	-9.5e+06	-34.145
2.2e+09	-9.5e+06	-34.13
2.3e+09	-9.5e+06	-34.481
2.4e+09	-9.5e+06	-34.966
2.5e+09	-9.5e+06	-35.442
2.6e+09	-9.5e+06	-35.359
2.7e+09	-9.5e+06	-35.251
2.8e+09	-9.5e+06	-35.321
2.9e+09	-9.5e+06	-35.405
3e+09	-9.5e+06	-35.586
3.1e+09	-9.5e+06	-36.071
3.2e+09	-9.5e+06	-36.79
3.3e+09	-9.5e+06	-36.934
3.4e+09	-9.5e+06	-37.653
3.5e+09	-9.5e+06	-37.999
3.6e+09	-9.5e+06	-38.543
3.7e+09	-9.5e+06	-38.542
3.8e+09	-9.5e+06	-38.682
3.9e+09	-9.5e+06	-38.906
4e+09	-9.5e+06	-39.383
4.1e+09	-9.5e+06	-40.049
4.2e+09	-9.5e+06	-41.015
4.3e+09	-9.5e+06	-42.011
4.4e+09	-9.5e+06	-42.695
4e+08	-9e+06	-30.005
5e+08	-9e+06	-30.212
6e+08	-9e+06	-30.485
7e+08	-9e+06	-30.513
8e+08	-9e+06	-30.466
9e+08	-9e+06	-30.285
1e+09	-9e+06	-30.823
1.1e+09	-9e+06	-31.684
1.2e+09	-9e+06	-31.967
1.3e+09	-9e+06	-31.76
1.4e+09	-9e+06	-32.193
1.5e+09	-9e+06	-32.675
1.6e+09	-9e+06	-33.048
1.7e+09	-9e+06	-32.852
1.8e+09	-9e+06	-32.468
1.9e+09	-9e+06	-32.898
2e+09	-9e+06	-33.465
2.1e+09	-9e+06	-34.078
2.2e+09	-9e+06	-34.064
2.3e+09	-9e+06	-34.414
2.4e+09	-9e+06	-34.901
2.5e+09	-9e+06	-35.369
2.6e+09	-9e+06	-35.29
2.7e+09	-9e+06	-35.183
2.8e+09	-9e+06	-35.251
2.9e+09	-9e+06	-35.334
3e+09	-9e+06	-35.521
3.1e+09	-9e+06	-36.008
3.2e+09	-9e+06	-36.724
3.3e+09	-9e+06	-36.871
3.4e+09	-9e+06	-37.59
3.5e+09	-9e+06	-37.943
3.6e+09	-9e+06	-38.462
3.7e+09	-9e+06	-38.466
3.8e+09	-9e+06	-38.612
3.9e+09	-9e+06	-38.828
4e+09	-9e+06	-39.314
4.1e+09	-9e+06	-39.975
4.2e+09	-9e+06	-40.955
4.3e+09	-9e+06	-41.948
4.4e+09	-9e+06	-42.633
4e+08	-8.5e+06	-29.986
5e+08	-8.5e+06	-30.193
6e+08	-8.5e+06	-30.462
7e+08	-8.5e+06	-30.493
8e+08	-8.5e+06	-30.446
9e+08	-8.5e+06	-30.265
1e+09	-8.5e+06	-30.809
1.1e+09	-8.5e+06	-31.668
1.2e+09	-8.5e+06	-31.95
1.3e+09	-8.5e+06	-31.739
1.4e+09	-8.5e+06	-32.176
1.5e+09	-8.5e+06	-32.637
1.6e+09	-8.5e+06	-33.033
1.7e+09	-8.5e+06	-32.822
1.8e+09	-8.5e+06	-32.454
1.9e+09	-8.5e+06	-32.879
2e+09	-8.5e+06	-33.455
2.1e+09	-8.5e+06	-34.059
2.2e+09	-8.5e+06	-34.046
2.3e+09	-8.5e+06	-34.395
2.4e+09	-8.5e+06	-34.885
2.5e+09	-8.5e+06	-35.343
2.6e+09	-8.5e+06	-35.27
2.7e+09	-8.5e+06	-35.162
2.8e+09	-8.5e+06	-35.228
2.9e+09	-8.5e+06	-35.313
3e+09	-8.5e+06	-35.504
3.1e+09	-8.5e+06	-35.994
3.2e+09	-8.5e+06	-36.706
3.3e+09	-8.5e+06	-36.856
3.4e+09	-8.5e+06	-37.575
3.5e+09	-8.5e+06	-37.925
3.6e+09	-8.5e+06	-38.44
3.7e+09	-8.5e+06	-38.438
3.8e+09	-8.5e+06	-38.591
3.9e+09	-8.5e+06	-38.808
4e+09	-8.5e+06	-39.293
4.1e+09	-8.5e+06	-39.959
4.2e+09	-8.5e+06	-40.941
4.3e+09	-8.5e+06	-41.933
4.4e+09	-8.5e+06	-42.619
4e+08	-8e+06	-29.98
5e+08	-8e+06	-30.188
6e+08	-8e+06	-30.453
7e+08	-8e+06	-30.485
8e+08	-8e+06	-30.438
9e+08	-8e+06	-30.261
1e+09	-8e+06	-30.809
1.1e+09	-8e+06	-31.666
1.2e+09	-8e+06	-31.947
1.3e+09	-8e+06	-31.73
1.4e+09	-8e+06	-32.173
1.5e+09	-8e+06	-32.625
1.6e+09	-8e+06	-33.032
1.7e+09	-8e+06	-32.806
1.8e+09	-8e+06	-32.444
1.9e+09	-8e+06	-32.873
2e+09	-8e+06	-33.461
2.1e+09	-8e+06	-34.053
2.2e+09	-8e+06	-34.042
2.3e+09	-8e+06	-34.389
2.4e+09	-8e+06	-34.882
2.5e+09	-8e+06	-35.331
2.6e+09	-8e+06	-35.272
2.7e+09	-8e+06	-35.155
2.8e+09	-8e+06	-35.22
2.9e+09	-8e+06	-35.305
3e+09	-8e+06	-35.5
3.1e+09	-8e+06	-35.994
3.2e+09	-8e+06	-36.702
3.3e+09	-8e+06	-36.854
3.4e+09	-8e+06	-37.573
3.5e+09	-8e+06	-37.921
3.6e+09	-8e+06	-38.432
3.7e+09	-8e+06	-38.424
3.8e+09	-8e+06	-38.584
3.9e+09	-8e+06	-38.802
4e+09	-8e+06	-39.285
4.1e+09	-8e+06	-39.958
4.2e+09	-8e+06	-40.942
4.3e+09	-8e+06	-41.933
4.4e+09	-8e+06	-42.609
4e+08	-7.5e+06	-29.977
5e+08	-7.5e+06	-30.187
6e+08	-7.5e+06	-30.444
7e+08	-7.5e+06	-30.48
8e+08	-7.5e+06	-30.433
9e+08	-7.5e+06	-30.257
1e+09	-7.5e+06	-30.81
1.1e+09	-7.5e+06	-31.665
1.2e+09	-7.5e+06	-31.945
1.3e+09	-7.5e+06	-31.724
1.4e+09	-7.5e+06	-32.171
1.5e+09	-7.5e+06	-32.614
1.6e+09	-7.5e+06	-33.033
1.7e+09	-7.5e+06	-32.792
1.8e+09	-7.5e+06	-32.446
1.9e+09	-7.5e+06	-32.86
2e+09	-7.5e+06	-33.468
2.1e+09	-7.5e+06	-34.049
2.2e+09	-7.5e+06	-34.03
2.3e+09	-7.5e+06	-34.385
2.4e+09	-7.5e+06	-34.882
2.5e+09	-7.5e+06	-35.321
2.6e+09	-7.5e+06	-35.268
2.7e+09	-7.5e+06	-35.15
2.8e+09	-7.5e+06	-35.214
2.9e+09	-7.5e+06	-35.3
3e+09	-7.5e+06	-35.499
3.1e+09	-7.5e+06	-35.996
3.2e+09	-7.5e+06	-36.7
3.3e+09	-7.5e+06	-36.847
3.4e+09	-7.5e+06	-37.573
3.5e+09	-7.5e+06	-37.917
3.6e+09	-7.5e+06	-38.426
3.7e+09	-7.5e+06	-38.413
3.8e+09	-7.5e+06	-38.578
3.9e+09	-7.5e+06	-38.799
4e+09	-7.5e+06	-39.279
4.1e+09	-7.5e+06	-39.958
4.2e+09	-7.5e+06	-40.943
4.3e+09	-7.5e+06	-41.934
4.4e+09	-7.5e+06	-42.61
4e+08	-7e+06	-29.973
5e+08	-7e+06	-30.185
6e+08	-7e+06	-30.438
7e+08	-7e+06	-30.476
8e+08	-7e+06	-30.429
9e+08	-7e+06	-30.256
1e+09	-7e+06	-30.813
1.1e+09	-7e+06	-31.665
1.2e+09	-7e+06	-31.944
1.3e+09	-7e+06	-31.719
1.4e+09	-7e+06	-32.171
1.5e+09	-7e+06	-32.606
1.6e+09	-7e+06	-33.034
1.7e+09	-7e+06	-32.78
1.8e+09	-7e+06	-32.45
1.9e+09	-7e+06	-32.857
2e+09	-7e+06	-33.476
2.1e+09	-7e+06	-34.046
2.2e+09	-7e+06	-34.027
2.3e+09	-7e+06	-34.383
2.4e+09	-7e+06	-34.873
2.5e+09	-7e+06	-35.313
2.6e+09	-7e+06	-35.265
2.7e+09	-7e+06	-35.136
2.8e+09	-7e+06	-35.209
2.9e+09	-7e+06	-35.295
3e+09	-7e+06	-35.499
3.1e+09	-7e+06	-35.998
3.2e+09	-7e+06	-36.699
3.3e+09	-7e+06	-36.849
3.4e+09	-7e+06	-37.575
3.5e+09	-7e+06	-37.904
3.6e+09	-7e+06	-38.42
3.7e+09	-7e+06	-38.403
3.8e+09	-7e+06	-38.574
3.9e+09	-7e+06	-38.796
4e+09	-7e+06	-39.274
4.1e+09	-7e+06	-39.949
4.2e+09	-7e+06	-40.947
4.3e+09	-7e+06	-41.935
4.4e+09	-7e+06	-42.614
4e+08	-6.5e+06	-29.972
5e+08	-6.5e+06	-30.186
6e+08	-6.5e+06	-30.434
7e+08	-6.5e+06	-30.474
8e+08	-6.5e+06	-30.414
9e+08	-6.5e+06	-30.256
1e+09	-6.5e+06	-30.804
1.1e+09	-6.5e+06	-31.667
1.2e+09	-6.5e+06	-31.945
1.3e+09	-6.5e+06	-31.716
1.4e+09	-6.5e+06	-32.172
1.5e+09	-6.5e+06	-32.599
1.6e+09	-6.5e+06	-33.037
1.7e+09	-6.5e+06	-32.758
1.8e+09	-6.5e+06	-32.456
1.9e+09	-6.5e+06	-32.856
2e+09	-6.5e+06	-33.486
2.1e+09	-6.5e+06	-34.045
2.2e+09	-6.5e+06	-34.029
2.3e+09	-6.5e+06	-34.382
2.4e+09	-6.5e+06	-34.876
2.5e+09	-6.5e+06	-35.316
2.6e+09	-6.5e+06	-35.264
2.7e+09	-6.5e+06	-35.135
2.8e+09	-6.5e+06	-35.205
2.9e+09	-6.5e+06	-35.292
3e+09	-6.5e+06	-35.5
3.1e+09	-6.5e+06	-36.002
3.2e+09	-6.5e+06	-36.699
3.3e+09	-6.5e+06	-36.853
3.4e+09	-6.5e+06	-37.578
3.5e+09	-6.5e+06	-37.904
3.6e+09	-6.5e+06	-38.416
3.7e+09	-6.5e+06	-38.395
3.8e+09	-6.5e+06	-38.571
3.9e+09	-6.5e+06	-38.795
4e+09	-6.5e+06	-39.271
4.1e+09	-6.5e+06	-39.952
4.2e+09	-6.5e+06	-40.952
4.3e+09	-6.5e+06	-41.939
4.4e+09	-6.5e+06	-42.619
4e+08	-6e+06	-29.972
5e+08	-6e+06	-30.187
6e+08	-6e+06	-30.417
7e+08	-6e+06	-30.474
8e+08	-6e+06	-30.413
9e+08	-6e+06	-30.257
1e+09	-6e+06	-30.809
1.1e+09	-6e+06	-31.67
1.2e+09	-6e+06	-31.934
1.3e+09	-6e+06	-31.702
1.4e+09	-6e+06	-32.163
1.5e+09	-6e+06	-32.593
1.6e+09	-6e+06	-33.042
1.7e+09	-6e+06	-32.747
1.8e+09	-6e+06	-32.462
1.9e+09	-6e+06	-32.856
2e+09	-6e+06	-33.497
2.1e+09	-6e+06	-34.044
2.2e+09	-6e+06	-34.03
2.3e+09	-6e+06	-34.381
2.4e+09	-6e+06	-34.879
2.5e+09	-6e+06	-35.31
2.6e+09	-6e+06	-35.264
2.7e+09	-6e+06	-35.135
2.8e+09	-6e+06	-35.211
2.9e+09	-6e+06	-35.291
3e+09	-6e+06	-35.502
3.1e+09	-6e+06	-36.007
3.2e+09	-6e+06	-36.7
3.3e+09	-6e+06	-36.858
3.4e+09	-6e+06	-37.583
3.5e+09	-6e+06	-37.906
3.6e+09	-6e+06	-38.413
3.7e+09	-6e+06	-38.378
3.8e+09	-6e+06	-38.57
3.9e+09	-6e+06	-38.795
4e+09	-6e+06	-39.269
4.1e+09	-6e+06	-39.957
4.2e+09	-6e+06	-40.958
4.3e+09	-6e+06	-41.944
4.4e+09	-6e+06	-42.626
4e+08	-5.5e+06	-29.97
5e+08	-5.5e+06	-30.188
6e+08	-5.5e+06	-30.413
7e+08	-5.5e+06	-30.473
8e+08	-5.5e+06	-30.411
9e+08	-5.5e+06	-30.259
1e+09	-5.5e+06	-30.812
1.1e+09	-5.5e+06	-31.673
1.2e+09	-5.5e+06	-31.934
1.3e+09	-5.5e+06	-31.7
1.4e+09	-5.5e+06	-32.164
1.5e+09	-5.5e+06	-32.587
1.6e+09	-5.5e+06	-33.046
1.7e+09	-5.5e+06	-32.737
1.8e+09	-5.5e+06	-32.469
1.9e+09	-5.5e+06	-32.855
2e+09	-5.5e+06	-33.507
2.1e+09	-5.5e+06	-34.032
2.2e+09	-5.5e+06	-34.031
2.3e+09	-5.5e+06	-34.381
2.4e+09	-5.5e+06	-34.882
2.5e+09	-5.5e+06	-35.304
2.6e+09	-5.5e+06	-35.264
2.7e+09	-5.5e+06	-35.124
2.8e+09	-5.5e+06	-35.208
2.9e+09	-5.5e+06	-35.288
3e+09	-5.5e+06	-35.504
3.1e+09	-5.5e+06	-36.012
3.2e+09	-5.5e+06	-36.701
3.3e+09	-5.5e+06	-36.855
3.4e+09	-5.5e+06	-37.587
3.5e+09	-5.5e+06	-37.906
3.6e+09	-5.5e+06	-38.409
3.7e+09	-5.5e+06	-38.371
3.8e+09	-5.5e+06	-38.569
3.9e+09	-5.5e+06	-38.784
4e+09	-5.5e+06	-39.276
4.1e+09	-5.5e+06	-39.961
4.2e+09	-5.5e+06	-40.963
4.3e+09	-5.5e+06	-41.948
4.4e+09	-5.5e+06	-42.632
4e+08	-5e+06	-29.967
5e+08	-5e+06	-30.186
6e+08	-5e+06	-30.407
7e+08	-5e+06	-30.47
8e+08	-5e+06	-30.408
9e+08	-5e+06	-30.258
1e+09	-5e+06	-30.815
1.1e+09	-5e+06	-31.674
1.2e+09	-5e+06	-31.933
1.3e+09	-5e+06	-31.695
1.4e+09	-5e+06	-32.163
1.5e+09	-5e+06	-32.58
1.6e+09	-5e+06	-33.048
1.7e+09	-5e+06	-32.725
1.8e+09	-5e+06	-32.473
1.9e+09	-5e+06	-32.853
2e+09	-5e+06	-33.514
2.1e+09	-5e+06	-34.028
2.2e+09	-5e+06	-34.03
2.3e+09	-5e+06	-34.378
2.4e+09	-5e+06	-34.883
2.5e+09	-5e+06	-35.296
2.6e+09	-5e+06	-35.253
2.7e+09	-5e+06	-35.12
2.8e+09	-5e+06	-35.203
2.9e+09	-5e+06	-35.283
3e+09	-5e+06	-35.503
3.1e+09	-5e+06	-36.014
3.2e+09	-5e+06	-36.699
3.3e+09	-5e+06	-36.867
3.4e+09	-5e+06	-37.59
3.5e+09	-5e+06	-37.904
3.6e+09	-5e+06	-38.403
3.7e+09	-5e+06	-38.362
3.8e+09	-5e+06	-38.565
3.9e+09	-5e+06	-38.781
4e+09	-5e+06	-39.271
4.1e+09	-5e+06	-39.963
4.2e+09	-5e+06	-40.966
4.3e+09	-5e+06	-41.96
4.4e+09	-5e+06	-42.636
4e+08	-4.5e+06	-29.961
5e+08	-4.5e+06	-30.169
6e+08	-4.5e+06	-30.399
7e+08	-4.5e+06	-30.466
8e+08	-4.5e+06	-30.403
9e+08	-4.5e+06	-30.243
1e+09	-4.5e+06	-30.815
1.1e+09	-4.5e+06	-31.661
1.2e+09	-4.5e+06	-31.929
1.3e+09	-4.5e+06	-31.69
1.4e+09	-4.5e+06	-32.16
1.5e+09	-4.5e+06	-32.572
1.6e+09	-4.5e+06	-33.049
1.7e+09	-4.5e+06	-32.711
1.8e+09	-4.5e+06	-32.476
1.9e+09	-4.5e+06	-32.839
2e+09	-4.5e+06	-33.532
2.1e+09	-4.5e+06	-34.023
2.2e+09	-4.5e+06	-34.019
2.3e+09	-4.5e+06	-34.382
2.4e+09	-4.5e+06	-34.883
2.5e+09	-4.5e+06	-35.287
2.6e+09	-4.5e+06	-35.249
2.7e+09	-4.5e+06	-35.116
2.8e+09	-4.5e+06	-35.196
2.9e+09	-4.5e+06	-35.286
3e+09	-4.5e+06	-35.503
3.1e+09	-4.5e+06	-36.016
3.2e+09	-4.5e+06	-36.696
3.3e+09	-4.5e+06	-36.87
3.4e+09	-4.5e+06	-37.59
3.5e+09	-4.5e+06	-37.902
3.6e+09	-4.5e+06	-38.396
3.7e+09	-4.5e+06	-38.352
3.8e+09	-4.5e+06	-38.56
3.9e+09	-4.5e+06	-38.777
4e+09	-4.5e+06	-39.266
4.1e+09	-4.5e+06	-39.965
4.2e+09	-4.5e+06	-40.968
4.3e+09	-4.5e+06	-41.96
4.4e+09	-4.5e+06	-42.629
4e+08	-4e+06	-29.956
5e+08	-4e+06	-30.166
6e+08	-4e+06	-30.392
7e+08	-4e+06	-30.462
8e+08	-4e+06	-30.397
9e+08	-4e+06	-30.241
1e+09	-4e+06	-30.816
1.1e+09	-4e+06	-31.661
1.2e+09	-4e+06	-31.925
1.3e+09	-4e+06	-31.684
1.4e+09	-4e+06	-32.158
1.5e+09	-4e+06	-32.563
1.6e+09	-4e+06	-33.049
1.7e+09	-4e+06	-32.697
1.8e+09	-4e+06	-32.479
1.9e+09	-4e+06	-32.836
2e+09	-4e+06	-33.537
2.1e+09	-4e+06	-34.018
2.2e+09	-4e+06	-34.017
2.3e+09	-4e+06	-34.367
2.4e+09	-4e+06	-34.872
2.5e+09	-4e+06	-35.287
2.6e+09	-4e+06	-35.245
2.7e+09	-4e+06	-35.111
2.8e+09	-4e+06	-35.181
2.9e+09	-4e+06	-35.28
3e+09	-4e+06	-35.502
3.1e+09	-4e+06	-36.017
3.2e+09	-4e+06	-36.674
3.3e+09	-4e+06	-36.872
3.4e+09	-4e+06	-37.591
3.5e+09	-4e+06	-37.898
3.6e+09	-4e+06	-38.389
3.7e+09	-4e+06	-38.342
3.8e+09	-4e+06	-38.555
3.9e+09	-4e+06	-38.773
4e+09	-4e+06	-39.26
4.1e+09	-4e+06	-39.965
4.2e+09	-4e+06	-40.959
4.3e+09	-4e+06	-41.96
4.4e+09	-4e+06	-42.633
4e+08	-3.5e+06	-29.951
5e+08	-3.5e+06	-30.163
6e+08	-3.5e+06	-30.384
7e+08	-3.5e+06	-30.451
8e+08	-3.5e+06	-30.379
9e+08	-3.5e+06	-30.239
1e+09	-3.5e+06	-30.816
1.1e+09	-3.5e+06	-31.659
1.2e+09	-3.5e+06	-31.921
1.3e+09	-3.5e+06	-31.666
1.4e+09	-3.5e+06	-32.154
1.5e+09	-3.5e+06	-32.556
1.6e+09	-3.5e+06	-33.049
1.7e+09	-3.5e+06	-32.683
1.8e+09	-3.5e+06	-32.482
1.9e+09	-3.5e+06	-32.833
2e+09	-3.5e+06	-33.543
2.1e+09	-3.5e+06	-34.012
2.2e+09	-3.5e+06	-34.014
2.3e+09	-3.5e+06	-34.362
2.4e+09	-3.5e+06	-34.882
2.5e+09	-3.5e+06	-35.268
2.6e+09	-3.5e+06	-35.241
2.7e+09	-3.5e+06	-35.106
2.8e+09	-3.5e+06	-35.174
2.9e+09	-3.5e+06	-35.265
3e+09	-3.5e+06	-35.5
3.1e+09	-3.5e+06	-36.018
3.2e+09	-3.5e+06	-36.67
3.3e+09	-3.5e+06	-36.874
3.4e+09	-3.5e+06	-37.591
3.5e+09	-3.5e+06	-37.896
3.6e+09	-3.5e+06	-38.381
3.7e+09	-3.5e+06	-38.332
3.8e+09	-3.5e+06	-38.55
3.9e+09	-3.5e+06	-38.769
4e+09	-3.5e+06	-39.255
4.1e+09	-3.5e+06	-39.966
4.2e+09	-3.5e+06	-40.96
4.3e+09	-3.5e+06	-41.96
4.4e+09	-3.5e+06	-42.636
4e+08	-3e+06	-29.944
5e+08	-3e+06	-30.159
6e+08	-3e+06	-30.371
7e+08	-3e+06	-30.447
8e+08	-3e+06	-30.373
9e+08	-3e+06	-30.237
1e+09	-3e+06	-30.814
1.1e+09	-3e+06	-31.658
1.2e+09	-3e+06	-31.915
1.3e+09	-3e+06	-31.659
1.4e+09	-3e+06	-32.149
1.5e+09	-3e+06	-32.548
1.6e+09	-3e+06	-33.048
1.7e+09	-3e+06	-32.669
1.8e+09	-3e+06	-32.485
1.9e+09	-3e+06	-32.828
2e+09	-3e+06	-33.548
2.1e+09	-3e+06	-34.004
2.2e+09	-3e+06	-34.012
2.3e+09	-3e+06	-34.356
2.4e+09	-3e+06	-34.88
2.5e+09	-3e+06	-35.257
2.6e+09	-3e+06	-35.237
2.7e+09	-3e+06	-35.1
2.8e+09	-3e+06	-35.166
2.9e+09	-3e+06	-35.258
3e+09	-3e+06	-35.508
3.1e+09	-3e+06	-36.017
3.2e+09	-3e+06	-36.664
3.3e+09	-3e+06	-36.867
3.4e+09	-3e+06	-37.59
3.5e+09	-3e+06	-37.902
3.6e+09	-3e+06	-38.36
3.7e+09	-3e+06	-38.322
3.8e+09	-3e+06	-38.544
3.9e+09	-3e+06	-38.752
4e+09	-3e+06	-39.248
4.1e+09	-3e+06	-39.956
4.2e+09	-3e+06	-40.961
4.3e+09	-3e+06	-41.959
4.4e+09	-3e+06	-42.637
4e+08	-2.5e+06	-29.938
5e+08	-2.5e+06	-30.155
6e+08	-2.5e+06	-30.361
7e+08	-2.5e+06	-30.441
8e+08	-2.5e+06	-30.364
9e+08	-2.5e+06	-30.234
1e+09	-2.5e+06	-30.812
1.1e+09	-2.5e+06	-31.655
1.2e+09	-2.5e+06	-31.907
1.3e+09	-2.5e+06	-31.652
1.4e+09	-2.5e+06	-32.144
1.5e+09	-2.5e+06	-32.538
1.6e+09	-2.5e+06	-33.045
1.7e+09	-2.5e+06	-32.653
1.8e+09	-2.5e+06	-32.485
1.9e+09	-2.5e+06	-32.822
2e+09	-2.5e+06	-33.552
2.1e+09	-2.5e+06	-33.995
2.2e+09	-2.5e+06	-34.007
2.3e+09	-2.5e+06	-34.348
2.4e+09	-2.5e+06	-34.877
2.5e+09	-2.5e+06	-35.247
2.6e+09	-2.5e+06	-35.231
2.7e+09	-2.5e+06	-35.092
2.8e+09	-2.5e+06	-35.156
2.9e+09	-2.5e+06	-35.25
3e+09	-2.5e+06	-35.504
3.1e+09	-2.5e+06	-36.016
3.2e+09	-2.5e+06	-36.659
3.3e+09	-2.5e+06	-36.867
3.4e+09	-2.5e+06	-37.588
3.5e+09	-2.5e+06	-37.897
3.6e+09	-2.5e+06	-38.35
3.7e+09	-2.5e+06	-38.31
3.8e+09	-2.5e+06	-38.538
3.9e+09	-2.5e+06	-38.746
4e+09	-2.5e+06	-39.24
4.1e+09	-2.5e+06	-39.953
4.2e+09	-2.5e+06	-40.96
4.3e+09	-2.5e+06	-41.957
4.4e+09	-2.5e+06	-42.639
4e+08	-2e+06	-29.915
5e+08	-2e+06	-30.149
6e+08	-2e+06	-30.351
7e+08	-2e+06	-30.434
8e+08	-2e+06	-30.357
9e+08	-2e+06	-30.229
1e+09	-2e+06	-30.795
1.1e+09	-2e+06	-31.651
1.2e+09	-2e+06	-31.899
1.3e+09	-2e+06	-31.643
1.4e+09	-2e+06	-32.138
1.5e+09	-2e+06	-32.529
1.6e+09	-2e+06	-33.042
1.7e+09	-2e+06	-32.626
1.8e+09	-2e+06	-32.485
1.9e+09	-2e+06	-32.815
2e+09	-2e+06	-33.555
2.1e+09	-2e+06	-33.984
2.2e+09	-2e+06	-34.002
2.3e+09	-2e+06	-34.34
2.4e+09	-2e+06	-34.874
2.5e+09	-2e+06	-35.235
2.6e+09	-2e+06	-35.224
2.7e+09	-2e+06	-35.084
2.8e+09	-2e+06	-35.145
2.9e+09	-2e+06	-35.241
3e+09	-2e+06	-35.5
3.1e+09	-2e+06	-36.013
3.2e+09	-2e+06	-36.651
3.3e+09	-2e+06	-36.867
3.4e+09	-2e+06	-37.584
3.5e+09	-2e+06	-37.891
3.6e+09	-2e+06	-38.339
3.7e+09	-2e+06	-38.298
3.8e+09	-2e+06	-38.53
3.9e+09	-2e+06	-38.739
4e+09	-2e+06	-39.231
4.1e+09	-2e+06	-39.951
4.2e+09	-2e+06	-40.958
4.3e+09	-2e+06	-41.954
4.4e+09	-2e+06	-42.639
4e+08	-1.5e+06	-29.905
5e+08	-1.5e+06	-30.144
6e+08	-1.5e+06	-30.34
7e+08	-1.5e+06	-30.427
8e+08	-1.5e+06	-30.348
9e+08	-1.5e+06	-30.225
1e+09	-1.5e+06	-30.791
1.1e+09	-1.5e+06	-31.648
1.2e+09	-1.5e+06	-31.89
1.3e+09	-1.5e+06	-31.636
1.4e+09	-1.5e+06	-32.13
1.5e+09	-1.5e+06	-32.508
1.6e+09	-1.5e+06	-33.039
1.7e+09	-1.5e+06	-32.611
1.8e+09	-1.5e+06	-32.485
1.9e+09	-1.5e+06	-32.797
2e+09	-1.5e+06	-33.558
2.1e+09	-1.5e+06	-33.963
2.2e+09	-1.5e+06	-33.988
2.3e+09	-1.5e+06	-34.331
2.4e+09	-1.5e+06	-34.87
2.5e+09	-1.5e+06	-35.223
2.6e+09	-1.5e+06	-35.218
2.7e+09	-1.5e+06	-35.066
2.8e+09	-1.5e+06	-35.135
2.9e+09	-1.5e+06	-35.232
3e+09	-1.5e+06	-35.496
3.1e+09	-1.5e+06	-36.011
3.2e+09	-1.5e+06	-36.644
3.3e+09	-1.5e+06	-36.866
3.4e+09	-1.5e+06	-37.581
3.5e+09	-1.5e+06	-37.885
3.6e+09	-1.5e+06	-38.328
3.7e+09	-1.5e+06	-38.286
3.8e+09	-1.5e+06	-38.522
3.9e+09	-1.5e+06	-38.73
4e+09	-1.5e+06	-39.221
4.1e+09	-1.5e+06	-39.949
4.2e+09	-1.5e+06	-40.956
4.3e+09	-1.5e+06	-41.951
4.4e+09	-1.5e+06	-42.629
4e+08	-1e+06	-29.897
5e+08	-1e+06	-30.137
6e+08	-1e+06	-30.332
7e+08	-1e+06	-30.422
8e+08	-1e+06	-30.326
9e+08	-1e+06	-30.221
1e+09	-1e+06	-30.787
1.1e+09	-1e+06	-31.644
1.2e+09	-1e+06	-31.881
1.3e+09	-1e+06	-31.616
1.4e+09	-1e+06	-32.122
1.5e+09	-1e+06	-32.5
1.6e+09	-1e+06	-33.036
1.7e+09	-1e+06	-32.595
1.8e+09	-1e+06	-32.485
1.9e+09	-1e+06	-32.79
2e+09	-1e+06	-33.56
2.1e+09	-1e+06	-33.953
2.2e+09	-1e+06	-33.983
2.3e+09	-1e+06	-34.322
2.4e+09	-1e+06	-34.857
2.5e+09	-1e+06	-35.221
2.6e+09	-1e+06	-35.211
2.7e+09	-1e+06	-35.059
2.8e+09	-1e+06	-35.124
2.9e+09	-1e+06	-35.222
3e+09	-1e+06	-35.49
3.1e+09	-1e+06	-36.009
3.2e+09	-1e+06	-36.637
3.3e+09	-1e+06	-36.858
3.4e+09	-1e+06	-37.577
3.5e+09	-1e+06	-37.879
3.6e+09	-1e+06	-38.316
3.7e+09	-1e+06	-38.275
3.8e+09	-1e+06	-38.514
3.9e+09	-1e+06	-38.722
4e+09	-1e+06	-39.213
4.1e+09	-1e+06	-39.946
4.2e+09	-1e+06	-40.955
4.3e+09	-1e+06	-41.948
4.4e+09	-1e+06	-42.63
4e+08	-5e+05	-29.884
5e+08	-5e+05	-30.128
6e+08	-5e+05	-30.318
7e+08	-5e+05	-30.413
8e+08	-5e+05	-30.315
9e+08	-5e+05	-30.213
1e+09	-5e+05	-30.779
1.1e+09	-5e+05	-31.637
1.2e+09	-5e+05	-31.868
1.3e+09	-5e+05	-31.605
1.4e+09	-5e+05	-32.113
1.5e+09	-5e+05	-32.488
1.6e+09	-5e+05	-33.028
1.7e+09	-5e+05	-32.577
1.8e+09	-5e+05	-32.481
1.9e+09	-5e+05	-32.779
2e+09	-5e+05	-33.559
2.1e+09	-5e+05	-33.939
2.2e+09	-5e+05	-33.975
2.3e+09	-5e+05	-34.31
2.4e+09	-5e+05	-34.85
2.5e+09	-5e+05	-35.206
2.6e+09	-5e+05	-35.201
2.7e+09	-5e+05	-35.046
2.8e+09	-5e+05	-35.11
2.9e+09	-5e+05	-35.21
3e+09	-5e+05	-35.483
3.1e+09	-5e+05	-36.002
3.2e+09	-5e+05	-36.626
3.3e+09	-5e+05	-36.855
3.4e+09	-5e+05	-37.57
3.5e+09	-5e+05	-37.869
3.6e+09	-5e+05	-38.3
3.7e+09	-5e+05	-38.261
3.8e+09	-5e+05	-38.502
3.9e+09	-5e+05	-38.711
4e+09	-5e+05	-39.201
4.1e+09	-5e+05	-39.94
4.2e+09	-5e+05	-40.949
4.3e+09	-5e+05	-41.941
4.4e+09	-5e+05	-42.626
4e+08	0	-30.44
5e+08	0	-29.318
6e+08	0	-30.011
7e+08	0	-30.155
8e+08	0	-30.563
9e+08	0	-29.871
1e+09	0	-30.484
1.1e+09	0	-31.151
1.2e+09	0	-31.622
1.3e+09	0	-31.357
1.4e+09	0	-31.729
1.5e+09	0	-32.006
1.6e+09	0	-32.776
1.7e+09	0	-31.979
1.8e+09	0	-32.231
1.9e+09	0	-32.838
2e+09	0	-33.763
2.1e+09	0	-33.928
2.2e+09	0	-33.695
2.3e+09	0	-33.846
2.4e+09	0	-35.082
2.5e+09	0	-35.247
2.6e+09	0	-34.674
2.7e+09	0	-34.83
2.8e+09	0	-34.513
2.9e+09	0	-34.579
3e+09	0	-34.961
3.1e+09	0	-35.667
3.2e+09	0	-36.5
3.3e+09	0	-36.441
3.4e+09	0	-37.77
3.5e+09	0	-37.617
3.6e+09	0	-38.452
3.7e+09	0	-38.463
3.8e+09	0	-38.3
3.9e+09	0	-38.694
4e+09	0	-38.842
4.1e+09	0	-39.716
4.2e+09	0	-40.325
4.3e+09	0	-41.362
4.4e+09	0	-42.792
4e+08	5e+05	-29.891
5e+08	5e+05	-30.134
6e+08	5e+05	-30.315
7e+08	5e+05	-30.42
8e+08	5e+05	-30.317
9e+08	5e+05	-30.226
1e+09	5e+05	-30.791
1.1e+09	5e+05	-31.651
1.2e+09	5e+05	-31.866
1.3e+09	5e+05	-31.607
1.4e+09	5e+05	-32.109
1.5e+09	5e+05	-32.448
1.6e+09	5e+05	-33.033
1.7e+09	5e+05	-32.559
1.8e+09	5e+05	-32.495
1.9e+09	5e+05	-32.781
2e+09	5e+05	-33.577
2.1e+09	5e+05	-33.93
2.2e+09	5e+05	-33.975
2.3e+09	5e+05	-34.302
2.4e+09	5e+05	-34.851
2.5e+09	5e+05	-35.191
2.6e+09	5e+05	-35.197
2.7e+09	5e+05	-35.039
2.8e+09	5e+05	-35.099
2.9e+09	5e+05	-35.201
3e+09	5e+05	-35.483
3.1e+09	5e+05	-36.005
3.2e+09	5e+05	-36.619
3.3e+09	5e+05	-37.027
3.4e+09	5e+05	-37.566
3.5e+09	5e+05	-37.861
3.6e+09	5e+05	-38.279
3.7e+09	5e+05	-38.244
3.8e+09	5e+05	-38.49
3.9e+09	5e+05	-38.699
4e+09	5e+05	-39.184
4.1e+09	5e+05	-39.935
4.2e+09	5e+05	-40.943
4.3e+09	5e+05	-41.933
4.4e+09	5e+05	-42.627
4e+08	1e+06	-29.899
5e+08	1e+06	-30.145
6e+08	1e+06	-30.324
7e+08	1e+06	-30.434
8e+08	1e+06	-30.329
9e+08	1e+06	-30.243
1e+09	1e+06	-30.806
1.1e+09	1e+06	-31.667
1.2e+09	1e+06	-31.876
1.3e+09	1e+06	-31.62
1.4e+09	1e+06	-32.121
1.5e+09	1e+06	-32.463
1.6e+09	1e+06	-33.051
1.7e+09	1e+06	-32.567
1.8e+09	1e+06	-32.516
1.9e+09	1e+06	-32.797
2e+09	1e+06	-33.599
2.1e+09	1e+06	-33.941
2.2e+09	1e+06	-33.993
2.3e+09	1e+06	-34.315
2.4e+09	1e+06	-34.871
2.5e+09	1e+06	-35.204
2.6e+09	1e+06	-35.214
2.7e+09	1e+06	-35.055
2.8e+09	1e+06	-35.112
2.9e+09	1e+06	-35.216
3e+09	1e+06	-35.502
3.1e+09	1e+06	-36.025
3.2e+09	1e+06	-36.636
3.3e+09	1e+06	-37.052
3.4e+09	1e+06	-37.587
3.5e+09	1e+06	-37.881
3.6e+09	1e+06	-38.292
3.7e+09	1e+06	-38.26
3.8e+09	1e+06	-38.508
3.9e+09	1e+06	-38.717
4e+09	1e+06	-39.201
4.1e+09	1e+06	-39.959
4.2e+09	1e+06	-40.969
4.3e+09	1e+06	-41.958
4.4e+09	1e+06	-42.656
4e+08	1.5e+06	-29.905
5e+08	1.5e+06	-30.154
6e+08	1.5e+06	-30.33
7e+08	1.5e+06	-30.446
8e+08	1.5e+06	-30.337
9e+08	1.5e+06	-30.255
1e+09	1.5e+06	-30.818
1.1e+09	1.5e+06	-31.681
1.2e+09	1.5e+06	-31.881
1.3e+09	1.5e+06	-31.629
1.4e+09	1.5e+06	-32.129
1.5e+09	1.5e+06	-32.474
1.6e+09	1.5e+06	-33.064
1.7e+09	1.5e+06	-32.57
1.8e+09	1.5e+06	-32.533
1.9e+09	1.5e+06	-32.808
2e+09	1.5e+06	-33.618
2.1e+09	1.5e+06	-33.946
2.2e+09	1.5e+06	-34.006
2.3e+09	1.5e+06	-34.324
2.4e+09	1.5e+06	-34.886
2.5e+09	1.5e+06	-35.212
2.6e+09	1.5e+06	-35.226
2.7e+09	1.5e+06	-35.066
2.8e+09	1.5e+06	-35.121
2.9e+09	1.5e+06	-35.226
3e+09	1.5e+06	-35.515
3.1e+09	1.5e+06	-36.039
3.2e+09	1.5e+06	-36.638
3.3e+09	1.5e+06	-37.071
3.4e+09	1.5e+06	-37.602
3.5e+09	1.5e+06	-37.894
3.6e+09	1.5e+06	-38.299
3.7e+09	1.5e+06	-38.27
3.8e+09	1.5e+06	-38.519
3.9e+09	1.5e+06	-38.729
4e+09	1.5e+06	-39.212
4.1e+09	1.5e+06	-39.976
4.2e+09	1.5e+06	-40.986
4.3e+09	1.5e+06	-41.974
4.4e+09	1.5e+06	-42.667
4e+08	2e+06	-29.912
5e+08	2e+06	-30.164
6e+08	2e+06	-30.336
7e+08	2e+06	-30.457
8e+08	2e+06	-30.346
9e+08	2e+06	-30.27
1e+09	2e+06	-30.829
1.1e+09	2e+06	-31.694
1.2e+09	2e+06	-31.887
1.3e+09	2e+06	-31.627
1.4e+09	2e+06	-32.138
1.5e+09	2e+06	-32.485
1.6e+09	2e+06	-33.078
1.7e+09	2e+06	-32.573
1.8e+09	2e+06	-32.549
1.9e+09	2e+06	-32.82
2e+09	2e+06	-33.636
2.1e+09	2e+06	-33.952
2.2e+09	2e+06	-34.018
2.3e+09	2e+06	-34.333
2.4e+09	2e+06	-34.899
2.5e+09	2e+06	-35.218
2.6e+09	2e+06	-35.238
2.7e+09	2e+06	-35.075
2.8e+09	2e+06	-35.127
2.9e+09	2e+06	-35.235
3e+09	2e+06	-35.529
3.1e+09	2e+06	-36.053
3.2e+09	2e+06	-36.648
3.3e+09	2e+06	-37.089
3.4e+09	2e+06	-37.615
3.5e+09	2e+06	-37.906
3.6e+09	2e+06	-38.304
3.7e+09	2e+06	-38.278
3.8e+09	2e+06	-38.531
3.9e+09	2e+06	-38.74
4e+09	2e+06	-39.221
4.1e+09	2e+06	-39.993
4.2e+09	2e+06	-41.002
4.3e+09	2e+06	-41.99
4.4e+09	2e+06	-42.688
4e+08	2.5e+06	-29.919
5e+08	2.5e+06	-30.174
6e+08	2.5e+06	-30.343
7e+08	2.5e+06	-30.469
8e+08	2.5e+06	-30.354
9e+08	2.5e+06	-30.283
1e+09	2.5e+06	-30.841
1.1e+09	2.5e+06	-31.708
1.2e+09	2.5e+06	-31.891
1.3e+09	2.5e+06	-31.638
1.4e+09	2.5e+06	-32.134
1.5e+09	2.5e+06	-32.497
1.6e+09	2.5e+06	-33.09
1.7e+09	2.5e+06	-32.566
1.8e+09	2.5e+06	-32.566
1.9e+09	2.5e+06	-32.831
2e+09	2.5e+06	-33.655
2.1e+09	2.5e+06	-33.958
2.2e+09	2.5e+06	-34.01
2.3e+09	2.5e+06	-34.342
2.4e+09	2.5e+06	-34.914
2.5e+09	2.5e+06	-35.226
2.6e+09	2.5e+06	-35.249
2.7e+09	2.5e+06	-35.085
2.8e+09	2.5e+06	-35.134
2.9e+09	2.5e+06	-35.244
3e+09	2.5e+06	-35.541
3.1e+09	2.5e+06	-36.068
3.2e+09	2.5e+06	-36.657
3.3e+09	2.5e+06	-37.107
3.4e+09	2.5e+06	-37.628
3.5e+09	2.5e+06	-37.918
3.6e+09	2.5e+06	-38.31
3.7e+09	2.5e+06	-38.288
3.8e+09	2.5e+06	-38.541
3.9e+09	2.5e+06	-38.75
4e+09	2.5e+06	-39.229
4.1e+09	2.5e+06	-40.01
4.2e+09	2.5e+06	-41.017
4.3e+09	2.5e+06	-42.005
4.4e+09	2.5e+06	-42.708
4e+08	3e+06	-29.926
5e+08	3e+06	-30.183
6e+08	3e+06	-30.35
7e+08	3e+06	-30.48
8e+08	3e+06	-30.363
9e+08	3e+06	-30.296
1e+09	3e+06	-30.853
1.1e+09	3e+06	-31.721
1.2e+09	3e+06	-31.896
1.3e+09	3e+06	-31.647
1.4e+09	3e+06	-32.141
1.5e+09	3e+06	-32.508
1.6e+09	3e+06	-33.092
1.7e+09	3e+06	-32.568
1.8e+09	3e+06	-32.582
1.9e+09	3e+06	-32.841
2e+09	3e+06	-33.661
2.1e+09	3e+06	-33.96
2.2e+09	3e+06	-34.021
2.3e+09	3e+06	-34.34
2.4e+09	3e+06	-34.927
2.5e+09	3e+06	-35.232
2.6e+09	3e+06	-35.259
2.7e+09	3e+06	-35.093
2.8e+09	3e+06	-35.14
2.9e+09	3e+06	-35.252
3e+09	3e+06	-35.563
3.1e+09	3e+06	-36.072
3.2e+09	3e+06	-36.666
3.3e+09	3e+06	-37.124
3.4e+09	3e+06	-37.64
3.5e+09	3e+06	-37.929
3.6e+09	3e+06	-38.314
3.7e+09	3e+06	-38.296
3.8e+09	3e+06	-38.539
3.9e+09	3e+06	-38.76
4e+09	3e+06	-39.238
4.1e+09	3e+06	-40.025
4.2e+09	3e+06	-41.032
4.3e+09	3e+06	-42.018
4.4e+09	3e+06	-42.727
4e+08	3.5e+06	-29.931
5e+08	3.5e+06	-30.191
6e+08	3.5e+06	-30.351
7e+08	3.5e+06	-30.482
8e+08	3.5e+06	-30.369
9e+08	3.5e+06	-30.308
1e+09	3.5e+06	-30.863
1.1e+09	3.5e+06	-31.733
1.2e+09	3.5e+06	-31.899
1.3e+09	3.5e+06	-31.656
1.4e+09	3.5e+06	-32.146
1.5e+09	3.5e+06	-32.518
1.6e+09	3.5e+06	-33.101
1.7e+09	3.5e+06	-32.57
1.8e+09	3.5e+06	-32.596
1.9e+09	3.5e+06	-32.851
2e+09	3.5e+06	-33.676
2.1e+09	3.5e+06	-33.963
2.2e+09	3.5e+06	-34.032
2.3e+09	3.5e+06	-34.346
2.4e+09	3.5e+06	-34.939
2.5e+09	3.5e+06	-35.237
2.6e+09	3.5e+06	-35.259
2.7e+09	3.5e+06	-35.101
2.8e+09	3.5e+06	-35.144
2.9e+09	3.5e+06	-35.268
3e+09	3.5e+06	-35.573
3.1e+09	3.5e+06	-36.083
3.2e+09	3.5e+06	-36.673
3.3e+09	3.5e+06	-37.14
3.4e+09	3.5e+06	-37.651
3.5e+09	3.5e+06	-37.939
3.6e+09	3.5e+06	-38.306
3.7e+09	3.5e+06	-38.304
3.8e+09	3.5e+06	-38.548
3.9e+09	3.5e+06	-38.768
4e+09	3.5e+06	-39.244
4.1e+09	3.5e+06	-40.029
4.2e+09	3.5e+06	-41.044
4.3e+09	3.5e+06	-42.031
4.4e+09	3.5e+06	-42.744
4e+08	4e+06	-29.921
5e+08	4e+06	-30.198
6e+08	4e+06	-30.342
7e+08	4e+06	-30.478
8e+08	4e+06	-30.376
9e+08	4e+06	-30.319
1e+09	4e+06	-30.871
1.1e+09	4e+06	-31.731
1.2e+09	4e+06	-31.901
1.3e+09	4e+06	-31.663
1.4e+09	4e+06	-32.15
1.5e+09	4e+06	-32.528
1.6e+09	4e+06	-33.11
1.7e+09	4e+06	-32.572
1.8e+09	4e+06	-32.61
1.9e+09	4e+06	-32.849
2e+09	4e+06	-33.69
2.1e+09	4e+06	-33.955
2.2e+09	4e+06	-34.041
2.3e+09	4e+06	-34.361
2.4e+09	4e+06	-34.95
2.5e+09	4e+06	-35.242
2.6e+09	4e+06	-35.268
2.7e+09	4e+06	-35.107
2.8e+09	4e+06	-35.12
2.9e+09	4e+06	-35.274
3e+09	4e+06	-35.583
3.1e+09	4e+06	-36.094
3.2e+09	4e+06	-36.671
3.3e+09	4e+06	-37.154
3.4e+09	4e+06	-37.661
3.5e+09	4e+06	-37.948
3.6e+09	4e+06	-38.309
3.7e+09	4e+06	-38.312
3.8e+09	4e+06	-38.555
3.9e+09	4e+06	-38.775
4e+09	4e+06	-39.252
4.1e+09	4e+06	-40.042
4.2e+09	4e+06	-41.057
4.3e+09	4e+06	-42.043
4.4e+09	4e+06	-42.771
4e+08	4.5e+06	-29.926
5e+08	4.5e+06	-30.205
6e+08	4.5e+06	-30.346
7e+08	4.5e+06	-30.487
8e+08	4.5e+06	-30.368
9e+08	4.5e+06	-30.331
1e+09	4.5e+06	-30.88
1.1e+09	4.5e+06	-31.742
1.2e+09	4.5e+06	-31.902
1.3e+09	4.5e+06	-31.671
1.4e+09	4.5e+06	-32.154
1.5e+09	4.5e+06	-32.538
1.6e+09	4.5e+06	-33.12
1.7e+09	4.5e+06	-32.574
1.8e+09	4.5e+06	-32.622
1.9e+09	4.5e+06	-32.857
2e+09	4.5e+06	-33.704
2.1e+09	4.5e+06	-33.956
2.2e+09	4.5e+06	-34.04
2.3e+09	4.5e+06	-34.366
2.4e+09	4.5e+06	-34.961
2.5e+09	4.5e+06	-35.247
2.6e+09	4.5e+06	-35.276
2.7e+09	4.5e+06	-35.113
2.8e+09	4.5e+06	-35.124
2.9e+09	4.5e+06	-35.28
3e+09	4.5e+06	-35.593
3.1e+09	4.5e+06	-36.096
3.2e+09	4.5e+06	-36.678
3.3e+09	4.5e+06	-37.169
3.4e+09	4.5e+06	-37.67
3.5e+09	4.5e+06	-37.957
3.6e+09	4.5e+06	-38.311
3.7e+09	4.5e+06	-38.319
3.8e+09	4.5e+06	-38.562
3.9e+09	4.5e+06	-38.783
4e+09	4.5e+06	-39.257
4.1e+09	4.5e+06	-40.055
4.2e+09	4.5e+06	-41.068
4.3e+09	4.5e+06	-42.054
4.4e+09	4.5e+06	-42.777
4e+08	5e+06	-29.929
5e+08	5e+06	-30.211
6e+08	5e+06	-30.35
7e+08	5e+06	-30.497
8e+08	5e+06	-30.375
9e+08	5e+06	-30.341
1e+09	5e+06	-30.888
1.1e+09	5e+06	-31.752
1.2e+09	5e+06	-31.902
1.3e+09	5e+06	-31.679
1.4e+09	5e+06	-32.158
1.5e+09	5e+06	-32.549
1.6e+09	5e+06	-33.128
1.7e+09	5e+06	-32.575
1.8e+09	5e+06	-32.635
1.9e+09	5e+06	-32.866
2e+09	5e+06	-33.717
2.1e+09	5e+06	-33.958
2.2e+09	5e+06	-34.049
2.3e+09	5e+06	-34.373
2.4e+09	5e+06	-34.971
2.5e+09	5e+06	-35.251
2.6e+09	5e+06	-35.283
2.7e+09	5e+06	-35.11
2.8e+09	5e+06	-35.126
2.9e+09	5e+06	-35.286
3e+09	5e+06	-35.602
3.1e+09	5e+06	-36.106
3.2e+09	5e+06	-36.685
3.3e+09	5e+06	-37.184
3.4e+09	5e+06	-37.679
3.5e+09	5e+06	-37.965
3.6e+09	5e+06	-38.312
3.7e+09	5e+06	-38.326
3.8e+09	5e+06	-38.569
3.9e+09	5e+06	-38.789
4e+09	5e+06	-39.263
4.1e+09	5e+06	-40.067
4.2e+09	5e+06	-41.08
4.3e+09	5e+06	-42.065
4.4e+09	5e+06	-42.793
4e+08	5.5e+06	-29.932
5e+08	5.5e+06	-30.216
6e+08	5.5e+06	-30.352
7e+08	5.5e+06	-30.504
8e+08	5.5e+06	-30.379
9e+08	5.5e+06	-30.351
1e+09	5.5e+06	-30.895
1.1e+09	5.5e+06	-31.762
1.2e+09	5.5e+06	-31.901
1.3e+09	5.5e+06	-31.686
1.4e+09	5.5e+06	-32.161
1.5e+09	5.5e+06	-32.559
1.6e+09	5.5e+06	-33.135
1.7e+09	5.5e+06	-32.577
1.8e+09	5.5e+06	-32.646
1.9e+09	5.5e+06	-32.873
2e+09	5.5e+06	-33.729
2.1e+09	5.5e+06	-33.958
2.2e+09	5.5e+06	-34.057
2.3e+09	5.5e+06	-34.377
2.4e+09	5.5e+06	-34.98
2.5e+09	5.5e+06	-35.254
2.6e+09	5.5e+06	-35.29
2.7e+09	5.5e+06	-35.115
2.8e+09	5.5e+06	-35.128
2.9e+09	5.5e+06	-35.291
3e+09	5.5e+06	-35.61
3.1e+09	5.5e+06	-36.114
3.2e+09	5.5e+06	-36.698
3.3e+09	5.5e+06	-37.197
3.4e+09	5.5e+06	-37.687
3.5e+09	5.5e+06	-37.972
3.6e+09	5.5e+06	-38.313
3.7e+09	5.5e+06	-38.332
3.8e+09	5.5e+06	-38.574
3.9e+09	5.5e+06	-38.794
4e+09	5.5e+06	-39.267
4.1e+09	5.5e+06	-40.078
4.2e+09	5.5e+06	-41.091
4.3e+09	5.5e+06	-42.065
4.4e+09	5.5e+06	-42.807
4e+08	6e+06	-29.933
5e+08	6e+06	-30.22
6e+08	6e+06	-30.355
7e+08	6e+06	-30.51
8e+08	6e+06	-30.382
9e+08	6e+06	-30.359
1e+09	6e+06	-30.899
1.1e+09	6e+06	-31.769
1.2e+09	6e+06	-31.898
1.3e+09	6e+06	-31.68
1.4e+09	6e+06	-32.161
1.5e+09	6e+06	-32.568
1.6e+09	6e+06	-33.139
1.7e+09	6e+06	-32.577
1.8e+09	6e+06	-32.654
1.9e+09	6e+06	-32.879
2e+09	6e+06	-33.738
2.1e+09	6e+06	-33.956
2.2e+09	6e+06	-34.063
2.3e+09	6e+06	-34.381
2.4e+09	6e+06	-34.987
2.5e+09	6e+06	-35.256
2.6e+09	6e+06	-35.294
2.7e+09	6e+06	-35.119
2.8e+09	6e+06	-35.128
2.9e+09	6e+06	-35.294
3e+09	6e+06	-35.617
3.1e+09	6e+06	-36.121
3.2e+09	6e+06	-36.701
3.3e+09	6e+06	-37.209
3.4e+09	6e+06	-37.692
3.5e+09	6e+06	-37.977
3.6e+09	6e+06	-38.312
3.7e+09	6e+06	-38.337
3.8e+09	6e+06	-38.567
3.9e+09	6e+06	-38.798
4e+09	6e+06	-39.27
4.1e+09	6e+06	-40.088
4.2e+09	6e+06	-41.099
4.3e+09	6e+06	-42.073
4.4e+09	6e+06	-42.82
4e+08	6.5e+06	-29.934
5e+08	6.5e+06	-30.21
6e+08	6.5e+06	-30.356
7e+08	6.5e+06	-30.515
8e+08	6.5e+06	-30.383
9e+08	6.5e+06	-30.367
1e+09	6.5e+06	-30.903
1.1e+09	6.5e+06	-31.776
1.2e+09	6.5e+06	-31.895
1.3e+09	6.5e+06	-31.672
1.4e+09	6.5e+06	-32.161
1.5e+09	6.5e+06	-32.576
1.6e+09	6.5e+06	-33.144
1.7e+09	6.5e+06	-32.565
1.8e+09	6.5e+06	-32.663
1.9e+09	6.5e+06	-32.883
2e+09	6.5e+06	-33.746
2.1e+09	6.5e+06	-33.953
2.2e+09	6.5e+06	-34.068
2.3e+09	6.5e+06	-34.382
2.4e+09	6.5e+06	-34.994
2.5e+09	6.5e+06	-35.257
2.6e+09	6.5e+06	-35.298
2.7e+09	6.5e+06	-35.13
2.8e+09	6.5e+06	-35.127
2.9e+09	6.5e+06	-35.306
3e+09	6.5e+06	-35.622
3.1e+09	6.5e+06	-36.126
3.2e+09	6.5e+06	-36.704
3.3e+09	6.5e+06	-37.22
3.4e+09	6.5e+06	-37.697
3.5e+09	6.5e+06	-37.981
3.6e+09	6.5e+06	-38.299
3.7e+09	6.5e+06	-38.341
3.8e+09	6.5e+06	-38.571
3.9e+09	6.5e+06	-38.811
4e+09	6.5e+06	-39.272
4.1e+09	6.5e+06	-40.096
4.2e+09	6.5e+06	-41.116
4.3e+09	6.5e+06	-42.08
4.4e+09	6.5e+06	-42.833
4e+08	7e+06	-29.936
5e+08	7e+06	-30.213
6e+08	7e+06	-30.359
7e+08	7e+06	-30.522
8e+08	7e+06	-30.386
9e+08	7e+06	-30.375
1e+09	7e+06	-30.909
1.1e+09	7e+06	-31.784
1.2e+09	7e+06	-31.893
1.3e+09	7e+06	-31.678
1.4e+09	7e+06	-32.15
1.5e+09	7e+06	-32.586
1.6e+09	7e+06	-33.148
1.7e+09	7e+06	-32.566
1.8e+09	7e+06	-32.671
1.9e+09	7e+06	-32.89
2e+09	7e+06	-33.755
2.1e+09	7e+06	-33.951
2.2e+09	7e+06	-34.064
2.3e+09	7e+06	-34.385
2.4e+09	7e+06	-35.002
2.5e+09	7e+06	-35.26
2.6e+09	7e+06	-35.302
2.7e+09	7e+06	-35.134
2.8e+09	7e+06	-35.128
2.9e+09	7e+06	-35.309
3e+09	7e+06	-35.628
3.1e+09	7e+06	-36.132
3.2e+09	7e+06	-36.698
3.3e+09	7e+06	-37.231
3.4e+09	7e+06	-37.701
3.5e+09	7e+06	-37.987
3.6e+09	7e+06	-38.298
3.7e+09	7e+06	-38.347
3.8e+09	7e+06	-38.575
3.9e+09	7e+06	-38.816
4e+09	7e+06	-39.275
4.1e+09	7e+06	-40.106
4.2e+09	7e+06	-41.124
4.3e+09	7e+06	-42.088
4.4e+09	7e+06	-42.845
4e+08	7.5e+06	-29.938
5e+08	7.5e+06	-30.219
6e+08	7.5e+06	-30.363
7e+08	7.5e+06	-30.531
8e+08	7.5e+06	-30.378
9e+08	7.5e+06	-30.385
1e+09	7.5e+06	-30.915
1.1e+09	7.5e+06	-31.793
1.2e+09	7.5e+06	-31.892
1.3e+09	7.5e+06	-31.685
1.4e+09	7.5e+06	-32.152
1.5e+09	7.5e+06	-32.598
1.6e+09	7.5e+06	-33.155
1.7e+09	7.5e+06	-32.569
1.8e+09	7.5e+06	-32.682
1.9e+09	7.5e+06	-32.897
2e+09	7.5e+06	-33.766
2.1e+09	7.5e+06	-33.951
2.2e+09	7.5e+06	-34.072
2.3e+09	7.5e+06	-34.39
2.4e+09	7.5e+06	-35.012
2.5e+09	7.5e+06	-35.264
2.6e+09	7.5e+06	-35.3
2.7e+09	7.5e+06	-35.139
2.8e+09	7.5e+06	-35.131
2.9e+09	7.5e+06	-35.314
3e+09	7.5e+06	-35.636
3.1e+09	7.5e+06	-36.139
3.2e+09	7.5e+06	-36.703
3.3e+09	7.5e+06	-37.245
3.4e+09	7.5e+06	-37.709
3.5e+09	7.5e+06	-37.994
3.6e+09	7.5e+06	-38.299
3.7e+09	7.5e+06	-38.355
3.8e+09	7.5e+06	-38.58
3.9e+09	7.5e+06	-38.822
4e+09	7.5e+06	-39.28
4.1e+09	7.5e+06	-40.119
4.2e+09	7.5e+06	-41.134
4.3e+09	7.5e+06	-42.099
4.4e+09	7.5e+06	-42.861
4e+08	8e+06	-29.943
5e+08	8e+06	-30.225
6e+08	8e+06	-30.369
7e+08	8e+06	-30.541
8e+08	8e+06	-30.385
9e+08	8e+06	-30.397
1e+09	8e+06	-30.922
1.1e+09	8e+06	-31.805
1.2e+09	8e+06	-31.89
1.3e+09	8e+06	-31.695
1.4e+09	8e+06	-32.156
1.5e+09	8e+06	-32.611
1.6e+09	8e+06	-33.151
1.7e+09	8e+06	-32.574
1.8e+09	8e+06	-32.693
1.9e+09	8e+06	-32.907
2e+09	8e+06	-33.777
2.1e+09	8e+06	-33.952
2.2e+09	8e+06	-34.081
2.3e+09	8e+06	-34.396
2.4e+09	8e+06	-35.022
2.5e+09	8e+06	-35.27
2.6e+09	8e+06	-35.307
2.7e+09	8e+06	-35.146
2.8e+09	8e+06	-35.133
2.9e+09	8e+06	-35.32
3e+09	8e+06	-35.646
3.1e+09	8e+06	-36.148
3.2e+09	8e+06	-36.71
3.3e+09	8e+06	-37.26
3.4e+09	8e+06	-37.717
3.5e+09	8e+06	-38.002
3.6e+09	8e+06	-38.301
3.7e+09	8e+06	-38.364
3.8e+09	8e+06	-38.587
3.9e+09	8e+06	-38.829
4e+09	8e+06	-39.286
4.1e+09	8e+06	-40.132
4.2e+09	8e+06	-41.144
4.3e+09	8e+06	-42.11
4.4e+09	8e+06	-42.877
4e+08	8.5e+06	-29.949
5e+08	8.5e+06	-30.233
6e+08	8.5e+06	-30.377
7e+08	8.5e+06	-30.553
8e+08	8.5e+06	-30.393
9e+08	8.5e+06	-30.41
1e+09	8.5e+06	-30.932
1.1e+09	8.5e+06	-31.817
1.2e+09	8.5e+06	-31.891
1.3e+09	8.5e+06	-31.705
1.4e+09	8.5e+06	-32.161
1.5e+09	8.5e+06	-32.626
1.6e+09	8.5e+06	-33.16
1.7e+09	8.5e+06	-32.581
1.8e+09	8.5e+06	-32.706
1.9e+09	8.5e+06	-32.919
2e+09	8.5e+06	-33.779
2.1e+09	8.5e+06	-33.954
2.2e+09	8.5e+06	-34.091
2.3e+09	8.5e+06	-34.395
2.4e+09	8.5e+06	-35.034
2.5e+09	8.5e+06	-35.288
2.6e+09	8.5e+06	-35.317
2.7e+09	8.5e+06	-35.154
2.8e+09	8.5e+06	-35.139
2.9e+09	8.5e+06	-35.329
3e+09	8.5e+06	-35.666
3.1e+09	8.5e+06	-36.15
3.2e+09	8.5e+06	-36.719
3.3e+09	8.5e+06	-37.278
3.4e+09	8.5e+06	-37.727
3.5e+09	8.5e+06	-38.013
3.6e+09	8.5e+06	-38.305
3.7e+09	8.5e+06	-38.387
3.8e+09	8.5e+06	-38.585
3.9e+09	8.5e+06	-38.838
4e+09	8.5e+06	-39.284
4.1e+09	8.5e+06	-40.146
4.2e+09	8.5e+06	-41.157
4.3e+09	8.5e+06	-42.124
4.4e+09	8.5e+06	-42.894
4e+08	9e+06	-29.969
5e+08	9e+06	-30.255
6e+08	9e+06	-30.399
7e+08	9e+06	-30.579
8e+08	9e+06	-30.416
9e+08	9e+06	-30.437
1e+09	9e+06	-30.955
1.1e+09	9e+06	-31.843
1.2e+09	9e+06	-31.905
1.3e+09	9e+06	-31.731
1.4e+09	9e+06	-32.18
1.5e+09	9e+06	-32.657
1.6e+09	9e+06	-33.182
1.7e+09	9e+06	-32.602
1.8e+09	9e+06	-32.732
1.9e+09	9e+06	-32.944
2e+09	9e+06	-33.805
2.1e+09	9e+06	-33.971
2.2e+09	9e+06	-34.117
2.3e+09	9e+06	-34.417
2.4e+09	9e+06	-35.06
2.5e+09	9e+06	-35.31
2.6e+09	9e+06	-35.341
2.7e+09	9e+06	-35.176
2.8e+09	9e+06	-35.159
2.9e+09	9e+06	-35.352
3e+09	9e+06	-35.691
3.1e+09	9e+06	-36.174
3.2e+09	9e+06	-36.741
3.3e+09	9e+06	-37.308
3.4e+09	9e+06	-37.751
3.5e+09	9e+06	-38.037
3.6e+09	9e+06	-38.324
3.7e+09	9e+06	-38.413
3.8e+09	9e+06	-38.608
3.9e+09	9e+06	-38.86
4e+09	9e+06	-39.305
4.1e+09	9e+06	-40.175
4.2e+09	9e+06	-41.183
4.3e+09	9e+06	-42.151
4.4e+09	9e+06	-42.926
4e+08	9.5e+06	-30.037
5e+08	9.5e+06	-30.324
6e+08	9.5e+06	-30.464
7e+08	9.5e+06	-30.645
8e+08	9.5e+06	-30.485
9e+08	9.5e+06	-30.512
1e+09	9.5e+06	-31.013
1.1e+09	9.5e+06	-31.918
1.2e+09	9.5e+06	-31.956
1.3e+09	9.5e+06	-31.804
1.4e+09	9.5e+06	-32.246
1.5e+09	9.5e+06	-32.736
1.6e+09	9.5e+06	-33.253
1.7e+09	9.5e+06	-32.671
1.8e+09	9.5e+06	-32.808
1.9e+09	9.5e+06	-33.019
2e+09	9.5e+06	-33.879
2.1e+09	9.5e+06	-34.036
2.2e+09	9.5e+06	-34.189
2.3e+09	9.5e+06	-34.487
2.4e+09	9.5e+06	-35.135
2.5e+09	9.5e+06	-35.38
2.6e+09	9.5e+06	-35.402
2.7e+09	9.5e+06	-35.246
2.8e+09	9.5e+06	-35.225
2.9e+09	9.5e+06	-35.422
3e+09	9.5e+06	-35.764
3.1e+09	9.5e+06	-36.246
3.2e+09	9.5e+06	-36.802
3.3e+09	9.5e+06	-37.387
3.4e+09	9.5e+06	-37.822
3.5e+09	9.5e+06	-38.109
3.6e+09	9.5e+06	-38.379
3.7e+09	9.5e+06	-38.489
3.8e+09	9.5e+06	-38.678
3.9e+09	9.5e+06	-38.932
4e+09	9.5e+06	-39.376
4.1e+09	9.5e+06	-40.24
4.2e+09	9.5e+06	-41.258
4.3e+09	9.5e+06	-42.226
4.4e+09	9.5e+06	-43.005
4e+08	1e+07	-30.217
5e+08	1e+07	-30.506
6e+08	1e+07	-30.646
7e+08	1e+07	-30.83
8e+08	1e+07	-30.667
9e+08	1e+07	-30.699
1e+09	1e+07	-31.196
1.1e+09	1e+07	-32.104
1.2e+09	1e+07	-32.13
1.3e+09	1e+07	-31.989
1.4e+09	1e+07	-32.424
1.5e+09	1e+07	-32.926
1.6e+09	1e+07	-33.434
1.7e+09	1e+07	-32.853
1.8e+09	1e+07	-32.993
1.9e+09	1e+07	-33.204
2e+09	1e+07	-34.063
2.1e+09	1e+07	-34.212
2.2e+09	1e+07	-34.372
2.3e+09	1e+07	-34.669
2.4e+09	1e+07	-35.32
2.5e+09	1e+07	-35.562
2.6e+09	1e+07	-35.584
2.7e+09	1e+07	-35.429
2.8e+09	1e+07	-35.403
2.9e+09	1e+07	-35.622
3e+09	1e+07	-35.948
3.1e+09	1e+07	-36.43
3.2e+09	1e+07	-36.984
3.3e+09	1e+07	-37.578
3.4e+09	1e+07	-38.004
3.5e+09	1e+07	-38.292
3.6e+09	1e+07	-38.556
3.7e+09	1e+07	-38.675
3.8e+09	1e+07	-38.861
3.9e+09	1e+07	-39.125
4e+09	1e+07	-39.558
4.1e+09	1e+07	-40.428
4.2e+09	1e+07	-41.442
4.3e+09	1e+07	-42.414
4.4e+09	1e+07	-43.195
4e+08	1.05e+07	-30.597
5e+08	1.05e+07	-30.888
6e+08	1.05e+07	-31.028
7e+08	1.05e+07	-31.215
8e+08	1.05e+07	-31.036
9e+08	1.05e+07	-31.085
1e+09	1.05e+07	-31.58
1.1e+09	1.05e+07	-32.491
1.2e+09	1.05e+07	-32.516
1.3e+09	1.05e+07	-32.375
1.4e+09	1.05e+07	-32.803
1.5e+09	1.05e+07	-33.317
1.6e+09	1.05e+07	-33.816
1.7e+09	1.05e+07	-33.224
1.8e+09	1.05e+07	-33.378
1.9e+09	1.05e+07	-33.591
2e+09	1.05e+07	-34.449
2.1e+09	1.05e+07	-34.589
2.2e+09	1.05e+07	-34.757
2.3e+09	1.05e+07	-35.052
2.4e+09	1.05e+07	-35.706
2.5e+09	1.05e+07	-35.945
2.6e+09	1.05e+07	-35.968
2.7e+09	1.05e+07	-35.812
2.8e+09	1.05e+07	-35.783
2.9e+09	1.05e+07	-36.005
3e+09	1.05e+07	-36.333
3.1e+09	1.05e+07	-36.815
3.2e+09	1.05e+07	-37.367
3.3e+09	1.05e+07	-37.969
3.4e+09	1.05e+07	-38.388
3.5e+09	1.05e+07	-38.677
3.6e+09	1.05e+07	-38.935
3.7e+09	1.05e+07	-39.061
3.8e+09	1.05e+07	-39.243
3.9e+09	1.05e+07	-39.508
4e+09	1.05e+07	-39.94
4.1e+09	1.05e+07	-40.817
4.2e+09	1.05e+07	-41.829
4.3e+09	1.05e+07	-42.801
4.4e+09	1.05e+07	-43.576
4e+08	1.1e+07	-31.271
5e+08	1.1e+07	-31.576
6e+08	1.1e+07	-31.704
7e+08	1.1e+07	-31.895
8e+08	1.1e+07	-31.726
9e+08	1.1e+07	-31.779
1e+09	1.1e+07	-32.269
1.1e+09	1.1e+07	-33.171
1.2e+09	1.1e+07	-33.196
1.3e+09	1.1e+07	-33.067
1.4e+09	1.1e+07	-33.488
1.5e+09	1.1e+07	-34.016
1.6e+09	1.1e+07	-34.505
1.7e+09	1.1e+07	-33.914
1.8e+09	1.1e+07	-34.07
1.9e+09	1.1e+07	-34.274
2e+09	1.1e+07	-35.141
2.1e+09	1.1e+07	-35.262
2.2e+09	1.1e+07	-35.448
2.3e+09	1.1e+07	-35.742
2.4e+09	1.1e+07	-36.409
2.5e+09	1.1e+07	-36.634
2.6e+09	1.1e+07	-36.658
2.7e+09	1.1e+07	-36.501
2.8e+09	1.1e+07	-36.45
2.9e+09	1.1e+07	-36.695
3e+09	1.1e+07	-37.025
3.1e+09	1.1e+07	-37.505
3.2e+09	1.1e+07	-38.057
3.3e+09	1.1e+07	-38.666
3.4e+09	1.1e+07	-39.078
3.5e+09	1.1e+07	-39.368
3.6e+09	1.1e+07	-39.62
3.7e+09	1.1e+07	-39.755
3.8e+09	1.1e+07	-39.933
3.9e+09	1.1e+07	-40.197
4e+09	1.1e+07	-40.629
4.1e+09	1.1e+07	-41.514
4.2e+09	1.1e+07	-42.522
4.3e+09	1.1e+07	-43.494
4.4e+09	1.1e+07	-44.274
4e+08	1.15e+07	-32.377
5e+08	1.15e+07	-32.684
6e+08	1.15e+07	-32.812
7e+08	1.15e+07	-33.007
8e+08	1.15e+07	-32.834
9e+08	1.15e+07	-32.892
1e+09	1.15e+07	-33.378
1.1e+09	1.15e+07	-34.282
1.2e+09	1.15e+07	-34.296
1.3e+09	1.15e+07	-34.179
1.4e+09	1.15e+07	-34.592
1.5e+09	1.15e+07	-35.134
1.6e+09	1.15e+07	-35.613
1.7e+09	1.15e+07	-35.022
1.8e+09	1.15e+07	-35.181
1.9e+09	1.15e+07	-35.385
2e+09	1.15e+07	-36.25
2.1e+09	1.15e+07	-36.365
2.2e+09	1.15e+07	-36.548
2.3e+09	1.15e+07	-36.849
2.4e+09	1.15e+07	-37.521
2.5e+09	1.15e+07	-37.743
2.6e+09	1.15e+07	-37.767
2.7e+09	1.15e+07	-37.609
2.8e+09	1.15e+07	-37.555
2.9e+09	1.15e+07	-37.803
3e+09	1.15e+07	-38.134
3.1e+09	1.15e+07	-38.614
3.2e+09	1.15e+07	-39.166
3.3e+09	1.15e+07	-39.783
3.4e+09	1.15e+07	-40.188
3.5e+09	1.15e+07	-40.478
3.6e+09	1.15e+07	-40.725
3.7e+09	1.15e+07	-40.868
3.8e+09	1.15e+07	-41.041
3.9e+09	1.15e+07	-41.306
4e+09	1.15e+07	-41.736
4.1e+09	1.15e+07	-42.628
4.2e+09	1.15e+07	-43.633
4.3e+09	1.15e+07	-44.608
4.4e+09	1.15e+07	-45.391
4e+08	1.2e+07	-34.014
5e+08	1.2e+07	-34.322
6e+08	1.2e+07	-34.452
7e+08	1.2e+07	-34.649
8e+08	1.2e+07	-34.473
9e+08	1.2e+07	-34.536
1e+09	1.2e+07	-35.018
1.1e+09	1.2e+07	-35.925
1.2e+09	1.2e+07	-35.926
1.3e+09	1.2e+07	-35.82
1.4e+09	1.2e+07	-36.228
1.5e+09	1.2e+07	-36.784
1.6e+09	1.2e+07	-37.25
1.7e+09	1.2e+07	-36.662
1.8e+09	1.2e+07	-36.822
1.9e+09	1.2e+07	-37.028
2e+09	1.2e+07	-37.89
2.1e+09	1.2e+07	-37.998
2.2e+09	1.2e+07	-38.189
2.3e+09	1.2e+07	-38.499
2.4e+09	1.2e+07	-39.153
2.5e+09	1.2e+07	-39.382
2.6e+09	1.2e+07	-39.405
2.7e+09	1.2e+07	-39.247
2.8e+09	1.2e+07	-39.19
2.9e+09	1.2e+07	-39.442
3e+09	1.2e+07	-39.775
3.1e+09	1.2e+07	-40.254
3.2e+09	1.2e+07	-40.797
3.3e+09	1.2e+07	-41.43
3.4e+09	1.2e+07	-41.827
3.5e+09	1.2e+07	-42.118
3.6e+09	1.2e+07	-42.359
3.7e+09	1.2e+07	-42.513
3.8e+09	1.2e+07	-42.68
3.9e+09	1.2e+07	-42.946
4e+09	1.2e+07	-43.376
4.1e+09	1.2e+07	-44.273
4.2e+09	1.2e+07	-45.274
4.3e+09	1.2e+07	-46.251
4.4e+09	1.2e+07	-47.048
