4e+08	-1.2e+07	-15.264
5e+08	-1.2e+07	-14.985
6e+08	-1.2e+07	-14.585
7e+08	-1.2e+07	-14.523
8e+08	-1.2e+07	-14.566
9e+08	-1.2e+07	-14.743
1e+09	-1.2e+07	-14.182
1.1e+09	-1.2e+07	-13.255
1.2e+09	-1.2e+07	-12.945
1.3e+09	-1.2e+07	-13.081
1.4e+09	-1.2e+07	-12.675
1.5e+09	-1.2e+07	-12.158
1.6e+09	-1.2e+07	-11.809
1.7e+09	-1.2e+07	-11.799
1.8e+09	-1.2e+07	-12.252
1.9e+09	-1.2e+07	-11.835
2e+09	-1.2e+07	-11.211
2.1e+09	-1.2e+07	-10.612
2.2e+09	-1.2e+07	-10.556
2.3e+09	-1.2e+07	-10.252
2.4e+09	-1.2e+07	-9.6857
2.5e+09	-1.2e+07	-9.216
2.6e+09	-1.2e+07	-9.239
2.7e+09	-1.2e+07	-9.3629
2.8e+09	-1.2e+07	-9.1609
2.9e+09	-1.2e+07	-9.183
3e+09	-1.2e+07	-8.9757
3.1e+09	-1.2e+07	-8.4171
3.2e+09	-1.2e+07	-7.9268
3.3e+09	-1.2e+07	-7.4655
3.4e+09	-1.2e+07	-6.8967
3.5e+09	-1.2e+07	-6.6104
3.6e+09	-1.2e+07	-5.9939
3.7e+09	-1.2e+07	-5.8508
3.8e+09	-1.2e+07	-5.8278
3.9e+09	-1.2e+07	-5.7582
4e+09	-1.2e+07	-5.0377
4.1e+09	-1.2e+07	-4.6852
4.2e+09	-1.2e+07	-3.4209
4.3e+09	-1.2e+07	-2.8343
4.4e+09	-1.2e+07	-1.7084
4e+08	-1.15e+07	-16.877
5e+08	-1.15e+07	-16.596
6e+08	-1.15e+07	-16.2
7e+08	-1.15e+07	-16.137
8e+08	-1.15e+07	-16.191
9e+08	-1.15e+07	-16.357
1e+09	-1.15e+07	-15.787
1.1e+09	-1.15e+07	-14.861
1.2e+09	-1.15e+07	-14.549
1.3e+09	-1.15e+07	-14.69
1.4e+09	-1.15e+07	-14.278
1.5e+09	-1.15e+07	-13.771
1.6e+09	-1.15e+07	-13.409
1.7e+09	-1.15e+07	-13.414
1.8e+09	-1.15e+07	-13.854
1.9e+09	-1.15e+07	-13.439
2e+09	-1.15e+07	-12.803
2.1e+09	-1.15e+07	-12.209
2.2e+09	-1.15e+07	-12.154
2.3e+09	-1.15e+07	-11.851
2.4e+09	-1.15e+07	-11.269
2.5e+09	-1.15e+07	-10.824
2.6e+09	-1.15e+07	-10.834
2.7e+09	-1.15e+07	-10.958
2.8e+09	-1.15e+07	-10.756
2.9e+09	-1.15e+07	-10.778
3e+09	-1.15e+07	-10.566
3.1e+09	-1.15e+07	-10.001
3.2e+09	-1.15e+07	-9.5098
3.3e+09	-1.15e+07	-9.0461
3.4e+09	-1.15e+07	-8.4723
3.5e+09	-1.15e+07	-8.1872
3.6e+09	-1.15e+07	-7.5688
3.7e+09	-1.15e+07	-7.4329
3.8e+09	-1.15e+07	-7.4026
3.9e+09	-1.15e+07	-7.3295
4e+09	-1.15e+07	-6.6068
4.1e+09	-1.15e+07	-6.2433
4.2e+09	-1.15e+07	-4.9678
4.3e+09	-1.15e+07	-4.3735
4.4e+09	-1.15e+07	-3.2485
4e+08	-1.1e+07	-17.981
5e+08	-1.1e+07	-17.687
6e+08	-1.1e+07	-17.294
7e+08	-1.1e+07	-17.23
8e+08	-1.1e+07	-17.283
9e+08	-1.1e+07	-17.449
1e+09	-1.1e+07	-16.884
1.1e+09	-1.1e+07	-15.947
1.2e+09	-1.1e+07	-15.634
1.3e+09	-1.1e+07	-15.782
1.4e+09	-1.1e+07	-15.362
1.5e+09	-1.1e+07	-14.866
1.6e+09	-1.1e+07	-14.491
1.7e+09	-1.1e+07	-14.521
1.8e+09	-1.1e+07	-14.937
1.9e+09	-1.1e+07	-14.525
2e+09	-1.1e+07	-13.878
2.1e+09	-1.1e+07	-13.291
2.2e+09	-1.1e+07	-13.237
2.3e+09	-1.1e+07	-12.934
2.4e+09	-1.1e+07	-12.347
2.5e+09	-1.1e+07	-11.911
2.6e+09	-1.1e+07	-11.915
2.7e+09	-1.1e+07	-12.039
2.8e+09	-1.1e+07	-11.838
2.9e+09	-1.1e+07	-11.861
3e+09	-1.1e+07	-11.644
3.1e+09	-1.1e+07	-11.072
3.2e+09	-1.1e+07	-10.582
3.3e+09	-1.1e+07	-10.118
3.4e+09	-1.1e+07	-9.5403
3.5e+09	-1.1e+07	-9.2589
3.6e+09	-1.1e+07	-8.6395
3.7e+09	-1.1e+07	-8.5102
3.8e+09	-1.1e+07	-8.4732
3.9e+09	-1.1e+07	-8.3968
4e+09	-1.1e+07	-7.6735
4.1e+09	-1.1e+07	-7.3026
4.2e+09	-1.1e+07	-6.019
4.3e+09	-1.1e+07	-5.4211
4.4e+09	-1.1e+07	-4.2915
4e+08	-1.05e+07	-18.66
5e+08	-1.05e+07	-18.363
6e+08	-1.05e+07	-17.975
7e+08	-1.05e+07	-17.919
8e+08	-1.05e+07	-17.963
9e+08	-1.05e+07	-18.128
1e+09	-1.05e+07	-17.556
1.1e+09	-1.05e+07	-16.621
1.2e+09	-1.05e+07	-16.307
1.3e+09	-1.05e+07	-16.463
1.4e+09	-1.05e+07	-16.034
1.5e+09	-1.05e+07	-15.549
1.6e+09	-1.05e+07	-15.164
1.7e+09	-1.05e+07	-15.208
1.8e+09	-1.05e+07	-15.609
1.9e+09	-1.05e+07	-15.211
2e+09	-1.05e+07	-14.543
2.1e+09	-1.05e+07	-13.963
2.2e+09	-1.05e+07	-13.92
2.3e+09	-1.05e+07	-13.608
2.4e+09	-1.05e+07	-13.017
2.5e+09	-1.05e+07	-12.589
2.6e+09	-1.05e+07	-12.589
2.7e+09	-1.05e+07	-12.712
2.8e+09	-1.05e+07	-12.514
2.9e+09	-1.05e+07	-12.544
3e+09	-1.05e+07	-12.314
3.1e+09	-1.05e+07	-11.739
3.2e+09	-1.05e+07	-11.25
3.3e+09	-1.05e+07	-10.784
3.4e+09	-1.05e+07	-10.215
3.5e+09	-1.05e+07	-9.9253
3.6e+09	-1.05e+07	-9.3072
3.7e+09	-1.05e+07	-9.1838
3.8e+09	-1.05e+07	-9.141
3.9e+09	-1.05e+07	-9.062
4e+09	-1.05e+07	-8.3385
4.1e+09	-1.05e+07	-7.961
4.2e+09	-1.05e+07	-6.6723
4.3e+09	-1.05e+07	-6.0719
4.4e+09	-1.05e+07	-4.9404
4e+08	-1e+07	-19.036
5e+08	-1e+07	-18.735
6e+08	-1e+07	-18.354
7e+08	-1e+07	-18.296
8e+08	-1e+07	-18.34
9e+08	-1e+07	-18.504
1e+09	-1e+07	-17.926
1.1e+09	-1e+07	-16.994
1.2e+09	-1e+07	-16.678
1.3e+09	-1e+07	-16.84
1.4e+09	-1e+07	-16.407
1.5e+09	-1e+07	-15.931
1.6e+09	-1e+07	-15.536
1.7e+09	-1e+07	-15.592
1.8e+09	-1e+07	-15.977
1.9e+09	-1e+07	-15.584
2e+09	-1e+07	-14.907
2.1e+09	-1e+07	-14.334
2.2e+09	-1e+07	-14.291
2.3e+09	-1e+07	-13.98
2.4e+09	-1e+07	-13.396
2.5e+09	-1e+07	-12.968
2.6e+09	-1e+07	-12.961
2.7e+09	-1e+07	-13.085
2.8e+09	-1e+07	-12.888
2.9e+09	-1e+07	-12.918
3e+09	-1e+07	-12.684
3.1e+09	-1e+07	-12.105
3.2e+09	-1e+07	-11.617
3.3e+09	-1e+07	-11.169
3.4e+09	-1e+07	-10.58
3.5e+09	-1e+07	-10.294
3.6e+09	-1e+07	-9.6782
3.7e+09	-1e+07	-9.5605
3.8e+09	-1e+07	-9.5102
3.9e+09	-1e+07	-9.4302
4e+09	-1e+07	-8.7085
4.1e+09	-1e+07	-8.3249
4.2e+09	-1e+07	-7.0315
4.3e+09	-1e+07	-6.4311
4.4e+09	-1e+07	-5.2974
4e+08	-9.5e+06	-19.214
5e+08	-9.5e+06	-18.912
6e+08	-9.5e+06	-18.533
7e+08	-9.5e+06	-18.475
8e+08	-9.5e+06	-18.518
9e+08	-9.5e+06	-18.681
1e+09	-9.5e+06	-18.097
1.1e+09	-9.5e+06	-17.166
1.2e+09	-9.5e+06	-16.851
1.3e+09	-9.5e+06	-17.02
1.4e+09	-9.5e+06	-16.579
1.5e+09	-9.5e+06	-16.114
1.6e+09	-9.5e+06	-15.707
1.7e+09	-9.5e+06	-15.779
1.8e+09	-9.5e+06	-16.149
1.9e+09	-9.5e+06	-15.761
2e+09	-9.5e+06	-15.072
2.1e+09	-9.5e+06	-14.521
2.2e+09	-9.5e+06	-14.466
2.3e+09	-9.5e+06	-14.156
2.4e+09	-9.5e+06	-13.569
2.5e+09	-9.5e+06	-13.14
2.6e+09	-9.5e+06	-13.138
2.7e+09	-9.5e+06	-13.272
2.8e+09	-9.5e+06	-13.066
2.9e+09	-9.5e+06	-13.097
3e+09	-9.5e+06	-12.849
3.1e+09	-9.5e+06	-12.275
3.2e+09	-9.5e+06	-11.79
3.3e+09	-9.5e+06	-11.34
3.4e+09	-9.5e+06	-10.75
3.5e+09	-9.5e+06	-10.467
3.6e+09	-9.5e+06	-9.8538
3.7e+09	-9.5e+06	-9.7424
3.8e+09	-9.5e+06	-9.6869
3.9e+09	-9.5e+06	-9.6038
4e+09	-9.5e+06	-8.8623
4.1e+09	-9.5e+06	-8.4936
4.2e+09	-9.5e+06	-7.1977
4.3e+09	-9.5e+06	-6.5977
4.4e+09	-9.5e+06	-5.4639
4e+08	-9e+06	-19.279
5e+08	-9e+06	-18.976
6e+08	-9e+06	-18.607
7e+08	-9e+06	-18.543
8e+08	-9e+06	-18.586
9e+08	-9e+06	-18.747
1e+09	-9e+06	-18.158
1.1e+09	-9e+06	-17.23
1.2e+09	-9e+06	-16.915
1.3e+09	-9e+06	-17.089
1.4e+09	-9e+06	-16.643
1.5e+09	-9e+06	-16.188
1.6e+09	-9e+06	-15.77
1.7e+09	-9e+06	-15.856
1.8e+09	-9e+06	-16.21
1.9e+09	-9e+06	-15.827
2e+09	-9e+06	-15.128
2.1e+09	-9e+06	-14.586
2.2e+09	-9e+06	-14.531
2.3e+09	-9e+06	-14.223
2.4e+09	-9e+06	-13.633
2.5e+09	-9e+06	-13.212
2.6e+09	-9e+06	-13.206
2.7e+09	-9e+06	-13.338
2.8e+09	-9e+06	-13.135
2.9e+09	-9e+06	-13.166
3e+09	-9e+06	-12.914
3.1e+09	-9e+06	-12.335
3.2e+09	-9e+06	-11.855
3.3e+09	-9e+06	-11.403
3.4e+09	-9e+06	-10.812
3.5e+09	-9e+06	-10.522
3.6e+09	-9e+06	-9.9322
3.7e+09	-9e+06	-9.8162
3.8e+09	-9e+06	-9.755
3.9e+09	-9e+06	-9.68
4e+09	-9e+06	-8.9296
4.1e+09	-9e+06	-8.5653
4.2e+09	-9e+06	-7.256
4.3e+09	-9e+06	-6.6583
4.4e+09	-9e+06	-5.5237
4e+08	-8.5e+06	-19.298
5e+08	-8.5e+06	-18.994
6e+08	-8.5e+06	-18.63
7e+08	-8.5e+06	-18.564
8e+08	-8.5e+06	-18.607
9e+08	-8.5e+06	-18.766
1e+09	-8.5e+06	-18.172
1.1e+09	-8.5e+06	-17.247
1.2e+09	-8.5e+06	-16.932
1.3e+09	-8.5e+06	-17.111
1.4e+09	-8.5e+06	-16.659
1.5e+09	-8.5e+06	-16.225
1.6e+09	-8.5e+06	-15.785
1.7e+09	-8.5e+06	-15.887
1.8e+09	-8.5e+06	-16.224
1.9e+09	-8.5e+06	-15.847
2e+09	-8.5e+06	-15.137
2.1e+09	-8.5e+06	-14.604
2.2e+09	-8.5e+06	-14.549
2.3e+09	-8.5e+06	-14.241
2.4e+09	-8.5e+06	-13.649
2.5e+09	-8.5e+06	-13.237
2.6e+09	-8.5e+06	-13.225
2.7e+09	-8.5e+06	-13.359
2.8e+09	-8.5e+06	-13.157
2.9e+09	-8.5e+06	-13.186
3e+09	-8.5e+06	-12.93
3.1e+09	-8.5e+06	-12.35
3.2e+09	-8.5e+06	-11.872
3.3e+09	-8.5e+06	-11.418
3.4e+09	-8.5e+06	-10.827
3.5e+09	-8.5e+06	-10.54
3.6e+09	-8.5e+06	-9.9533
3.7e+09	-8.5e+06	-9.8431
3.8e+09	-8.5e+06	-9.7751
3.9e+09	-8.5e+06	-9.6992
4e+09	-8.5e+06	-8.9504
4.1e+09	-8.5e+06	-8.5799
4.2e+09	-8.5e+06	-7.2693
4.3e+09	-8.5e+06	-6.6723
4.4e+09	-8.5e+06	-5.5369
4e+08	-8e+06	-19.305
5e+08	-8e+06	-18.999
6e+08	-8e+06	-18.639
7e+08	-8e+06	-18.571
8e+08	-8e+06	-18.614
9e+08	-8e+06	-18.772
1e+09	-8e+06	-18.173
1.1e+09	-8e+06	-17.25
1.2e+09	-8e+06	-16.935
1.3e+09	-8e+06	-17.118
1.4e+09	-8e+06	-16.662
1.5e+09	-8e+06	-16.238
1.6e+09	-8e+06	-15.787
1.7e+09	-8e+06	-15.902
1.8e+09	-8e+06	-16.234
1.9e+09	-8e+06	-15.852
2e+09	-8e+06	-15.131
2.1e+09	-8e+06	-14.61
2.2e+09	-8e+06	-14.553
2.3e+09	-8e+06	-14.247
2.4e+09	-8e+06	-13.651
2.5e+09	-8e+06	-13.248
2.6e+09	-8e+06	-13.223
2.7e+09	-8e+06	-13.367
2.8e+09	-8e+06	-13.165
2.9e+09	-8e+06	-13.194
3e+09	-8e+06	-12.934
3.1e+09	-8e+06	-12.349
3.2e+09	-8e+06	-11.875
3.3e+09	-8e+06	-11.419
3.4e+09	-8e+06	-10.829
3.5e+09	-8e+06	-10.545
3.6e+09	-8e+06	-9.9618
3.7e+09	-8e+06	-9.8564
3.8e+09	-8e+06	-9.7825
3.9e+09	-8e+06	-9.7046
4e+09	-8e+06	-8.9585
4.1e+09	-8e+06	-8.5815
4.2e+09	-8e+06	-7.2695
4.3e+09	-8e+06	-6.673
4.4e+09	-8e+06	-5.5467
4e+08	-7.5e+06	-19.31
5e+08	-7.5e+06	-19.001
6e+08	-7.5e+06	-18.647
7e+08	-7.5e+06	-18.575
8e+08	-7.5e+06	-18.619
9e+08	-7.5e+06	-18.775
1e+09	-7.5e+06	-18.172
1.1e+09	-7.5e+06	-17.251
1.2e+09	-7.5e+06	-16.937
1.3e+09	-7.5e+06	-17.126
1.4e+09	-7.5e+06	-16.663
1.5e+09	-7.5e+06	-16.249
1.6e+09	-7.5e+06	-15.787
1.7e+09	-7.5e+06	-15.916
1.8e+09	-7.5e+06	-16.232
1.9e+09	-7.5e+06	-15.864
2e+09	-7.5e+06	-15.125
2.1e+09	-7.5e+06	-14.613
2.2e+09	-7.5e+06	-14.565
2.3e+09	-7.5e+06	-14.252
2.4e+09	-7.5e+06	-13.652
2.5e+09	-7.5e+06	-13.258
2.6e+09	-7.5e+06	-13.227
2.7e+09	-7.5e+06	-13.37
2.8e+09	-7.5e+06	-13.17
2.9e+09	-7.5e+06	-13.199
3e+09	-7.5e+06	-12.935
3.1e+09	-7.5e+06	-12.349
3.2e+09	-7.5e+06	-11.877
3.3e+09	-7.5e+06	-11.426
3.4e+09	-7.5e+06	-10.827
3.5e+09	-7.5e+06	-10.548
3.6e+09	-7.5e+06	-9.9672
3.7e+09	-7.5e+06	-9.8677
3.8e+09	-7.5e+06	-9.7876
3.9e+09	-7.5e+06	-9.7076
4e+09	-7.5e+06	-8.9645
4.1e+09	-7.5e+06	-8.582
4.2e+09	-7.5e+06	-7.2664
4.3e+09	-7.5e+06	-6.6722
4.4e+09	-7.5e+06	-5.5454
4e+08	-7e+06	-19.312
5e+08	-7e+06	-19.001
6e+08	-7e+06	-18.652
7e+08	-7e+06	-18.58
8e+08	-7e+06	-18.623
9e+08	-7e+06	-18.776
1e+09	-7e+06	-18.169
1.1e+09	-7e+06	-17.25
1.2e+09	-7e+06	-16.937
1.3e+09	-7e+06	-17.131
1.4e+09	-7e+06	-16.664
1.5e+09	-7e+06	-16.256
1.6e+09	-7e+06	-15.784
1.7e+09	-7e+06	-15.928
1.8e+09	-7e+06	-16.229
1.9e+09	-7e+06	-15.868
2e+09	-7e+06	-15.117
2.1e+09	-7e+06	-14.617
2.2e+09	-7e+06	-14.566
2.3e+09	-7e+06	-14.254
2.4e+09	-7e+06	-13.66
2.5e+09	-7e+06	-13.266
2.6e+09	-7e+06	-13.231
2.7e+09	-7e+06	-13.383
2.8e+09	-7e+06	-13.176
2.9e+09	-7e+06	-13.204
3e+09	-7e+06	-12.936
3.1e+09	-7e+06	-12.346
3.2e+09	-7e+06	-11.879
3.3e+09	-7e+06	-11.424
3.4e+09	-7e+06	-10.826
3.5e+09	-7e+06	-10.56
3.6e+09	-7e+06	-9.9738
3.7e+09	-7e+06	-9.8769
3.8e+09	-7e+06	-9.7917
3.9e+09	-7e+06	-9.711
4e+09	-7e+06	-8.969
4.1e+09	-7e+06	-8.59
4.2e+09	-7e+06	-7.2638
4.3e+09	-7e+06	-6.6708
4.4e+09	-7e+06	-5.5421
4e+08	-6.5e+06	-19.313
5e+08	-6.5e+06	-19.001
6e+08	-6.5e+06	-18.658
7e+08	-6.5e+06	-18.581
8e+08	-6.5e+06	-18.637
9e+08	-6.5e+06	-18.775
1e+09	-6.5e+06	-18.178
1.1e+09	-6.5e+06	-17.248
1.2e+09	-6.5e+06	-16.936
1.3e+09	-6.5e+06	-17.133
1.4e+09	-6.5e+06	-16.662
1.5e+09	-6.5e+06	-16.263
1.6e+09	-6.5e+06	-15.781
1.7e+09	-6.5e+06	-15.949
1.8e+09	-6.5e+06	-16.223
1.9e+09	-6.5e+06	-15.869
2e+09	-6.5e+06	-15.106
2.1e+09	-6.5e+06	-14.619
2.2e+09	-6.5e+06	-14.566
2.3e+09	-6.5e+06	-14.255
2.4e+09	-6.5e+06	-13.658
2.5e+09	-6.5e+06	-13.263
2.6e+09	-6.5e+06	-13.231
2.7e+09	-6.5e+06	-13.385
2.8e+09	-6.5e+06	-13.18
2.9e+09	-6.5e+06	-13.207
3e+09	-6.5e+06	-12.934
3.1e+09	-6.5e+06	-12.342
3.2e+09	-6.5e+06	-11.879
3.3e+09	-6.5e+06	-11.42
3.4e+09	-6.5e+06	-10.823
3.5e+09	-6.5e+06	-10.561
3.6e+09	-6.5e+06	-9.9779
3.7e+09	-6.5e+06	-9.8844
3.8e+09	-6.5e+06	-9.794
3.9e+09	-6.5e+06	-9.7111
4e+09	-6.5e+06	-8.9722
4.1e+09	-6.5e+06	-8.5869
4.2e+09	-6.5e+06	-7.2587
4.3e+09	-6.5e+06	-6.6672
4.4e+09	-6.5e+06	-5.5371
4e+08	-6e+06	-19.314
5e+08	-6e+06	-19
6e+08	-6e+06	-18.674
7e+08	-6e+06	-18.582
8e+08	-6e+06	-18.638
9e+08	-6e+06	-18.773
1e+09	-6e+06	-18.173
1.1e+09	-6e+06	-17.245
1.2e+09	-6e+06	-16.947
1.3e+09	-6e+06	-17.147
1.4e+09	-6e+06	-16.671
1.5e+09	-6e+06	-16.268
1.6e+09	-6e+06	-15.776
1.7e+09	-6e+06	-15.96
1.8e+09	-6e+06	-16.216
1.9e+09	-6e+06	-15.869
2e+09	-6e+06	-15.097
2.1e+09	-6e+06	-14.619
2.2e+09	-6e+06	-14.564
2.3e+09	-6e+06	-14.255
2.4e+09	-6e+06	-13.655
2.5e+09	-6e+06	-13.27
2.6e+09	-6e+06	-13.23
2.7e+09	-6e+06	-13.386
2.8e+09	-6e+06	-13.173
2.9e+09	-6e+06	-13.209
3e+09	-6e+06	-12.931
3.1e+09	-6e+06	-12.337
3.2e+09	-6e+06	-11.877
3.3e+09	-6e+06	-11.415
3.4e+09	-6e+06	-10.819
3.5e+09	-6e+06	-10.559
3.6e+09	-6e+06	-9.9806
3.7e+09	-6e+06	-9.9019
3.8e+09	-6e+06	-9.7952
3.9e+09	-6e+06	-9.7117
4e+09	-6e+06	-8.9744
4.1e+09	-6e+06	-8.5821
4.2e+09	-6e+06	-7.2531
4.3e+09	-6e+06	-6.6623
4.4e+09	-6e+06	-5.5303
4e+08	-5.5e+06	-19.315
5e+08	-5.5e+06	-18.999
6e+08	-5.5e+06	-18.678
7e+08	-5.5e+06	-18.584
8e+08	-5.5e+06	-18.64
9e+08	-5.5e+06	-18.773
1e+09	-5.5e+06	-18.17
1.1e+09	-5.5e+06	-17.243
1.2e+09	-5.5e+06	-16.947
1.3e+09	-5.5e+06	-17.15
1.4e+09	-5.5e+06	-16.67
1.5e+09	-5.5e+06	-16.274
1.6e+09	-5.5e+06	-15.773
1.7e+09	-5.5e+06	-15.97
1.8e+09	-5.5e+06	-16.21
1.9e+09	-5.5e+06	-15.869
2e+09	-5.5e+06	-15.087
2.1e+09	-5.5e+06	-14.631
2.2e+09	-5.5e+06	-14.563
2.3e+09	-5.5e+06	-14.256
2.4e+09	-5.5e+06	-13.652
2.5e+09	-5.5e+06	-13.276
2.6e+09	-5.5e+06	-13.231
2.7e+09	-5.5e+06	-13.397
2.8e+09	-5.5e+06	-13.176
2.9e+09	-5.5e+06	-13.212
3e+09	-5.5e+06	-12.93
3.1e+09	-5.5e+06	-12.333
3.2e+09	-5.5e+06	-11.878
3.3e+09	-5.5e+06	-11.418
3.4e+09	-5.5e+06	-10.814
3.5e+09	-5.5e+06	-10.559
3.6e+09	-5.5e+06	-9.9843
3.7e+09	-5.5e+06	-9.9092
3.8e+09	-5.5e+06	-9.7972
3.9e+09	-5.5e+06	-9.7227
4e+09	-5.5e+06	-8.9667
4.1e+09	-5.5e+06	-8.5785
4.2e+09	-5.5e+06	-7.2488
4.3e+09	-5.5e+06	-6.6587
4.4e+09	-5.5e+06	-5.5244
4e+08	-5e+06	-19.318
5e+08	-5e+06	-19
6e+08	-5e+06	-18.684
7e+08	-5e+06	-18.586
8e+08	-5e+06	-18.644
9e+08	-5e+06	-18.774
1e+09	-5e+06	-18.166
1.1e+09	-5e+06	-17.241
1.2e+09	-5e+06	-16.949
1.3e+09	-5e+06	-17.154
1.4e+09	-5e+06	-16.671
1.5e+09	-5e+06	-16.282
1.6e+09	-5e+06	-15.77
1.7e+09	-5e+06	-15.982
1.8e+09	-5e+06	-16.206
1.9e+09	-5e+06	-15.872
2e+09	-5e+06	-15.078
2.1e+09	-5e+06	-14.635
2.2e+09	-5e+06	-14.564
2.3e+09	-5e+06	-14.259
2.4e+09	-5e+06	-13.651
2.5e+09	-5e+06	-13.283
2.6e+09	-5e+06	-13.243
2.7e+09	-5e+06	-13.4
2.8e+09	-5e+06	-13.181
2.9e+09	-5e+06	-13.217
3e+09	-5e+06	-12.931
3.1e+09	-5e+06	-12.33
3.2e+09	-5e+06	-11.878
3.3e+09	-5e+06	-11.405
3.4e+09	-5e+06	-10.813
3.5e+09	-5e+06	-10.56
3.6e+09	-5e+06	-9.99
3.7e+09	-5e+06	-9.9164
3.8e+09	-5e+06	-9.8
3.9e+09	-5e+06	-9.7258
4e+09	-5e+06	-8.9712
4.1e+09	-5e+06	-8.576
4.2e+09	-5e+06	-7.2463
4.3e+09	-5e+06	-6.6469
4.4e+09	-5e+06	-5.5203
4e+08	-4.5e+06	-19.323
5e+08	-4.5e+06	-19.018
6e+08	-4.5e+06	-18.691
7e+08	-4.5e+06	-18.59
8e+08	-4.5e+06	-18.649
9e+08	-4.5e+06	-18.789
1e+09	-4.5e+06	-18.167
1.1e+09	-4.5e+06	-17.254
1.2e+09	-4.5e+06	-16.952
1.3e+09	-4.5e+06	-17.159
1.4e+09	-4.5e+06	-16.674
1.5e+09	-4.5e+06	-16.29
1.6e+09	-4.5e+06	-15.77
1.7e+09	-4.5e+06	-15.996
1.8e+09	-4.5e+06	-16.203
1.9e+09	-4.5e+06	-15.885
2e+09	-4.5e+06	-15.062
2.1e+09	-4.5e+06	-14.639
2.2e+09	-4.5e+06	-14.575
2.3e+09	-4.5e+06	-14.254
2.4e+09	-4.5e+06	-13.651
2.5e+09	-4.5e+06	-13.293
2.6e+09	-4.5e+06	-13.246
2.7e+09	-4.5e+06	-13.404
2.8e+09	-4.5e+06	-13.188
2.9e+09	-4.5e+06	-13.213
3e+09	-4.5e+06	-12.931
3.1e+09	-4.5e+06	-12.329
3.2e+09	-4.5e+06	-11.882
3.3e+09	-4.5e+06	-11.404
3.4e+09	-4.5e+06	-10.811
3.5e+09	-4.5e+06	-10.563
3.6e+09	-4.5e+06	-9.9969
3.7e+09	-4.5e+06	-9.927
3.8e+09	-4.5e+06	-9.805
3.9e+09	-4.5e+06	-9.7295
4e+09	-4.5e+06	-8.9766
4.1e+09	-4.5e+06	-8.5751
4.2e+09	-4.5e+06	-7.2445
4.3e+09	-4.5e+06	-6.6471
4.4e+09	-4.5e+06	-5.5268
4e+08	-4e+06	-19.329
5e+08	-4e+06	-19.02
6e+08	-4e+06	-18.699
7e+08	-4e+06	-18.593
8e+08	-4e+06	-18.654
9e+08	-4e+06	-18.79
1e+09	-4e+06	-18.166
1.1e+09	-4e+06	-17.255
1.2e+09	-4e+06	-16.956
1.3e+09	-4e+06	-17.165
1.4e+09	-4e+06	-16.677
1.5e+09	-4e+06	-16.298
1.6e+09	-4e+06	-15.77
1.7e+09	-4e+06	-16.01
1.8e+09	-4e+06	-16.2
1.9e+09	-4e+06	-15.888
2e+09	-4e+06	-15.057
2.1e+09	-4e+06	-14.645
2.2e+09	-4e+06	-14.578
2.3e+09	-4e+06	-14.269
2.4e+09	-4e+06	-13.662
2.5e+09	-4e+06	-13.292
2.6e+09	-4e+06	-13.25
2.7e+09	-4e+06	-13.409
2.8e+09	-4e+06	-13.203
2.9e+09	-4e+06	-13.219
3e+09	-4e+06	-12.932
3.1e+09	-4e+06	-12.327
3.2e+09	-4e+06	-11.903
3.3e+09	-4e+06	-11.402
3.4e+09	-4e+06	-10.811
3.5e+09	-4e+06	-10.566
3.6e+09	-4e+06	-10.004
3.7e+09	-4e+06	-9.9366
3.8e+09	-4e+06	-9.8104
3.9e+09	-4e+06	-9.7334
4e+09	-4e+06	-8.9821
4.1e+09	-4e+06	-8.5745
4.2e+09	-4e+06	-7.2526
4.3e+09	-4e+06	-6.6469
4.4e+09	-4e+06	-5.5237
4e+08	-3.5e+06	-19.334
5e+08	-3.5e+06	-19.024
6e+08	-3.5e+06	-18.706
7e+08	-3.5e+06	-18.605
8e+08	-3.5e+06	-18.673
9e+08	-3.5e+06	-18.792
1e+09	-3.5e+06	-18.166
1.1e+09	-3.5e+06	-17.255
1.2e+09	-3.5e+06	-16.96
1.3e+09	-3.5e+06	-17.183
1.4e+09	-3.5e+06	-16.68
1.5e+09	-3.5e+06	-16.306
1.6e+09	-3.5e+06	-15.77
1.7e+09	-3.5e+06	-16.023
1.8e+09	-3.5e+06	-16.197
1.9e+09	-3.5e+06	-15.892
2e+09	-3.5e+06	-15.051
2.1e+09	-3.5e+06	-14.651
2.2e+09	-3.5e+06	-14.579
2.3e+09	-3.5e+06	-14.274
2.4e+09	-3.5e+06	-13.652
2.5e+09	-3.5e+06	-13.311
2.6e+09	-3.5e+06	-13.253
2.7e+09	-3.5e+06	-13.414
2.8e+09	-3.5e+06	-13.21
2.9e+09	-3.5e+06	-13.234
3e+09	-3.5e+06	-12.934
3.1e+09	-3.5e+06	-12.327
3.2e+09	-3.5e+06	-11.908
3.3e+09	-3.5e+06	-11.399
3.4e+09	-3.5e+06	-10.811
3.5e+09	-3.5e+06	-10.569
3.6e+09	-3.5e+06	-10.012
3.7e+09	-3.5e+06	-9.9458
3.8e+09	-3.5e+06	-9.8151
3.9e+09	-3.5e+06	-9.7373
4e+09	-3.5e+06	-8.9875
4.1e+09	-3.5e+06	-8.5735
4.2e+09	-3.5e+06	-7.2514
4.3e+09	-3.5e+06	-6.6473
4.4e+09	-3.5e+06	-5.5214
4e+08	-3e+06	-19.339
5e+08	-3e+06	-19.027
6e+08	-3e+06	-18.719
7e+08	-3e+06	-18.609
8e+08	-3e+06	-18.678
9e+08	-3e+06	-18.795
1e+09	-3e+06	-18.168
1.1e+09	-3e+06	-17.257
1.2e+09	-3e+06	-16.966
1.3e+09	-3e+06	-17.189
1.4e+09	-3e+06	-16.685
1.5e+09	-3e+06	-16.313
1.6e+09	-3e+06	-15.771
1.7e+09	-3e+06	-16.037
1.8e+09	-3e+06	-16.194
1.9e+09	-3e+06	-15.897
2e+09	-3e+06	-15.045
2.1e+09	-3e+06	-14.659
2.2e+09	-3e+06	-14.582
2.3e+09	-3e+06	-14.28
2.4e+09	-3e+06	-13.654
2.5e+09	-3e+06	-13.321
2.6e+09	-3e+06	-13.258
2.7e+09	-3e+06	-13.42
2.8e+09	-3e+06	-13.218
2.9e+09	-3e+06	-13.241
3e+09	-3e+06	-12.926
3.1e+09	-3e+06	-12.327
3.2e+09	-3e+06	-11.913
3.3e+09	-3e+06	-11.407
3.4e+09	-3e+06	-10.812
3.5e+09	-3e+06	-10.562
3.6e+09	-3e+06	-10.032
3.7e+09	-3e+06	-9.9561
3.8e+09	-3e+06	-9.8205
3.9e+09	-3e+06	-9.753
4e+09	-3e+06	-8.9941
4.1e+09	-3e+06	-8.5845
4.2e+09	-3e+06	-7.2508
4.3e+09	-3e+06	-6.6475
4.4e+09	-3e+06	-5.5192
4e+08	-2.5e+06	-19.346
5e+08	-2.5e+06	-19.033
6e+08	-2.5e+06	-18.73
7e+08	-2.5e+06	-18.615
8e+08	-2.5e+06	-18.687
9e+08	-2.5e+06	-18.798
1e+09	-2.5e+06	-18.17
1.1e+09	-2.5e+06	-17.261
1.2e+09	-2.5e+06	-16.973
1.3e+09	-2.5e+06	-17.197
1.4e+09	-2.5e+06	-16.69
1.5e+09	-2.5e+06	-16.323
1.6e+09	-2.5e+06	-15.773
1.7e+09	-2.5e+06	-16.052
1.8e+09	-2.5e+06	-16.194
1.9e+09	-2.5e+06	-15.902
2e+09	-2.5e+06	-15.041
2.1e+09	-2.5e+06	-14.668
2.2e+09	-2.5e+06	-14.586
2.3e+09	-2.5e+06	-14.288
2.4e+09	-2.5e+06	-13.657
2.5e+09	-2.5e+06	-13.332
2.6e+09	-2.5e+06	-13.264
2.7e+09	-2.5e+06	-13.427
2.8e+09	-2.5e+06	-13.228
2.9e+09	-2.5e+06	-13.249
3e+09	-2.5e+06	-12.93
3.1e+09	-2.5e+06	-12.329
3.2e+09	-2.5e+06	-11.919
3.3e+09	-2.5e+06	-11.407
3.4e+09	-2.5e+06	-10.814
3.5e+09	-2.5e+06	-10.567
3.6e+09	-2.5e+06	-10.041
3.7e+09	-2.5e+06	-9.9679
3.8e+09	-2.5e+06	-9.8266
3.9e+09	-2.5e+06	-9.7594
4e+09	-2.5e+06	-9.0018
4.1e+09	-2.5e+06	-8.5861
4.2e+09	-2.5e+06	-7.2508
4.3e+09	-2.5e+06	-6.6505
4.4e+09	-2.5e+06	-5.5184
4e+08	-2e+06	-19.37
5e+08	-2e+06	-19.037
6e+08	-2e+06	-18.74
7e+08	-2e+06	-18.622
8e+08	-2e+06	-18.694
9e+08	-2e+06	-18.802
1e+09	-2e+06	-18.186
1.1e+09	-2e+06	-17.263
1.2e+09	-2e+06	-16.982
1.3e+09	-2e+06	-17.205
1.4e+09	-2e+06	-16.697
1.5e+09	-2e+06	-16.333
1.6e+09	-2e+06	-15.776
1.7e+09	-2e+06	-16.079
1.8e+09	-2e+06	-16.194
1.9e+09	-2e+06	-15.91
2e+09	-2e+06	-15.039
2.1e+09	-2e+06	-14.678
2.2e+09	-2e+06	-14.591
2.3e+09	-2e+06	-14.296
2.4e+09	-2e+06	-13.66
2.5e+09	-2e+06	-13.343
2.6e+09	-2e+06	-13.271
2.7e+09	-2e+06	-13.436
2.8e+09	-2e+06	-13.238
2.9e+09	-2e+06	-13.258
3e+09	-2e+06	-12.934
3.1e+09	-2e+06	-12.331
3.2e+09	-2e+06	-11.926
3.3e+09	-2e+06	-11.406
3.4e+09	-2e+06	-10.818
3.5e+09	-2e+06	-10.573
3.6e+09	-2e+06	-10.052
3.7e+09	-2e+06	-9.9793
3.8e+09	-2e+06	-9.8351
3.9e+09	-2e+06	-9.7664
4e+09	-2e+06	-9.0114
4.1e+09	-2e+06	-8.589
4.2e+09	-2e+06	-7.254
4.3e+09	-2e+06	-6.6526
4.4e+09	-2e+06	-5.518
4e+08	-1.5e+06	-19.379
5e+08	-1.5e+06	-19.044
6e+08	-1.5e+06	-18.749
7e+08	-1.5e+06	-18.628
8e+08	-1.5e+06	-18.704
9e+08	-1.5e+06	-18.806
1e+09	-1.5e+06	-18.191
1.1e+09	-1.5e+06	-17.267
1.2e+09	-1.5e+06	-16.991
1.3e+09	-1.5e+06	-17.213
1.4e+09	-1.5e+06	-16.704
1.5e+09	-1.5e+06	-16.353
1.6e+09	-1.5e+06	-15.78
1.7e+09	-1.5e+06	-16.095
1.8e+09	-1.5e+06	-16.194
1.9e+09	-1.5e+06	-15.927
2e+09	-1.5e+06	-15.037
2.1e+09	-1.5e+06	-14.699
2.2e+09	-1.5e+06	-14.606
2.3e+09	-1.5e+06	-14.305
2.4e+09	-1.5e+06	-13.664
2.5e+09	-1.5e+06	-13.355
2.6e+09	-1.5e+06	-13.277
2.7e+09	-1.5e+06	-13.453
2.8e+09	-1.5e+06	-13.248
2.9e+09	-1.5e+06	-13.267
3e+09	-1.5e+06	-12.938
3.1e+09	-1.5e+06	-12.334
3.2e+09	-1.5e+06	-11.933
3.3e+09	-1.5e+06	-11.406
3.4e+09	-1.5e+06	-10.821
3.5e+09	-1.5e+06	-10.579
3.6e+09	-1.5e+06	-10.064
3.7e+09	-1.5e+06	-9.9908
3.8e+09	-1.5e+06	-9.843
3.9e+09	-1.5e+06	-9.7746
4e+09	-1.5e+06	-9.0204
4.1e+09	-1.5e+06	-8.5912
4.2e+09	-1.5e+06	-7.2552
4.3e+09	-1.5e+06	-6.6556
4.4e+09	-1.5e+06	-5.5277
4e+08	-1e+06	-19.387
5e+08	-1e+06	-19.05
6e+08	-1e+06	-18.759
7e+08	-1e+06	-18.634
8e+08	-1e+06	-18.724
9e+08	-1e+06	-18.81
1e+09	-1e+06	-18.194
1.1e+09	-1e+06	-17.271
1.2e+09	-1e+06	-16.999
1.3e+09	-1e+06	-17.232
1.4e+09	-1e+06	-16.711
1.5e+09	-1e+06	-16.361
1.6e+09	-1e+06	-15.783
1.7e+09	-1e+06	-16.11
1.8e+09	-1e+06	-16.194
1.9e+09	-1e+06	-15.934
2e+09	-1e+06	-15.034
2.1e+09	-1e+06	-14.709
2.2e+09	-1e+06	-14.611
2.3e+09	-1e+06	-14.313
2.4e+09	-1e+06	-13.677
2.5e+09	-1e+06	-13.357
2.6e+09	-1e+06	-13.283
2.7e+09	-1e+06	-13.461
2.8e+09	-1e+06	-13.259
2.9e+09	-1e+06	-13.276
3e+09	-1e+06	-12.943
3.1e+09	-1e+06	-12.336
3.2e+09	-1e+06	-11.94
3.3e+09	-1e+06	-11.415
3.4e+09	-1e+06	-10.824
3.5e+09	-1e+06	-10.585
3.6e+09	-1e+06	-10.075
3.7e+09	-1e+06	-10.002
3.8e+09	-1e+06	-9.8507
3.9e+09	-1e+06	-9.7819
4e+09	-1e+06	-9.0282
4.1e+09	-1e+06	-8.5931
4.2e+09	-1e+06	-7.2568
4.3e+09	-1e+06	-6.659
4.4e+09	-1e+06	-5.5271
4e+08	-5e+05	-19.399
5e+08	-5e+05	-19.058
6e+08	-5e+05	-18.772
7e+08	-5e+05	-18.643
8e+08	-5e+05	-18.736
9e+08	-5e+05	-18.819
1e+09	-5e+05	-18.202
1.1e+09	-5e+05	-17.279
1.2e+09	-5e+05	-17.012
1.3e+09	-5e+05	-17.243
1.4e+09	-5e+05	-16.722
1.5e+09	-5e+05	-16.372
1.6e+09	-5e+05	-15.79
1.7e+09	-5e+05	-16.128
1.8e+09	-5e+05	-16.197
1.9e+09	-5e+05	-15.944
2e+09	-5e+05	-15.035
2.1e+09	-5e+05	-14.723
2.2e+09	-5e+05	-14.619
2.3e+09	-5e+05	-14.325
2.4e+09	-5e+05	-13.683
2.5e+09	-5e+05	-13.371
2.6e+09	-5e+05	-13.293
2.7e+09	-5e+05	-13.472
2.8e+09	-5e+05	-13.272
2.9e+09	-5e+05	-13.289
3e+09	-5e+05	-12.951
3.1e+09	-5e+05	-12.342
3.2e+09	-5e+05	-11.95
3.3e+09	-5e+05	-11.419
3.4e+09	-5e+05	-10.832
3.5e+09	-5e+05	-10.594
3.6e+09	-5e+05	-10.091
3.7e+09	-5e+05	-10.016
3.8e+09	-5e+05	-9.8623
3.9e+09	-5e+05	-9.793
4e+09	-5e+05	-9.0412
4.1e+09	-5e+05	-8.5994
4.2e+09	-5e+05	-7.262
4.3e+09	-5e+05	-6.6656
4.4e+09	-5e+05	-5.5302
4e+08	0	-18.891
5e+08	0	-19.785
6e+08	0	-19.014
7e+08	0	-18.896
8e+08	0	-18.584
9e+08	0	-19.076
1e+09	0	-18.422
1.1e+09	0	-17.664
1.2e+09	0	-17.21
1.3e+09	0	-17.453
1.4e+09	0	-17.074
1.5e+09	0	-16.745
1.6e+09	0	-15.928
1.7e+09	0	-16.615
1.8e+09	0	-16.367
1.9e+09	0	-15.915
2e+09	0	-14.897
2.1e+09	0	-14.807
2.2e+09	0	-14.764
2.3e+09	0	-14.651
2.4e+09	0	-13.568
2.5e+09	0	-13.5
2.6e+09	0	-13.667
2.7e+09	0	-13.74
2.8e+09	0	-13.715
2.9e+09	0	-13.764
3e+09	0	-13.339
3.1e+09	0	-12.747
3.2e+09	0	-11.896
3.3e+09	0	-11.92
3.4e+09	0	-10.759
3.5e+09	0	-11.067
3.6e+09	0	-10.051
3.7e+09	0	-9.9157
3.8e+09	0	-9.9067
3.9e+09	0	-9.9133
4e+09	0	-9.6331
4.1e+09	0	-8.9243
4.2e+09	0	-8.158
4.3e+09	0	-7.4772
4.4e+09	0	-4.9858
4e+08	5e+05	-19.393
5e+08	5e+05	-19.053
6e+08	5e+05	-18.775
7e+08	5e+05	-18.635
8e+08	5e+05	-18.734
9e+08	5e+05	-18.805
1e+09	5e+05	-18.191
1.1e+09	5e+05	-17.264
1.2e+09	5e+05	-17.014
1.3e+09	5e+05	-17.24
1.4e+09	5e+05	-16.726
1.5e+09	5e+05	-16.411
1.6e+09	5e+05	-15.785
1.7e+09	5e+05	-16.146
1.8e+09	5e+05	-16.185
1.9e+09	5e+05	-15.942
2e+09	5e+05	-15.018
2.1e+09	5e+05	-14.731
2.2e+09	5e+05	-14.618
2.3e+09	5e+05	-14.334
2.4e+09	5e+05	-13.682
2.5e+09	5e+05	-13.386
2.6e+09	5e+05	-13.297
2.7e+09	5e+05	-13.48
2.8e+09	5e+05	-13.284
2.9e+09	5e+05	-13.296
3e+09	5e+05	-12.95
3.1e+09	5e+05	-12.34
3.2e+09	5e+05	-11.957
3.3e+09	5e+05	-11.25
3.4e+09	5e+05	-10.835
3.5e+09	5e+05	-10.602
3.6e+09	5e+05	-10.111
3.7e+09	5e+05	-10.033
3.8e+09	5e+05	-9.8739
3.9e+09	5e+05	-9.8057
4e+09	5e+05	-9.057
4.1e+09	5e+05	-8.604
4.2e+09	5e+05	-7.2672
4.3e+09	5e+05	-6.6728
4.4e+09	5e+05	-5.5288
4e+08	1e+06	-19.385
5e+08	1e+06	-19.041
6e+08	1e+06	-18.767
7e+08	1e+06	-18.621
8e+08	1e+06	-18.721
9e+08	1e+06	-18.789
1e+09	1e+06	-18.176
1.1e+09	1e+06	-17.247
1.2e+09	1e+06	-17.005
1.3e+09	1e+06	-17.228
1.4e+09	1e+06	-16.713
1.5e+09	1e+06	-16.397
1.6e+09	1e+06	-15.768
1.7e+09	1e+06	-16.138
1.8e+09	1e+06	-16.164
1.9e+09	1e+06	-15.928
2e+09	1e+06	-14.996
2.1e+09	1e+06	-14.72
2.2e+09	1e+06	-14.601
2.3e+09	1e+06	-14.32
2.4e+09	1e+06	-13.663
2.5e+09	1e+06	-13.374
2.6e+09	1e+06	-13.28
2.7e+09	1e+06	-13.464
2.8e+09	1e+06	-13.27
2.9e+09	1e+06	-13.282
3e+09	1e+06	-12.932
3.1e+09	1e+06	-12.32
3.2e+09	1e+06	-11.941
3.3e+09	1e+06	-11.226
3.4e+09	1e+06	-10.815
3.5e+09	1e+06	-10.583
3.6e+09	1e+06	-10.098
3.7e+09	1e+06	-10.017
3.8e+09	1e+06	-9.8563
3.9e+09	1e+06	-9.7869
4e+09	1e+06	-9.0401
4.1e+09	1e+06	-8.5809
4.2e+09	1e+06	-7.243
4.3e+09	1e+06	-6.649
4.4e+09	1e+06	-5.5013
4e+08	1.5e+06	-19.38
5e+08	1.5e+06	-19.033
6e+08	1.5e+06	-18.761
7e+08	1.5e+06	-18.61
8e+08	1.5e+06	-18.714
9e+08	1.5e+06	-18.776
1e+09	1.5e+06	-18.164
1.1e+09	1.5e+06	-17.234
1.2e+09	1.5e+06	-17
1.3e+09	1.5e+06	-17.219
1.4e+09	1.5e+06	-16.705
1.5e+09	1.5e+06	-16.387
1.6e+09	1.5e+06	-15.755
1.7e+09	1.5e+06	-16.135
1.8e+09	1.5e+06	-16.147
1.9e+09	1.5e+06	-15.916
2e+09	1.5e+06	-14.977
2.1e+09	1.5e+06	-14.715
2.2e+09	1.5e+06	-14.589
2.3e+09	1.5e+06	-14.311
2.4e+09	1.5e+06	-13.648
2.5e+09	1.5e+06	-13.366
2.6e+09	1.5e+06	-13.268
2.7e+09	1.5e+06	-13.453
2.8e+09	1.5e+06	-13.263
2.9e+09	1.5e+06	-13.272
3e+09	1.5e+06	-12.919
3.1e+09	1.5e+06	-12.305
3.2e+09	1.5e+06	-11.939
3.3e+09	1.5e+06	-11.207
3.4e+09	1.5e+06	-10.801
3.5e+09	1.5e+06	-10.57
3.6e+09	1.5e+06	-10.092
3.7e+09	1.5e+06	-10.007
3.8e+09	1.5e+06	-9.8452
3.9e+09	1.5e+06	-9.7756
4e+09	1.5e+06	-9.0296
4.1e+09	1.5e+06	-8.5631
4.2e+09	1.5e+06	-7.227
4.3e+09	1.5e+06	-6.6331
4.4e+09	1.5e+06	-5.491
4e+08	2e+06	-19.373
5e+08	2e+06	-19.024
6e+08	2e+06	-18.754
7e+08	2e+06	-18.598
8e+08	2e+06	-18.705
9e+08	2e+06	-18.762
1e+09	2e+06	-18.153
1.1e+09	2e+06	-17.221
1.2e+09	2e+06	-16.994
1.3e+09	2e+06	-17.221
1.4e+09	2e+06	-16.697
1.5e+09	2e+06	-16.376
1.6e+09	2e+06	-15.742
1.7e+09	2e+06	-16.132
1.8e+09	2e+06	-16.131
1.9e+09	2e+06	-15.904
2e+09	2e+06	-14.958
2.1e+09	2e+06	-14.71
2.2e+09	2e+06	-14.576
2.3e+09	2e+06	-14.303
2.4e+09	2e+06	-13.634
2.5e+09	2e+06	-13.359
2.6e+09	2e+06	-13.258
2.7e+09	2e+06	-13.444
2.8e+09	2e+06	-13.255
2.9e+09	2e+06	-13.263
3e+09	2e+06	-12.906
3.1e+09	2e+06	-12.292
3.2e+09	2e+06	-11.929
3.3e+09	2e+06	-11.189
3.4e+09	2e+06	-10.787
3.5e+09	2e+06	-10.558
3.6e+09	2e+06	-10.086
3.7e+09	2e+06	-9.9987
3.8e+09	2e+06	-9.8344
3.9e+09	2e+06	-9.7651
4e+09	2e+06	-9.0208
4.1e+09	2e+06	-8.5473
4.2e+09	2e+06	-7.2118
4.3e+09	2e+06	-6.6186
4.4e+09	2e+06	-5.4707
4e+08	2.5e+06	-19.365
5e+08	2.5e+06	-19.014
6e+08	2.5e+06	-18.748
7e+08	2.5e+06	-18.586
8e+08	2.5e+06	-18.698
9e+08	2.5e+06	-18.748
1e+09	2.5e+06	-18.14
1.1e+09	2.5e+06	-17.208
1.2e+09	2.5e+06	-16.99
1.3e+09	2.5e+06	-17.21
1.4e+09	2.5e+06	-16.7
1.5e+09	2.5e+06	-16.364
1.6e+09	2.5e+06	-15.73
1.7e+09	2.5e+06	-16.14
1.8e+09	2.5e+06	-16.114
1.9e+09	2.5e+06	-15.893
2e+09	2.5e+06	-14.94
2.1e+09	2.5e+06	-14.705
2.2e+09	2.5e+06	-14.585
2.3e+09	2.5e+06	-14.295
2.4e+09	2.5e+06	-13.62
2.5e+09	2.5e+06	-13.352
2.6e+09	2.5e+06	-13.246
2.7e+09	2.5e+06	-13.436
2.8e+09	2.5e+06	-13.249
2.9e+09	2.5e+06	-13.254
3e+09	2.5e+06	-12.894
3.1e+09	2.5e+06	-12.277
3.2e+09	2.5e+06	-11.92
3.3e+09	2.5e+06	-11.171
3.4e+09	2.5e+06	-10.775
3.5e+09	2.5e+06	-10.546
3.6e+09	2.5e+06	-10.081
3.7e+09	2.5e+06	-9.9898
3.8e+09	2.5e+06	-9.8239
3.9e+09	2.5e+06	-9.7554
4e+09	2.5e+06	-9.0126
4.1e+09	2.5e+06	-8.5309
4.2e+09	2.5e+06	-7.1959
4.3e+09	2.5e+06	-6.6033
4.4e+09	2.5e+06	-5.4525
4e+08	3e+06	-19.359
5e+08	3e+06	-19.004
6e+08	3e+06	-18.741
7e+08	3e+06	-18.577
8e+08	3e+06	-18.689
9e+08	3e+06	-18.736
1e+09	3e+06	-18.129
1.1e+09	3e+06	-17.195
1.2e+09	3e+06	-16.985
1.3e+09	3e+06	-17.201
1.4e+09	3e+06	-16.693
1.5e+09	3e+06	-16.354
1.6e+09	3e+06	-15.728
1.7e+09	3e+06	-16.137
1.8e+09	3e+06	-16.099
1.9e+09	3e+06	-15.883
2e+09	3e+06	-14.935
2.1e+09	3e+06	-14.702
2.2e+09	3e+06	-14.573
2.3e+09	3e+06	-14.296
2.4e+09	3e+06	-13.608
2.5e+09	3e+06	-13.346
2.6e+09	3e+06	-13.235
2.7e+09	3e+06	-13.426
2.8e+09	3e+06	-13.244
2.9e+09	3e+06	-13.246
3e+09	3e+06	-12.872
3.1e+09	3e+06	-12.274
3.2e+09	3e+06	-11.912
3.3e+09	3e+06	-11.155
3.4e+09	3e+06	-10.763
3.5e+09	3e+06	-10.536
3.6e+09	3e+06	-10.076
3.7e+09	3e+06	-9.9811
3.8e+09	3e+06	-9.825
3.9e+09	3e+06	-9.7457
4e+09	3e+06	-9.0047
4.1e+09	3e+06	-8.5164
4.2e+09	3e+06	-7.1827
4.3e+09	3e+06	-6.5907
4.4e+09	3e+06	-5.434
4e+08	3.5e+06	-19.355
5e+08	3.5e+06	-18.996
6e+08	3.5e+06	-18.74
7e+08	3.5e+06	-18.574
8e+08	3.5e+06	-18.682
9e+08	3.5e+06	-18.724
1e+09	3.5e+06	-18.12
1.1e+09	3.5e+06	-17.183
1.2e+09	3.5e+06	-16.982
1.3e+09	3.5e+06	-17.192
1.4e+09	3.5e+06	-16.688
1.5e+09	3.5e+06	-16.344
1.6e+09	3.5e+06	-15.718
1.7e+09	3.5e+06	-16.135
1.8e+09	3.5e+06	-16.084
1.9e+09	3.5e+06	-15.874
2e+09	3.5e+06	-14.919
2.1e+09	3.5e+06	-14.699
2.2e+09	3.5e+06	-14.563
2.3e+09	3.5e+06	-14.29
2.4e+09	3.5e+06	-13.596
2.5e+09	3.5e+06	-13.341
2.6e+09	3.5e+06	-13.236
2.7e+09	3.5e+06	-13.419
2.8e+09	3.5e+06	-13.238
2.9e+09	3.5e+06	-13.231
3e+09	3.5e+06	-12.862
3.1e+09	3.5e+06	-12.262
3.2e+09	3.5e+06	-11.904
3.3e+09	3.5e+06	-11.14
3.4e+09	3.5e+06	-10.753
3.5e+09	3.5e+06	-10.526
3.6e+09	3.5e+06	-10.084
3.7e+09	3.5e+06	-9.9732
3.8e+09	3.5e+06	-9.8172
3.9e+09	3.5e+06	-9.7374
4e+09	3.5e+06	-8.997
4.1e+09	3.5e+06	-8.5129
4.2e+09	3.5e+06	-7.1702
4.3e+09	3.5e+06	-6.5785
4.4e+09	3.5e+06	-5.4178
4e+08	4e+06	-19.363
5e+08	4e+06	-18.99
6e+08	4e+06	-18.748
7e+08	4e+06	-18.578
8e+08	4e+06	-18.676
9e+08	4e+06	-18.713
1e+09	4e+06	-18.111
1.1e+09	4e+06	-17.185
1.2e+09	4e+06	-16.98
1.3e+09	4e+06	-17.186
1.4e+09	4e+06	-16.685
1.5e+09	4e+06	-16.333
1.6e+09	4e+06	-15.709
1.7e+09	4e+06	-16.133
1.8e+09	4e+06	-16.071
1.9e+09	4e+06	-15.877
2e+09	4e+06	-14.905
2.1e+09	4e+06	-14.707
2.2e+09	4e+06	-14.554
2.3e+09	4e+06	-14.275
2.4e+09	4e+06	-13.585
2.5e+09	4e+06	-13.336
2.6e+09	4e+06	-13.227
2.7e+09	4e+06	-13.413
2.8e+09	4e+06	-13.263
2.9e+09	4e+06	-13.225
3e+09	4e+06	-12.852
3.1e+09	4e+06	-12.251
3.2e+09	4e+06	-11.906
3.3e+09	4e+06	-11.126
3.4e+09	4e+06	-10.743
3.5e+09	4e+06	-10.518
3.6e+09	4e+06	-10.082
3.7e+09	4e+06	-9.9666
3.8e+09	4e+06	-9.8108
3.9e+09	4e+06	-9.7304
4e+09	4e+06	-8.9911
4.1e+09	4e+06	-8.4998
4.2e+09	4e+06	-7.1581
4.3e+09	4e+06	-6.5673
4.4e+09	4e+06	-5.3921
4e+08	4.5e+06	-19.36
5e+08	4.5e+06	-18.983
6e+08	4.5e+06	-18.744
7e+08	4.5e+06	-18.569
8e+08	4.5e+06	-18.683
9e+08	4.5e+06	-18.702
1e+09	4.5e+06	-18.103
1.1e+09	4.5e+06	-17.174
1.2e+09	4.5e+06	-16.98
1.3e+09	4.5e+06	-17.178
1.4e+09	4.5e+06	-16.68
1.5e+09	4.5e+06	-16.323
1.6e+09	4.5e+06	-15.7
1.7e+09	4.5e+06	-16.131
1.8e+09	4.5e+06	-16.059
1.9e+09	4.5e+06	-15.867
2e+09	4.5e+06	-14.892
2.1e+09	4.5e+06	-14.706
2.2e+09	4.5e+06	-14.554
2.3e+09	4.5e+06	-14.269
2.4e+09	4.5e+06	-13.574
2.5e+09	4.5e+06	-13.332
2.6e+09	4.5e+06	-13.22
2.7e+09	4.5e+06	-13.407
2.8e+09	4.5e+06	-13.26
2.9e+09	4.5e+06	-13.219
3e+09	4.5e+06	-12.842
3.1e+09	4.5e+06	-12.25
3.2e+09	4.5e+06	-11.899
3.3e+09	4.5e+06	-11.111
3.4e+09	4.5e+06	-10.734
3.5e+09	4.5e+06	-10.51
3.6e+09	4.5e+06	-10.08
3.7e+09	4.5e+06	-9.9597
3.8e+09	4.5e+06	-9.8036
3.9e+09	4.5e+06	-9.7238
4e+09	4.5e+06	-8.9859
4.1e+09	4.5e+06	-8.4874
4.2e+09	4.5e+06	-7.1469
4.3e+09	4.5e+06	-6.5563
4.4e+09	4.5e+06	-5.3857
4e+08	5e+06	-19.357
5e+08	5e+06	-18.976
6e+08	5e+06	-18.741
7e+08	5e+06	-18.56
8e+08	5e+06	-18.676
9e+08	5e+06	-18.691
1e+09	5e+06	-18.095
1.1e+09	5e+06	-17.164
1.2e+09	5e+06	-16.979
1.3e+09	5e+06	-17.169
1.4e+09	5e+06	-16.676
1.5e+09	5e+06	-16.313
1.6e+09	5e+06	-15.691
1.7e+09	5e+06	-16.129
1.8e+09	5e+06	-16.046
1.9e+09	5e+06	-15.86
2e+09	5e+06	-14.879
2.1e+09	5e+06	-14.705
2.2e+09	5e+06	-14.545
2.3e+09	5e+06	-14.263
2.4e+09	5e+06	-13.564
2.5e+09	5e+06	-13.326
2.6e+09	5e+06	-13.213
2.7e+09	5e+06	-13.41
2.8e+09	5e+06	-13.257
2.9e+09	5e+06	-13.214
3e+09	5e+06	-12.834
3.1e+09	5e+06	-12.24
3.2e+09	5e+06	-11.893
3.3e+09	5e+06	-11.097
3.4e+09	5e+06	-10.725
3.5e+09	5e+06	-10.501
3.6e+09	5e+06	-10.078
3.7e+09	5e+06	-9.953
3.8e+09	5e+06	-9.7973
3.9e+09	5e+06	-9.7186
4e+09	5e+06	-8.9794
4.1e+09	5e+06	-8.4758
4.2e+09	5e+06	-7.1354
4.3e+09	5e+06	-6.5456
4.4e+09	5e+06	-5.3701
4e+08	5.5e+06	-19.353
5e+08	5.5e+06	-18.971
6e+08	5.5e+06	-18.738
7e+08	5.5e+06	-18.552
8e+08	5.5e+06	-18.672
9e+08	5.5e+06	-18.681
1e+09	5.5e+06	-18.088
1.1e+09	5.5e+06	-17.155
1.2e+09	5.5e+06	-16.98
1.3e+09	5.5e+06	-17.162
1.4e+09	5.5e+06	-16.673
1.5e+09	5.5e+06	-16.303
1.6e+09	5.5e+06	-15.685
1.7e+09	5.5e+06	-16.129
1.8e+09	5.5e+06	-16.035
1.9e+09	5.5e+06	-15.852
2e+09	5.5e+06	-14.868
2.1e+09	5.5e+06	-14.704
2.2e+09	5.5e+06	-14.537
2.3e+09	5.5e+06	-14.259
2.4e+09	5.5e+06	-13.554
2.5e+09	5.5e+06	-13.325
2.6e+09	5.5e+06	-13.207
2.7e+09	5.5e+06	-13.404
2.8e+09	5.5e+06	-13.255
2.9e+09	5.5e+06	-13.209
3e+09	5.5e+06	-12.826
3.1e+09	5.5e+06	-12.232
3.2e+09	5.5e+06	-11.88
3.3e+09	5.5e+06	-11.084
3.4e+09	5.5e+06	-10.718
3.5e+09	5.5e+06	-10.494
3.6e+09	5.5e+06	-10.078
3.7e+09	5.5e+06	-9.9462
3.8e+09	5.5e+06	-9.7922
3.9e+09	5.5e+06	-9.7126
4e+09	5.5e+06	-8.9753
4.1e+09	5.5e+06	-8.4654
4.2e+09	5.5e+06	-7.1256
4.3e+09	5.5e+06	-6.5462
4.4e+09	5.5e+06	-5.3565
4e+08	6e+06	-19.351
5e+08	6e+06	-18.968
6e+08	6e+06	-18.735
7e+08	6e+06	-18.546
8e+08	6e+06	-18.669
9e+08	6e+06	-18.673
1e+09	6e+06	-18.083
1.1e+09	6e+06	-17.147
1.2e+09	6e+06	-16.983
1.3e+09	6e+06	-17.169
1.4e+09	6e+06	-16.674
1.5e+09	6e+06	-16.294
1.6e+09	6e+06	-15.68
1.7e+09	6e+06	-16.129
1.8e+09	6e+06	-16.027
1.9e+09	6e+06	-15.847
2e+09	6e+06	-14.859
2.1e+09	6e+06	-14.707
2.2e+09	6e+06	-14.531
2.3e+09	6e+06	-14.255
2.4e+09	6e+06	-13.548
2.5e+09	6e+06	-13.323
2.6e+09	6e+06	-13.202
2.7e+09	6e+06	-13.402
2.8e+09	6e+06	-13.255
2.9e+09	6e+06	-13.205
3e+09	6e+06	-12.82
3.1e+09	6e+06	-12.226
3.2e+09	6e+06	-11.877
3.3e+09	6e+06	-11.072
3.4e+09	6e+06	-10.712
3.5e+09	6e+06	-10.489
3.6e+09	6e+06	-10.079
3.7e+09	6e+06	-9.9421
3.8e+09	6e+06	-9.7984
3.9e+09	6e+06	-9.7087
4e+09	6e+06	-8.9727
4.1e+09	6e+06	-8.4564
4.2e+09	6e+06	-7.1176
4.3e+09	6e+06	-6.5384
4.4e+09	6e+06	-5.3443
4e+08	6.5e+06	-19.352
5e+08	6.5e+06	-18.978
6e+08	6.5e+06	-18.735
7e+08	6.5e+06	-18.541
8e+08	6.5e+06	-18.668
9e+08	6.5e+06	-18.666
1e+09	6.5e+06	-18.08
1.1e+09	6.5e+06	-17.141
1.2e+09	6.5e+06	-16.986
1.3e+09	6.5e+06	-17.177
1.4e+09	6.5e+06	-16.674
1.5e+09	6.5e+06	-16.287
1.6e+09	6.5e+06	-15.677
1.7e+09	6.5e+06	-16.14
1.8e+09	6.5e+06	-16.018
1.9e+09	6.5e+06	-15.842
2e+09	6.5e+06	-14.85
2.1e+09	6.5e+06	-14.709
2.2e+09	6.5e+06	-14.527
2.3e+09	6.5e+06	-14.254
2.4e+09	6.5e+06	-13.542
2.5e+09	6.5e+06	-13.321
2.6e+09	6.5e+06	-13.198
2.7e+09	6.5e+06	-13.39
2.8e+09	6.5e+06	-13.255
2.9e+09	6.5e+06	-13.194
3e+09	6.5e+06	-12.814
3.1e+09	6.5e+06	-12.221
3.2e+09	6.5e+06	-11.875
3.3e+09	6.5e+06	-11.062
3.4e+09	6.5e+06	-10.708
3.5e+09	6.5e+06	-10.485
3.6e+09	6.5e+06	-10.091
3.7e+09	6.5e+06	-9.938
3.8e+09	6.5e+06	-9.7952
3.9e+09	6.5e+06	-9.6959
4e+09	6.5e+06	-8.9708
4.1e+09	6.5e+06	-8.4479
4.2e+09	6.5e+06	-7.1006
4.3e+09	6.5e+06	-6.5316
4.4e+09	6.5e+06	-5.3322
4e+08	7e+06	-19.35
5e+08	7e+06	-18.975
6e+08	7e+06	-18.732
7e+08	7e+06	-18.533
8e+08	7e+06	-18.665
9e+08	7e+06	-18.658
1e+09	7e+06	-18.074
1.1e+09	7e+06	-17.133
1.2e+09	7e+06	-16.988
1.3e+09	7e+06	-17.171
1.4e+09	7e+06	-16.684
1.5e+09	7e+06	-16.277
1.6e+09	7e+06	-15.671
1.7e+09	7e+06	-16.139
1.8e+09	7e+06	-16.01
1.9e+09	7e+06	-15.835
2e+09	7e+06	-14.842
2.1e+09	7e+06	-14.711
2.2e+09	7e+06	-14.531
2.3e+09	7e+06	-14.252
2.4e+09	7e+06	-13.534
2.5e+09	7e+06	-13.318
2.6e+09	7e+06	-13.194
2.7e+09	7e+06	-13.387
2.8e+09	7e+06	-13.254
2.9e+09	7e+06	-13.191
3e+09	7e+06	-12.808
3.1e+09	7e+06	-12.215
3.2e+09	7e+06	-11.88
3.3e+09	7e+06	-11.051
3.4e+09	7e+06	-10.703
3.5e+09	7e+06	-10.48
3.6e+09	7e+06	-10.092
3.7e+09	7e+06	-9.9322
3.8e+09	7e+06	-9.7918
3.9e+09	7e+06	-9.6921
4e+09	7e+06	-8.9685
4.1e+09	7e+06	-8.4377
4.2e+09	7e+06	-7.093
4.3e+09	7e+06	-6.5239
4.4e+09	7e+06	-5.32
4e+08	7.5e+06	-19.347
5e+08	7.5e+06	-18.969
6e+08	7.5e+06	-18.727
7e+08	7.5e+06	-18.525
8e+08	7.5e+06	-18.674
9e+08	7.5e+06	-18.647
1e+09	7.5e+06	-18.068
1.1e+09	7.5e+06	-17.122
1.2e+09	7.5e+06	-16.99
1.3e+09	7.5e+06	-17.164
1.4e+09	7.5e+06	-16.683
1.5e+09	7.5e+06	-16.265
1.6e+09	7.5e+06	-15.667
1.7e+09	7.5e+06	-16.137
1.8e+09	7.5e+06	-16.001
1.9e+09	7.5e+06	-15.829
2e+09	7.5e+06	-14.831
2.1e+09	7.5e+06	-14.712
2.2e+09	7.5e+06	-14.523
2.3e+09	7.5e+06	-14.247
2.4e+09	7.5e+06	-13.524
2.5e+09	7.5e+06	-13.315
2.6e+09	7.5e+06	-13.196
2.7e+09	7.5e+06	-13.382
2.8e+09	7.5e+06	-13.252
2.9e+09	7.5e+06	-13.186
3e+09	7.5e+06	-12.799
3.1e+09	7.5e+06	-12.207
3.2e+09	7.5e+06	-11.875
3.3e+09	7.5e+06	-11.038
3.4e+09	7.5e+06	-10.697
3.5e+09	7.5e+06	-10.473
3.6e+09	7.5e+06	-10.092
3.7e+09	7.5e+06	-9.9251
3.8e+09	7.5e+06	-9.7857
3.9e+09	7.5e+06	-9.6868
4e+09	7.5e+06	-8.9637
4.1e+09	7.5e+06	-8.4265
4.2e+09	7.5e+06	-7.0833
4.3e+09	7.5e+06	-6.5145
4.4e+09	7.5e+06	-5.3053
4e+08	8e+06	-19.342
5e+08	8e+06	-18.962
6e+08	8e+06	-18.722
7e+08	8e+06	-18.516
8e+08	8e+06	-18.667
9e+08	8e+06	-18.637
1e+09	8e+06	-18.061
1.1e+09	8e+06	-17.113
1.2e+09	8e+06	-16.991
1.3e+09	8e+06	-17.154
1.4e+09	8e+06	-16.679
1.5e+09	8e+06	-16.251
1.6e+09	8e+06	-15.669
1.7e+09	8e+06	-16.131
1.8e+09	8e+06	-15.989
1.9e+09	8e+06	-15.818
2e+09	8e+06	-14.82
2.1e+09	8e+06	-14.71
2.2e+09	8e+06	-14.514
2.3e+09	8e+06	-14.24
2.4e+09	8e+06	-13.515
2.5e+09	8e+06	-13.309
2.6e+09	8e+06	-13.189
2.7e+09	8e+06	-13.375
2.8e+09	8e+06	-13.25
2.9e+09	8e+06	-13.179
3e+09	8e+06	-12.791
3.1e+09	8e+06	-12.2
3.2e+09	8e+06	-11.868
3.3e+09	8e+06	-11.022
3.4e+09	8e+06	-10.688
3.5e+09	8e+06	-10.465
3.6e+09	8e+06	-10.089
3.7e+09	8e+06	-9.9149
3.8e+09	8e+06	-9.7796
3.9e+09	8e+06	-9.679
4e+09	8e+06	-8.9574
4.1e+09	8e+06	-8.4138
4.2e+09	8e+06	-7.0738
4.3e+09	8e+06	-6.5026
4.4e+09	8e+06	-5.2906
4e+08	8.5e+06	-19.337
5e+08	8.5e+06	-18.954
6e+08	8.5e+06	-18.714
7e+08	8.5e+06	-18.504
8e+08	8.5e+06	-18.658
9e+08	8.5e+06	-18.623
1e+09	8.5e+06	-18.051
1.1e+09	8.5e+06	-17.1
1.2e+09	8.5e+06	-16.99
1.3e+09	8.5e+06	-17.144
1.4e+09	8.5e+06	-16.674
1.5e+09	8.5e+06	-16.236
1.6e+09	8.5e+06	-15.66
1.7e+09	8.5e+06	-16.125
1.8e+09	8.5e+06	-15.976
1.9e+09	8.5e+06	-15.807
2e+09	8.5e+06	-14.819
2.1e+09	8.5e+06	-14.707
2.2e+09	8.5e+06	-14.503
2.3e+09	8.5e+06	-14.242
2.4e+09	8.5e+06	-13.502
2.5e+09	8.5e+06	-13.291
2.6e+09	8.5e+06	-13.179
2.7e+09	8.5e+06	-13.367
2.8e+09	8.5e+06	-13.244
2.9e+09	8.5e+06	-13.171
3e+09	8.5e+06	-12.771
3.1e+09	8.5e+06	-12.198
3.2e+09	8.5e+06	-11.86
3.3e+09	8.5e+06	-11.005
3.4e+09	8.5e+06	-10.678
3.5e+09	8.5e+06	-10.454
3.6e+09	8.5e+06	-10.086
3.7e+09	8.5e+06	-9.8929
3.8e+09	8.5e+06	-9.7813
3.9e+09	8.5e+06	-9.6703
4e+09	8.5e+06	-8.9602
4.1e+09	8.5e+06	-8.3995
4.2e+09	8.5e+06	-7.0618
4.3e+09	8.5e+06	-6.4894
4.4e+09	8.5e+06	-5.2733
4e+08	9e+06	-19.317
5e+08	9e+06	-18.932
6e+08	9e+06	-18.692
7e+08	9e+06	-18.478
8e+08	9e+06	-18.637
9e+08	9e+06	-18.596
1e+09	9e+06	-18.029
1.1e+09	9e+06	-17.074
1.2e+09	9e+06	-16.976
1.3e+09	9e+06	-17.119
1.4e+09	9e+06	-16.656
1.5e+09	9e+06	-16.206
1.6e+09	9e+06	-15.638
1.7e+09	9e+06	-16.104
1.8e+09	9e+06	-15.95
1.9e+09	9e+06	-15.781
2e+09	9e+06	-14.793
2.1e+09	9e+06	-14.691
2.2e+09	9e+06	-14.48
2.3e+09	9e+06	-14.22
2.4e+09	9e+06	-13.476
2.5e+09	9e+06	-13.27
2.6e+09	9e+06	-13.157
2.7e+09	9e+06	-13.345
2.8e+09	9e+06	-13.226
2.9e+09	9e+06	-13.149
3e+09	9e+06	-12.746
3.1e+09	9e+06	-12.174
3.2e+09	9e+06	-11.838
3.3e+09	9e+06	-10.975
3.4e+09	9e+06	-10.655
3.5e+09	9e+06	-10.431
3.6e+09	9e+06	-10.067
3.7e+09	9e+06	-9.8666
3.8e+09	9e+06	-9.7589
3.9e+09	9e+06	-9.6479
4e+09	9e+06	-8.9392
4.1e+09	9e+06	-8.372
4.2e+09	9e+06	-7.0364
4.3e+09	9e+06	-6.463
4.4e+09	9e+06	-5.2437
4e+08	9.5e+06	-19.249
5e+08	9.5e+06	-18.865
6e+08	9.5e+06	-18.628
7e+08	9.5e+06	-18.413
8e+08	9.5e+06	-18.567
9e+08	9.5e+06	-18.522
1e+09	9.5e+06	-17.971
1.1e+09	9.5e+06	-17
1.2e+09	9.5e+06	-16.926
1.3e+09	9.5e+06	-17.046
1.4e+09	9.5e+06	-16.59
1.5e+09	9.5e+06	-16.129
1.6e+09	9.5e+06	-15.568
1.7e+09	9.5e+06	-16.035
1.8e+09	9.5e+06	-15.876
1.9e+09	9.5e+06	-15.708
2e+09	9.5e+06	-14.72
2.1e+09	9.5e+06	-14.627
2.2e+09	9.5e+06	-14.408
2.3e+09	9.5e+06	-14.151
2.4e+09	9.5e+06	-13.403
2.5e+09	9.5e+06	-13.2
2.6e+09	9.5e+06	-13.096
2.7e+09	9.5e+06	-13.276
2.8e+09	9.5e+06	-13.16
2.9e+09	9.5e+06	-13.08
3e+09	9.5e+06	-12.675
3.1e+09	9.5e+06	-12.103
3.2e+09	9.5e+06	-11.778
3.3e+09	9.5e+06	-10.898
3.4e+09	9.5e+06	-10.586
3.5e+09	9.5e+06	-10.361
3.6e+09	9.5e+06	-10.014
3.7e+09	9.5e+06	-9.794
3.8e+09	9.5e+06	-9.6897
3.9e+09	9.5e+06	-9.5783
4e+09	9.5e+06	-8.8701
4.1e+09	9.5e+06	-8.308
4.2e+09	9.5e+06	-6.9647
4.3e+09	9.5e+06	-6.3906
4.4e+09	9.5e+06	-5.1679
4e+08	1e+07	-19.071
5e+08	1e+07	-18.683
6e+08	1e+07	-18.448
7e+08	1e+07	-18.23
8e+08	1e+07	-18.388
9e+08	1e+07	-18.338
1e+09	1e+07	-17.789
1.1e+09	1e+07	-16.816
1.2e+09	1e+07	-16.755
1.3e+09	1e+07	-16.863
1.4e+09	1e+07	-16.415
1.5e+09	1e+07	-15.942
1.6e+09	1e+07	-15.389
1.7e+09	1e+07	-15.856
1.8e+09	1e+07	-15.692
1.9e+09	1e+07	-15.525
2e+09	1e+07	-14.538
2.1e+09	1e+07	-14.454
2.2e+09	1e+07	-14.227
2.3e+09	1e+07	-13.972
2.4e+09	1e+07	-13.222
2.5e+09	1e+07	-13.022
2.6e+09	1e+07	-12.916
2.7e+09	1e+07	-13.096
2.8e+09	1e+07	-12.985
2.9e+09	1e+07	-12.883
3e+09	1e+07	-12.496
3.1e+09	1e+07	-11.924
3.2e+09	1e+07	-11.599
3.3e+09	1e+07	-10.712
3.4e+09	1e+07	-10.408
3.5e+09	1e+07	-10.181
3.6e+09	1e+07	-9.8404
3.7e+09	1e+07	-9.6145
3.8e+09	1e+07	-9.5123
3.9e+09	1e+07	-9.3903
4e+09	1e+07	-8.6935
4.1e+09	1e+07	-8.1266
4.2e+09	1e+07	-6.7853
4.3e+09	1e+07	-6.2116
4.4e+09	1e+07	-4.9848
4e+08	1.05e+07	-18.694
5e+08	1.05e+07	-18.306
6e+08	1.05e+07	-18.07
7e+08	1.05e+07	-17.848
8e+08	1.05e+07	-18.022
9e+08	1.05e+07	-17.955
1e+09	1.05e+07	-17.41
1.1e+09	1.05e+07	-16.435
1.2e+09	1.05e+07	-16.373
1.3e+09	1.05e+07	-16.483
1.4e+09	1.05e+07	-16.041
1.5e+09	1.05e+07	-15.555
1.6e+09	1.05e+07	-15.013
1.7e+09	1.05e+07	-15.49
1.8e+09	1.05e+07	-15.313
1.9e+09	1.05e+07	-15.145
2e+09	1.05e+07	-14.159
2.1e+09	1.05e+07	-14.083
2.2e+09	1.05e+07	-13.849
2.3e+09	1.05e+07	-13.595
2.4e+09	1.05e+07	-12.842
2.5e+09	1.05e+07	-12.646
2.6e+09	1.05e+07	-12.541
2.7e+09	1.05e+07	-12.721
2.8e+09	1.05e+07	-12.612
2.9e+09	1.05e+07	-12.507
3e+09	1.05e+07	-12.117
3.1e+09	1.05e+07	-11.546
3.2e+09	1.05e+07	-11.225
3.3e+09	1.05e+07	-10.33
3.4e+09	1.05e+07	-10.033
3.5e+09	1.05e+07	-9.8073
3.6e+09	1.05e+07	-9.4727
3.7e+09	1.05e+07	-9.2367
3.8e+09	1.05e+07	-9.141
3.9e+09	1.05e+07	-9.0185
4e+09	1.05e+07	-8.3236
4.1e+09	1.05e+07	-7.7503
4.2e+09	1.05e+07	-6.4138
4.3e+09	1.05e+07	-5.8402
4.4e+09	1.05e+07	-4.6224
4e+08	1.1e+07	-18.027
5e+08	1.1e+07	-17.625
6e+08	1.1e+07	-17.401
7e+08	1.1e+07	-17.176
8e+08	1.1e+07	-17.34
9e+08	1.1e+07	-17.269
1e+09	1.1e+07	-16.729
1.1e+09	1.1e+07	-15.764
1.2e+09	1.1e+07	-15.7
1.3e+09	1.1e+07	-15.799
1.4e+09	1.1e+07	-15.365
1.5e+09	1.1e+07	-14.866
1.6e+09	1.1e+07	-14.336
1.7e+09	1.1e+07	-14.81
1.8e+09	1.1e+07	-14.631
1.9e+09	1.1e+07	-14.472
2e+09	1.1e+07	-13.479
2.1e+09	1.1e+07	-13.421
2.2e+09	1.1e+07	-13.171
2.3e+09	1.1e+07	-12.918
2.4e+09	1.1e+07	-12.153
2.5e+09	1.1e+07	-11.971
2.6e+09	1.1e+07	-11.864
2.7e+09	1.1e+07	-12.046
2.8e+09	1.1e+07	-11.958
2.9e+09	1.1e+07	-11.832
3e+09	1.1e+07	-11.44
3.1e+09	1.1e+07	-10.872
3.2e+09	1.1e+07	-10.551
3.3e+09	1.1e+07	-9.6508
3.4e+09	1.1e+07	-9.3613
3.5e+09	1.1e+07	-9.1355
3.6e+09	1.1e+07	-8.8066
3.7e+09	1.1e+07	-8.5629
3.8e+09	1.1e+07	-8.4715
3.9e+09	1.1e+07	-8.3505
4e+09	1.1e+07	-7.6571
4.1e+09	1.1e+07	-7.0788
4.2e+09	1.1e+07	-5.7498
4.3e+09	1.1e+07	-5.177
4.4e+09	1.1e+07	-3.9588
4e+08	1.15e+07	-16.933
5e+08	1.15e+07	-16.531
6e+08	1.15e+07	-16.306
7e+08	1.15e+07	-16.079
8e+08	1.15e+07	-16.246
9e+08	1.15e+07	-16.17
1e+09	1.15e+07	-15.635
1.1e+09	1.15e+07	-14.668
1.2e+09	1.15e+07	-14.618
1.3e+09	1.15e+07	-14.704
1.4e+09	1.15e+07	-14.277
1.5e+09	1.15e+07	-13.765
1.6e+09	1.15e+07	-13.247
1.7e+09	1.15e+07	-13.719
1.8e+09	1.15e+07	-13.538
1.9e+09	1.15e+07	-13.378
2e+09	1.15e+07	-12.39
2.1e+09	1.15e+07	-12.339
2.2e+09	1.15e+07	-12.092
2.3e+09	1.15e+07	-11.833
2.4e+09	1.15e+07	-11.065
2.5e+09	1.15e+07	-10.887
2.6e+09	1.15e+07	-10.78
2.7e+09	1.15e+07	-10.962
2.8e+09	1.15e+07	-10.878
2.9e+09	1.15e+07	-10.748
3e+09	1.15e+07	-10.356
3.1e+09	1.15e+07	-9.7891
3.2e+09	1.15e+07	-9.472
3.3e+09	1.15e+07	-8.566
3.4e+09	1.15e+07	-8.2851
3.5e+09	1.15e+07	-8.0595
3.6e+09	1.15e+07	-7.7373
3.7e+09	1.15e+07	-7.4859
3.8e+09	1.15e+07	-7.3994
3.9e+09	1.15e+07	-7.2785
4e+09	1.15e+07	-6.5884
4.1e+09	1.15e+07	-6.0079
4.2e+09	1.15e+07	-4.6888
4.3e+09	1.15e+07	-4.1187
4.4e+09	1.15e+07	-2.905
4e+08	1.2e+07	-15.318
5e+08	1.2e+07	-14.914
6e+08	1.2e+07	-14.689
7e+08	1.2e+07	-14.461
8e+08	1.2e+07	-14.63
9e+08	1.2e+07	-14.55
1e+09	1.2e+07	-14.02
1.1e+09	1.2e+07	-13.053
1.2e+09	1.2e+07	-13.016
1.3e+09	1.2e+07	-13.089
1.4e+09	1.2e+07	-12.67
1.5e+09	1.2e+07	-12.146
1.6e+09	1.2e+07	-11.642
1.7e+09	1.2e+07	-12.11
1.8e+09	1.2e+07	-11.929
1.9e+09	1.2e+07	-11.767
2e+09	1.2e+07	-10.784
2.1e+09	1.2e+07	-10.742
2.2e+09	1.2e+07	-10.488
2.3e+09	1.2e+07	-10.221
2.4e+09	1.2e+07	-9.4739
2.5e+09	1.2e+07	-9.2888
2.6e+09	1.2e+07	-9.1828
2.7e+09	1.2e+07	-9.3652
2.8e+09	1.2e+07	-9.2831
2.9e+09	1.2e+07	-9.1509
3e+09	1.2e+07	-8.7594
3.1e+09	1.2e+07	-8.197
3.2e+09	1.2e+07	-7.8904
3.3e+09	1.2e+07	-6.9734
3.4e+09	1.2e+07	-6.7024
3.5e+09	1.2e+07	-6.4774
3.6e+09	1.2e+07	-6.1623
3.7e+09	1.2e+07	-5.9033
3.8e+09	1.2e+07	-5.8235
3.9e+09	1.2e+07	-5.7037
4e+09	1.2e+07	-5.0182
4.1e+09	1.2e+07	-4.438
4.2e+09	1.2e+07	-3.133
4.3e+09	1.2e+07	-2.5696
4.4e+09	1.2e+07	-1.353
